0,0,用户7395682987,0,80,0,0,0,549,0,_
1,0,Empty空城,11263,101,1894,74,74,4064,1,我的微信:W×id—vcwzdqazoe722我的QQ:1063001586 你们可以加我的微信和QQ 要求学生党_
2,0,李西昂.,3,72,7,0,0,300,1,无骨无花.  无我无他._
3,0,小晴,0,10,0,0,0,76,0,_
4,0,油盐不进的大Soso,0,179,20,0,0,0,0,_
5,0,＃manman,0,141,9,0,0,283,0,_
6,0,飞速前进,19,2061,92,5,5,1940,0,_
7,0,小狮子敲可爱呀,4,156,30,1,1,387,1,mtjj_
8,0,”.ㄒ叚/(装),0,659,10,0,0,866,0,_
9,0,九格,0,18,1,0,0,1348,0,_
10,0,小可爱，安安 。,0,182,4,0,0,132,0,_
11,0,南南,279,283,70,27,27,1973,0,_
12,0,yrx昀朵,0,54,0,0,0,0,0,_
13,0,悠悠呀❤️❤️,1278,656,152,0,0,0,0,_
14,0,rong,149,91,35,77,77,90,0,_
15,0,敲甜的海芸吖！,57998,3107,5096,91,92,0,1,欢✨师父：婷婷，和苏苏迎✨闺蜜：琪琪，乐乐来✨徒儿：露西到✨小老婆：欣欣海✨粉丝名：小鱼儿芸✨最后，的✨农夫山泉有点甜，主✨不爱海芸有点悬。页✨爱你呦❤️俺最近开学了！周末更新！_
16,0,小艺,3,258,7,2,2,7967,0,_
17,0,甜甜的糖,142,375,45,45,45,20467,1,喜欢吃糖的人，心里都苦吗_
18,0,失信,0,19,12,0,0,168,0,_
19,0,天上人间,0,421,0,0,0,0,0,_
20,0,tuo骨D香鸡,0,35,1,0,0,9,0,_
21,0,用户9192181917512,430,301,23,127,129,2434,0,_
22,0,莲儿,688,500,162,72,73,310,0,_
23,0,夏沫103099,0,405,1,0,0,0,0,_
24,0,用户2330242304779,0,64,0,0,0,61,0,_
25,0,z欣欣欣欣,0,100,10,0,0,573,1,再见容易 再见难_
26,0,Tina G,0,5,0,0,0,7,0,_
27,0,关键词,173,68,37,6,6,1307,0,_
28,0,匆匆那年,23,146,5,7,28,206,0,_
29,0,米老头,0,592,5,0,0,947,0,_
30,0,池鱼,0,92,0,0,0,1625,0,_
31,0,小吴同学,0,26,1,0,0,64,0,_
32,0,记忆╰爱过后的破损╮,0,1286,11,0,0,7950,0,_
33,0,用户4541159241805,0,8,1,0,0,6,0,_
34,0,菁菁,83,22,28,24,24,49,0,_
35,0,败笔.,196,161,69,16,18,551,1,💓💓💓💓💓_
36,0,小乖の,107,829,29,19,128,1494,0,_
37,0,薄荷糖,39,120,8,7,7,314,0,_
38,0,白雪公主,0,2216,26,0,0,8998,0,_
39,0,哦、哦、哦！,0,40,7,0,0,88,0,_
40,0,蔡大奎,0,223,9,0,0,2191,1,蔡徐坤_
41,0,"Child, mother",14,67,91,1,1,239,0,_
42,0,。。。。。,0,74,10,0,0,135,0,_
43,0,苏黎世之美,262,1050,104,3,9,28302,0,_
44,0,user5077400162428,10,1187,16,2,2,307,0,_
45,0,脸圆不是圆脸,29,134,39,7,10,0,1,厚德载物_
46,0,爱很简单,3,72,30,2,4,257,0,_
47,0,秦不太聪明.✨✨,603,1005,113,15,238,26004,1,💙日常喜欢德云社💙💛喜欢那群LYM 💛💜偏爱秦霄贤💜✨老秦爱好：华儿✨_
48,0,user2742332951149,51,101,17,11,12,320,0,_
49,0,温存,347,432,58,20,21,378,0,_
50,0,最佳记者小涵,46,304,50,21,21,68,1,铁肩担道义，妙手著文章_
51,0,手机用户95915590127,418,50,60,27,27,845,0,_
52,0,小丑八怪,0,50,3,0,0,2671,0,_
53,0,肥猫和他的姐姐,72,526,25,8,11,5557,1,期待本身就是很无力的东西_
54,0,用户8250547781421,0,37,2,0,2,1863,0,_
55,0,涵B,370,457,35,158,175,679,1,正确的爱是会让人变得越来越好_
56,0,青青草,67,74,25,14,14,480,0,_
57,0,看雨无声,53,219,45,0,0,0,0,_
58,0,用户8301737511432,0,46,0,0,0,190,0,_
59,0,不予.,8,322,10,1,2,12448,0,_
60,0,用户389057205142,0,12,2,0,0,3,0,_
61,0,薰衣草,7,53,4,2,3,66,0,_
62,0,黄秋明,117,861,40,21,21,1823,1,做自己喜欢做的事_
63,0,自家码头找员工,17,202,60,22,22,1307,1,🌞🌞招兵买马🌞🌞         近海船员 6000-8000         码头装卸 5000-6000         远洋船员 8000-10000包吃包住外地来报销车费。☎️15942431977_
64,0,幸运,509,493,16,0,0,0,0,_
65,0,长安几何yu,0,119,1,0,0,2941,0,_
66,0,糯米团纸(杨瑾芊),8,455,6,3,3,255,1,交通小学五年七班_
67,0,Buenos Aires,228,895,39,59,60,728,0,_
68,0,郝郝,0,167,1,0,0,103,0,_
69,0,用户2518376676622,0,8,0,0,0,0,0,_
70,0,绿绮.,0,59,15,0,0,564,0,_
71,0,老四,940,465,95,11,11,33630,0,_
72,0,@kjg莉,47,660,42,26,30,730,0,_
73,0,南烟.,3,77,108,1,1,13919,1,性格开朗不高冷好相处_
74,0,屿森.,0,41,2,0,0,318,0,_
75,0,珍珍,422,110,70,0,0,0,0,_
76,0,A_达,0,192,6,0,0,874,0,_
77,0,初心若雪,0,7,0,0,0,31,0,_
78,0,密宝,19,122,21,0,0,0,0,_
79,0,星辰大海,5,841,5,3,3,1755,0,_
80,0,心若琉璃,0,331,4,0,0,0,0,_
81,0,四叶草,163,14,9,54,54,157,1,本店经营各式各样童装，套装，价格合理从婴幼儿到中大童不等，喜欢就留言吧v:ztp0711_
82,0,用户3159798546332,0,390,12,0,0,0,0,_
83,0,飘雪季节,0,132,44,0,3,0,0,_
84,0,哒琳~,189,147,125,21,21,1653,0,_
85,0,霍盼,131,100,33,39,42,471,1,vx:15128216909_
86,0,郑佳荣,32,33,28,4,4,662,1,哈哈哈_
87,0,糖💗果,112,19,17,18,18,31,0,_
88,0,木各,40,298,27,8,14,36227,0,_
89,0, ,13,111,19,2,2,374,0,_
90,0,~如初,11,125,70,1,1,323,0,_
91,0,小胖熊🐻,0,18,0,0,0,6,0,_
92,0,圓臉曦曦,10,17,32,1,1,147,1,(◍˃̶ᗜ˂̶◍)✩ ~_
93,0,大眼萌辰👶,1318,254,185,59,59,3978,1,因为缺乏安全感 所以你本能的疏远了许多试图给你温暖的人_
94,0,bombom,0,68,2,0,0,71,0,_
95,0,香草🌾,34,135,8,0,0,0,0,_
96,0,SYZYGY 🦄🌈,0,125,10,0,0,4197,1,🦄👑  🇹🇭留学生 👑🦄_
97,0,氵函,25,373,42,3,3,0,1,(•౪• )鼠你可爱_
98,0,婷婷,0,280,8,0,0,2360,0,_
99,0,ai雅雅呐~,0,1496,21,0,0,2865,0,_
100,0,李yan颖,10,77,12,0,0,3035,1,谢谢你的关注_
101,0,GuiStar,0,53,3,0,0,0,0,_
102,0,X&p,169,1423,51,44,59,4594,1,是你的就是你的，不是你的留也留不住_
103,0,娇,57,18,17,10,10,164,0,_
104,0,对方正在输入...,1,155,8,1,1,261,0,_
105,0,xiao,12,54,21,1,1,22984,1,大一男孩子，欢迎加我_
106,0,哒哒哒～,0,20,24,0,0,51222,0,_
107,0,用户2704090807526,0,158,2,0,1,339,0,_
108,0,迷茫的兔子,14,316,38,21,21,680,0,_
109,0,孤雁,47,142,66,2,2,606,0,_
110,0,怡悦宝贝,695,75,63,0,0,0,0,_
111,0,一个小阿九呀,1,615,18,1,1,748,0,_
112,0,枏慕澂蠽,0,918,6,0,0,1255,0,_
113,0,☆邵唯一☆,131,253,22,20,20,668,0,_
114,0,Seven,570,110,77,24,24,59,1,快来宠我吖☺☺☺_
115,0,寒冰,173,140,36,39,43,474,1,生活情感，最初梦想_
116,0,💫,5,749,3,0,0,0,0,_
117,0,òᆺó,36,2897,17,5,5,15267,1,只是个路人_
118,0,偷吃糖的萝莉,22,1122,116,5,5,328,1,花花大哥，华晨宇，华晨宇，华晨宇。_
119,0,Koko ,36,121,21,14,14,294,0,_
