0,0,念奴娇k,0,1265,10,0,0,1946,0,_
1,0,随心,688,91,212,8,8,0,1,百善孝为先._
2,0,还好,12,23,48,0,0,0,0,_
3,0,飞扬,0,658,75,0,0,885,1,飞扬_
4,0,悲落,3417,105,404,85,85,0,1,唯独你包容我_
5,0,螺丝钉影视剪辑,0,32,1,0,0,2,1,感谢抖音，感谢关注我的朋友🔥一段故事，一眼温柔 ，一些领悟🔥用影视创造视觉盛宴，分享美好生活。🔥_
6,0,大师级,0,98,0,0,0,45,0,_
7,0,小苹果影视133919,175397,789,27696,111,138,467,1,❤️影视天地❤️❤️ 感谢抖音❤️❤️每日更新（1～2）❤️♥️➕18771370838❤️_
8,0,糖果🍬🍬🍬,11,3755,9,1,2,12560,0,_
9,0,海上明月,0,27,1,0,0,47,0,_
10,0,小熊影视剪影,0,12,0,0,0,18,0,_
11,0,用户446190926779,0,1338,4,0,0,13606,0,_
12,0,竹乡情土特产,1235,4741,676,48,49,2325,1,人生不意，坚强，坚强_
13,0,艾薇儿,4901,2711,269,748,749,32193,1,走路看风景，要领悟_
14,0,用户4851843366905,0,329,2,0,0,1223,0,_
15,0,禾舀,39,137,13,11,12,392,0,_
16,0,风铃铛🐱,12,329,11,2,9,4518,0,_
17,0,……,22,414,64,2,2,5911,0,_
18,0,十三弟看剧,0,28,2,0,4,161,1,感谢每一个点赞评论关注转发_
19,0,红烧味的符号,6,231,17,5,5,131,1,路漫漫其修远兮，不知道，不怀疑，不动摇，一个什么都不思索的人，心无旁骛地前行不止，什么？不科学？非主流？做不到？那是打的少了。站在巅峰的，才是最简单的快乐的……_
20,0,🌹🌹章囡,123,54,47,10,10,142,1,用来自心底的爱来对待和影响他人_
21,0,回忆,1,7,3,0,3,3646,0,_
22,0,美美,577,1956,147,109,109,8184,0,_
23,0,小罗,0,94,11,0,0,774,0,_
24,0,多多精彩影视剪辑,27297,4046,6189,146,177,0,1,逗乐每一天，关注我下个视频更精彩_
25,0,小妹剪辑,656,30,123,7,7,45,1,💕感谢抖音官方💕           💕每天更新时尚小姐姐💕💕每天更新时尚小哥哥💕     💕双击➕关注❤️_
26,0,波風水門,0,1373,7,0,0,127,0,_
27,0,慕冷萌[慕家]冰艳城,331,312,108,104,104,6028,1,我是慕冷萌，是慕家的老大，冰艳城的城主！拍的视频，纯属瞎玩，打发时间用的。_
28,0,用户7084881399586,0,928,5,0,0,15639,0,_
29,0,小小助理,0,10,0,0,0,17,1,💋感谢官方爸爸提供优质平台💋观看精彩电影体验美妙人生💋关注我生活会更加甜蜜幸福_
30,0,快乐小王子,3194,4945,3153,127,127,8621,1,亮亮和乐乐_
31,0,素芬,77,59,23,24,24,63,0,_
32,0,杜艳,0,42,19,0,0,273,0,_
33,0,哈哈皮影视剪辑,0,72,2,0,0,0,1,🌸感谢抖音官方🌸作品每天更新🌸喜欢的这都有_
34,0,腾冲艺居装饰一杨.,3915,4436,1393,147,148,0,1,宅者人之本，人因宅而立，宅因人而存，人宅相扶，感动天地：_
35,0,9124215071,0,836,111,0,1,633,0,_
36,0,浅浅,122,15,39,10,10,124,1,是谁的心呐，孤单的留下～_
37,0,搁浅240612848,0,4220,231,0,0,0,1,人生如戏，我丢！_
38,0,驴哥爱剪辑,76,44,160,7,7,178,1,感谢抖音爱剪辑电影的驴……_
39,0,IMAX｜超清剪辑,4,25,0,1,1,87,1,💫承蒙厚爱 感谢关注💫用心创作 超清剪辑💫每天更新 敬请关注💫感谢官方 感谢推荐_
40,0,☞,25,4368,78,4,4,5657,1,女，天蝎座♏_
41,0,旧梦随烟尘,0,59,20,0,0,89,0,_
42,0,爱你终抵不过你喜欢,13,1107,33,1,1,513,0,_
43,0,BJM,57,18,17,8,8,467,0,_
44,0,了了,0,38,6,0,0,74,0,_
45,0,微尘,79,3637,79,9,9,3087,0,_
46,0,北晨,122,217,9,0,0,871,0,_
47,0,多多🐟影视剪辑,0,17,2,0,0,5,1,承蒙厚爱💫感恩遇见❤️感谢抖音提供这么好的平台❤️_
48,0,丫,72,227,32,27,27,2221,0,_
49,0,猫毛虫影视剪辑,49,3,4,3,3,3,0,_
50,0,龅牙影视,97,9,4,3,3,11,1,🍀喜欢脑洞电影的剪辑手☀感谢与你们相遇，每天分享好电影🍉如果你喜欢留下小❤吧！😏_
51,0,用户3930012325029,0,18,0,0,0,8,0,_
52,0,小密（影视剪辑）,0,18,1,0,0,11,0,_
53,0,隔壁老张,0,1368,78,0,0,4706,0,_
54,0,周子轩,5,736,2,5,5,238,0,_
55,0,用户4444964773079,0,201,1,0,1,1160,0,_
56,0,sunshine,11,350,46,4,4,306,0,_
57,0,用户4232590759177,2,387,0,4,4,485,0,_
58,0,James,0,284,2,0,0,0,0,_
59,0,大地茫茫,10,182,17,4,4,7684,0,_
60,0,爱闹的波波,56,89,58,22,22,644,1,不要有和人斗的心，你要赢的是你自己。_
61,0,涛,22,1310,60,18,18,1085,0,_
62,0,用户5540616560822,0,23,0,0,1,20,0,_
63,0,1861985550,13,2112,90,3,3,1868,0,_
64,0,用户3839314723835,3,159,3,0,29,2280,0,_
65,0,舍不得,76,379,90,8,12,4952,0,_
66,0,乐天影视🔥,3,66,2,1,1,14,1,❤️感谢每一个关注，您的关注将是我努力更新的动力❤️每天更新影视，关注我从此不再闹剧荒🔥评论区每条评论都会仔细看并回复哦🔥感谢抖音平台分享_
67,0,神仙小朋友,8,2866,20,0,0,0,0,_
68,0,什么都玩的人,0,4970,41,0,0,78863,0,_
69,0,视频剪辑王哥,0,7,1,0,0,6,0,_
70,0,自由如风520,0,138,0,0,0,58,0,_
71,0,余生,309,83,87,26,28,141,0,_
72,0,用户4263994647247,0,10,0,0,0,2,0,_
73,0,出走半生,27,2636,35,18,18,235,1,每个人心中都有条路，叫诗与远方～_
74,0,黑日影视剪辑,0,11,1,0,0,18,1,关注我( •̥́ ˍ •̀ू )带你看更多好视频_
75,0,用户7699795570510,0,48,0,0,0,143,0,_
76,0,十四先生,240611,30,9052,14,14,64,0,_
77,0,6465958,0,1953,13,0,0,3289,0,_
78,0,天天影视🔥（精彩影视剪辑）,0,38,0,0,0,3,1,🔥感谢抖音，感谢每一个关注我的朋友_
79,0,喵喵兔😁,0,178,0,0,0,1669,1,不私聊！请勿扰！_
80,0,爱你一万年❤️,3,442,54,0,1,0,1,惠鲸填写1568_
81,0,so far so good 愚船长,788,386,66,0,0,0,0,_
82,0,心雨,0,1179,10,0,0,68,0,_
83,0,用户1553246634940,0,20,1,0,0,48,0,_
84,0,我刚给你打电话了。,0,62,0,0,0,1809,0,_
85,0,用户7944199160346,0,2990,6,0,0,6021,0,_
86,0,愿为红颜醉,153,417,104,6,7,342,0,_
87,0,新,1508,371,288,259,260,2215,0,_
88,0,美剪,1678,32,1324,1,11,253,1,💐💐感谢官方💐感谢抖音💐💐感谢关注🔥用心找剧🔥准时更新  原创剪辑☀励志☀传递正能量_
89,0,武燕萍,98,378,22,21,21,336,0,_
90,0,用户茹1892292482218,37,378,4,21,21,235,0,_
91,0,米帅,371,950,231,31,32,1861,1,一个好人_
92,0,龙星,2,3200,25,13,13,11137,0,_
93,0,@平静,405,312,192,0,0,0,0,_
94,0,じ曦宝☆小海豚🐬の,51,2788,47,26,30,981,0,_
95,0,影视剪辑·小马哥,236,30,36,7,214,1255,1,🌹影视剪辑爱好者，感谢所有支持。_
96,0,用户8238156414724,2237,1929,492,56,58,15284,0,_
97,0,Jbk,0,223,3,0,0,345,0,_
98,0,用户3130439712097,0,42,0,0,0,36,0,_
99,0,敏☀️姐,7,29,0,0,0,0,0,_
100,0,^_^,4,372,23,1,1,3567,0,_
101,0,陈晨,202,134,68,17,17,50,0,_
102,0,快乐阿收,107,1375,48,54,54,1189,1,分享快乐分享幸福好了，想看更多幸福请关注阿收_
103,0,林生,29,141,15,1,1,456,0,_
104,0,波仔,330,170,110,39,41,0,1,阳光温和，岁月静好，你若不来，我怎敢老去。_
105,0,罗湖坊,0,612,17,0,0,79,0,_
106,0,。,0,746,3,0,0,0,0,_
107,0,（xuchang ）（0610. ）,13,308,14,4,4,1133,0,_
108,0,若兰小姐        🐵,373,4504,7708,4,9,15,0,_
109,0,翻翻,93,51,21,2,2,30,0,_
110,0,℡涵暖♛筱暖,0,504,21,0,0,643,0,_
111,0,张歆葶,7541,766,1335,106,106,932,1,走遍山南海北，谁愿意陪_
112,0,♚♥♚cJ,1102,2076,113,300,300,2540,0,_
113,0,用户1375232683042,0,3819,47,0,0,6573,0,_
114,0,用户8777343325322,0,273,10,0,0,289,0,_
115,0,"z""",10,133,18,2,2,525,0,_
116,0,@川中子弟,212,2544,1111,18,20,933,0,_
117,0,小志🎬影视剪辑,0,35,4,0,0,4,1,人生如戏！品人生百态！小志影视剪辑！致敬人生精彩片段！_
118,0,希希爱芥末,3,325,10,0,0,1801,1,保持清醒_
119,0,胖丫丫,7,2192,87,1,3,304,0,_
120,0,咕噜咕噜响连天,0,223,1,0,0,57,0,_
121,0,果冻,0,4440,33,0,0,4568,0,_
122,0,用户574966712896,0,85,0,0,1,19,0,_
123,0,娘子汉,0,129,1,0,0,23,0,_
124,0,福恩缘,57,262,63,3,3,0,0,_
125,0,逃吧,0,151,5,0,0,116,0,_
126,0,@程大仙儿,4155,182,195,214,232,2399,1,后来和你长得像的人，我都会多看几眼_
127,0,曾深爱夜光绿,1357,156,135,4,4,3,1,和有趣的人一起浪费人生🥳_
128,0,兰...,382,151,233,17,21,517,0,_
129,0,林子,917,4778,150,160,312,0,0,_
130,0,VC丨高清剪辑姐,60,34,13,5,5,0,1,高清剪辑•影视精彩片段每天一更新🔁感谢爱心和关注🌹_
131,0,于莲,938,1817,1012,0,0,0,0,_
132,0,用户4337871068166,0,2641,30,0,0,5540,0,_
133,0,王子,0,128,1,0,0,290,0,_
134,0,泡菜鱼～,11,157,32,0,0,2988,1,🈚_
135,0,影子,63,4335,122,6,6,11698,0,_
136,0,A娟儿,18,46,3,0,0,0,0,_
137,0,@大小姐,0,17,0,0,0,92,0,_
138,0,sasa,0,68,10,0,0,417,0,_
139,0,李哲,14,2837,61,2,3,1754,0,_
140,0,苏氏鲜,137,1203,64,77,77,1281,1,爱笑的女孩，运气不会差，么么哒。_
141,0,用户1011965706672,0,85,0,0,0,22,0,_
142,0,梦飞啊,0,395,6,0,26,626,0,_
143,0,无妨,225,5,5,2,2,18,1,随缘_
144,0,喵喵喵,1233,444,108,42,50,12681,0,_
145,0,樵夫文案馆,1,96,80,0,0,174,0,_
146,0,影宝天下,13,22,12,1,1,1,1,每日分享精彩片段希望大家多多支持_
147,0,平凡又庸俗,130,21,67,3,3,162,0,_
148,0,赵氏影业,97217,82,3207,32,32,0,1,专注短视频广告创意一站式服务，分享幕后制作花絮，合作可私信_
149,0,👄,3,270,24,1,1,3659,1,看心情_
150,0,起点,578,1115,155,107,212,3322,0,_
151,0,娱乐影视,0,45,0,0,0,17,1,感谢抖音❤️💽关注我不迷路📺分享最好看的影视/电视🎞欢迎交流想看的片段_
152,0,用户3418105605501,0,1044,13,0,0,1316,0,_
153,0,我,0,342,6,0,0,63,0,_
154,0,云淡风轻@,32,57,28,0,0,0,0,_
155,0,帝,0,774,41,0,0,354,0,_
156,0,用户3917549617461,2,160,1,0,9,1184,0,_
157,0,你,64,3334,32,11,13,12681,1,开心就好_
158,0,.阿柒吖～,0,304,5,0,0,2038,1,ฅ՞•ﻌ•՞ฅ_
159,0,红颜追剧,0,86,12,0,0,19,1,✨视频剪辑爱好者✨承蒙各位厚爱、喜欢的朋友➕关注哦✨每日视频更新、以后会越来越精彩✨感谢官方💕感谢抖音💕_
160,0,李,1,98,45,0,1,22919,0,_
161,0,小阿放【影视剪辑】,162,390,42,7,7,0,1,❤️原创剪辑，拒绝搬运❤️感谢大家关注与支持❤️每天更新精彩原创影视❤️感谢抖音，感谢平台❤️如有侵权，联系删除❤️欢迎交流，爱分享～_
162,0,It’d have,0,3,1,0,0,145,0,_
163,0,用户3919582460436,0,882,68,0,0,4689,0,_
164,0,疯狂影视,1,45,1,0,0,30,1,感谢抖音让我们相聚💽每天更新告别剧荒📺欢迎👏交流想看的片段_
165,0,黄黄猪????,0,94,2,0,0,1835,1,🍇._
166,0,用户8218602065192,0,28,0,0,0,0,0,_
167,0,吉丽嘉洁具厂6967189,627,1127,208,81,81,2195,1,有努力奋斗的精神，事业才能成功_
168,0,云萱llllove,164,72,26,31,36,908,1,做自己_
169,0,溺水的鱼儿,0,96,12,0,0,141,0,_
170,0,妞妞。,0,161,9,0,0,520,0,_
171,0,Little7.,49,40,42,4,4,0,0,_
172,0,好嗨哟😜💁,15,64,9,3,3,182,0,_
173,0,Sonam Dolker🌈,373,64,95,1,1,0,1,🍬_
174,0,抖音_中韩双语主持人思密达,23080,4299,6241,102,1874,0,1,☆全球海外华人☆韩国站☆关注+点赞 分享更多🇰🇷美好瞬间!💖持续更新V中韩双语v欢迎围观❣~~~~~~~~~~~~~~~~~~~~~一起在智能终端跨境穿越吧!💐恭喜你!发现宝藏啦❣_
175,0,你莫愁,1937,459,167,135,135,1922,0,_
176,0,叮当猫,0,444,20,0,0,3894,0,_
177,0,苏若尘✿,51,517,45,7,7,6273,1,小苏同志，有自己开心的小日子。_
178,0,瑾瑾。,203,2208,233,6,7,0,1,青青子衿，悠悠我心。但为君故！沉吟至今…_
179,0,苏苏♡,0,401,12,0,0,3400,1,一只小朋友～_
180,0,💗✨,0,284,2,0,0,49,0,_
181,0,旺旺雪饼,8174,2502,1792,360,362,1932,1,活着是一种快乐的修行^ - ^_
182,0,🦞🦞🦞🦞🦞🦞🦞🦞,0,1522,8,0,0,5407,0,_
183,0,活该,1,342,1,1,1,1200,0,_
184,0,RachelLin,114,772,26,13,13,525,0,_
185,0,小彩虹,135,339,43,52,229,857,1,宠辱不惊_
186,0,小皮皮影视大全,94,16,5,5,5,140,1,🔆支持正能量🔆每天坚持更新🔆感谢抖音🔆支持原创_
187,0,用户1723044967501,7,149,4,3,3,230,0,_
188,0,你的杏仁核,0,22,5,0,0,160,0,_
189,0,小碧,0,5,1,0,0,16,0,_
190,0,哈湫,0,440,2,0,0,135,0,_
191,0,用户4710348579575,0,4601,147,0,0,8274,0,_
192,0,倔强,165,205,68,13,15,551,0,_
193,0,云☁️,0,3385,17,0,0,2608,1,安好_
194,0,一个人的幸福,71,114,31,8,8,1896,0,_
195,0,@剪映,27,143,2,5,5,41,1,💞音乐影视作品混搭剪辑🎸💞看的是心情，听的是感觉🎸💞影视剪辑，只需一部手机搞定🎸💞每天分享精彩片段，感恩关注🎸_
196,0,我要长肉,6,3347,96,0,0,0,0,_
197,0,萍儿,911,72,85,88,88,6274,0,_
198,0,三月三,628,392,111,48,51,4475,1,我没那么着急，你慢慢努力，我等你_
199,0,可可,0,1649,12,0,0,2587,0,_
200,0,萌萌酱剪辑,49,16,66,5,5,0,1,感谢抖音让我们相遇✨感谢关注我的朋友✨感谢点赞＋关注✨每天持续更新✨_
201,0,淺陌初心,0,1255,37,0,0,1049,0,_
202,0,【 特爱 • 剧分享 】,1160,1085,178,27,27,0,1,🎬专业影视原创剪辑，📸轻松追剧、看电影，🕰每天持续更新分享，🎧感谢优秀的你双击关注！🎤一杯敬官方、一杯敬老铁、一杯敬热门！_
203,0,メ◇懒散公主ら、,2,55,12,2,2,30,0,_
204,0,你光长肉了·,173,140,17,0,0,0,0,_
205,0,小仙女儿🌸,2581,90,147,301,324,222,1,爱生活，爱朵朵。_
206,0,Kimi,54,1857,34,11,13,156,0,_
207,0,MEVIUS,25654,1777,2225,33,115,0,1,日本留学，拍摄一些日本的生活和风景。记录生活，酷爱摄影。_
208,0,独yi无er,0,2062,10,0,0,0,1,腹黑加笑点低……_
209,0,橙汁xian,168,597,61,26,27,0,0,_
210,0,空心影视,0,44,2,0,1,0,1,✨视频剪辑爱好者✨承蒙各位喜爱、喜欢的朋友们➕关注哦✨每日视频更新、以后会越来越精彩✨感谢您的支持和关注💕感谢官方💕感谢抖音✨_
211,0,匆匆那年,80,184,18,7,7,793,0,_
212,0,幸福,2797,286,248,191,192,3360,1,只要本人高兴啥子都好说_
213,0,离爱只有半米远,46,149,38,11,12,448,1,愿你阳光下像个孩子，风雨里像个大人。_
214,0,刺客伍六七,399,561,40,179,182,1946,0,_
215,0,平平淡淡福一生,0,120,7,3,3,462,1,一个人，不怕做过什么怕的是将来后悔没做什么生命只有一次要么成就，要么将就不想将就，就去努力成就！_
216,0,一城烟雨,0,240,2,0,0,107,0,_
217,0,熟悉到陌生,0,712,6,0,0,321,1,唯我余空_
218,0,🖊沛沛,13,288,44,5,6,684,1,心若存爱，何惧忧与怖。_
219,0,🌸阿秋儿🌸,80,571,83,10,10,2262,0,_
220,0,一Lee阳光,9503,765,241,39,536,0,1,爱自己，爱生活！_
221,0,用户6495396809596,0,1218,3,0,0,22550,0,_
222,0,独殇若冰,0,87,2,0,0,3198,0,_
223,0,鑫爷  😏维纳斯婚纱摄影,519,1315,213,92,94,23063,1,人生没有如果～需要拍 婚纱照 艺术照 全家福等等拍照  联系我  有优惠  景鑫18509931175~_
224,0,樱子剪辑,286,50,9,12,12,0,1,🌈一个正能量的宝妈学习视频剪辑^_^💕感谢你这么好看还愿意关注 赞我💁每日更新，承蒙厚爱😊剪辑不易，望各位小主支持哦_
225,0,南龔,0,779,3,0,1,2687,0,_
226,0,胖超人,0,177,6,0,0,0,0,_
227,0,小昔米,536,92,68,77,77,238,1,想把宝宝每天的生活都能够记录下来_
228,0,举眼影视剪辑,0,27,0,0,0,0,0,_
229,0,反常比妖,198,835,184,10,49,0,1,早点结束_
230,0,哥是个传说,0,132,0,0,0,868,0,_
231,0, 天黑黑,17,1168,7,0,0,0,0,_
232,0,阿高,14,72,30,1,1,738,0,_
233,0,先森影视剪辑,0,48,0,0,0,18,1,✨视频剪辑爱好者✨承蒙各位喜爱、喜欢的朋友们➕关注哦✨每日视频更新、以后会越来越精彩💕感谢官方💕感谢抖音✨_
234,0,刘光军,20,17,24,1,2,170,0,_
235,0,叶修,0,496,36,0,0,228,0,_
236,0,国✨相,78,86,31,5,5,323,1,加油！加油！加油！_
237,0,夺笋啊,0,61,21,0,0,715,1,💩睡前原谅一切，醒来应该不问过往……_
238,0,小北爱剪,157,21,61,3,3,6,1,🌟感谢抖音 感谢粉丝🌟感谢支持 感谢喜欢_
239,0,越笙,27,316,27,9,13,28,1,越胜_
240,0,小么小太阳🔅,0,24,0,0,0,0,0,_
241,0,x,80,617,59,5,5,224,0,_
242,0,小龙女影视剪辑,0,44,2,0,0,52,1,感谢抖音官方💑用真心与大家交朋友以优质的作品带给你好心情期待你的关注与支持！祝各位帅哥哥，小姐姐永远年轻漂亮！💑_
243,0,Zong,375,529,553,7,9,0,1,创新科技，互联世界_
244,0,～妳是此生最美的風景🔥,21285,1125,1828,116,321,0,1,🍀️谢谢喜欢我❤🍀喜欢手势舞的指路抖音🍄365. day. happy（幼儿）🌼366. day. happy（成人）_
245,0,青风戏宇,0,2313,63,0,0,4973,0,_
246,0,湛江市赤坎区百姓路香果园水果店,639,1830,340,57,58,0,1,活得简单，把勤快当成生活习惯，有压力时，自己会娱乐减压，开心每一天！_
247,0,小口红,35,241,56,29,29,8,1,学习影视娱乐剪辑_
248,0,久橙影视剪辑,0,8,1,0,0,0,0,_
249,0,胡老师初中数学,0,15,1,0,0,5,1,近四十年的初中数学教学中，积累了稍许的经验，我将尽力帮孩子解惑助家长解疑。_
250,0,小洋,10,104,54,2,2,216,0,_
251,0,昔日重来,282,2179,66,79,80,7602,1,记住该记住的忘记该忘记的改变能改变的接受不能改变的。。_
252,0,用户2578627399382,35,354,4,22,22,747,0,_
253,0,白云,79140,2682,2510,730,962,0,1,开心过好每一天_
254,0,带刺的玫瑰12824,9,2040,74,0,0,0,0,_
255,0,Fyhsf,0,468,0,0,0,13,0,_
256,0,彩虹。,15,320,41,0,0,0,0,_
257,0,👨,7,31,68,2,2,157,0,_
258,0,dy113661,0,90,1,0,0,156,0,_
259,0,瑞 张,0,321,2,0,0,24,0,_
260,0,荷塘月S,413,1500,542,4,4,2158,1,人生得意须尽欢，莫使金樽空对月_
261,0,王亚楠,70018,3187,8306,203,207,0,1,成功者没有阶梯_
262,0,没名字也可以,114,89,55,13,17,356,0,_
263,0,静守己心、笑淡浮华,1464,411,241,88,118,2917,0,_
264,0,用户6225467787684,5,18,4,0,0,0,0,_
265,0,幸福是努力奋斗出来的,110,1807,76,5,5,0,1,幸福是努力奋斗出来的！_
266,0,小小🐠（互）,1193,3535,2375,34,49,2594,1,恕_
267,0,叶沫沫か,8,18,110,0,0,0,0,_
268,0,皓龙影视剪辑,33,8,8,2,2,84,1,每天更新正能量影视推荐_
269,0,人生沿途看风景,677,55,93,43,44,0,1,自己感觉好，就行。叫啥无所谓_
270,0,小丑,0,626,13,0,0,1399,0,_
271,0,书墨生香（蓉儿）,2537,664,351,94,94,116,1,"谢谢你的关注,又关必回_"
272,0,才人影视剪辑,0,10,1,0,0,14,1,感谢抖音平台每日更新作品喜欢的记得点个关注哦😋_
273,0,用户3771940358529,0,3406,22,0,0,3855,0,_
274,0,德.com,0,3633,255,0,0,88,0,_
275,0,谁能了然,53,1451,588,0,0,0,0,_
276,0,🐜l'm Niceღ,208,8,90,5,5,1109,1,来的挺早走的太快！_
277,0,路过你的时光,106,387,30,0,0,0,0,_
278,0,晨曦兄弟,103,4015,150,7,7,0,0,_
279,0,Augenstern,120,627,260,8,59,622,1,孤独症晚期_
280,0,朵朵宝贝,3337,1309,117,373,374,5514,1,只要精神不滑坡，赢得总比输得多。It's none of your business!_
281,0,安然如故·🦩,804,66,51,71,74,1899,1,做一个有意义的人_
282,0,@所谓伊人、   ???,411,4305,92,90,90,12567,1,生活总是要有点期待才能一往无前的走下去我们稍不努力 恐怕连自己的情怀都养不起_
283,0,查理影视剪辑,4,61,5,3,3,154,0,_
284,0,瑶宝儿😊,1651,2547,146,191,195,5968,1,怎么开心怎么过_
285,0,...,19,109,11,0,69,816,0,_
286,0,梦妮,76,183,80,16,16,499,0,_
287,0,波波旅（互）,0,287,29,0,0,0,1,关注我就关注你哦_
288,0,小提莫,0,172,0,0,0,150,0,_
289,0,🍡,253,447,8,13,575,12424,0,_
290,0,糊图图影视剪辑,5170,41,332,8,13,0,1,❤️坚持原创❤️感谢抖音❤️感谢关注_
291,0,朵拉 _,1086,211,176,35,44,1136,1,那些年你错过的女孩_
292,0,幕落,0,1258,5,0,0,2448,0,_
293,0,梦,43,337,16,12,12,167,0,_
294,0,用户9361203991357,0,3646,8,0,0,6140,0,_
295,0,Sml,0,29,1,0,0,39,0,_
296,0,笑红╮（╯＿╰）╭尘,0,4323,22,0,0,2886,0,_
297,0,雨曦,54,534,29,6,6,2221,0,_
298,0,致命的执着,101,127,56,21,39,1665,1,逢场作戏，就别做连续剧_
299,0,爱跳舞的荆州菇娘,11,79,105,1,17,208,1,谢谢你的关注感恩遇见拒绝私信_
300,0,我叫小杨,87,355,59,18,19,81,1,农业大学专科_
301,0,坏姐姐,33,547,17,10,10,999,0,_
302,0,健         士（鑫锐健身工作室）,1669,3243,1136,54,54,5702,1,鑫锐健身工作室（朝阳大悦城罗马西区36—B2商铺）专注     专攻   一件事_
303,0,珊珊,1703,100,243,182,184,0,0,_
304,0,柠檬^O^小姐姐,1390,4783,2488,47,53,15964,1,晋江市时代广场金溪路2号，金溪公寓，欢住酒店斜对面食汇友川湘菜美食，欢迎新老朋友大驾光临。联系电话15106043353_
305,0,榆次,12,376,21,3,5,734,0,_
306,0,千千寻,12,191,8,2,2,2928,0,_
307,0,若只如°初見,217,2435,107,18,18,654,0,_
308,0,柳,199038,226,2581,4,5,86876,1,九门一员_
309,0,猫咪的毛,0,54,2,0,0,74,0,_
310,0,夏尕妞,253,1487,166,55,191,11360,1,儿咂……我是你爸爸_
311,0,兜兜里的一颗糖,507,243,104,0,0,0,0,_
312,0,瞿欣燕,0,263,4,0,0,342,0,_
313,0,用户143496814,0,4057,32,0,0,6419,0,_
314,0,小🍓,277,1242,36,51,53,1223,0,_
315,0,qzuser,0,2357,40,0,0,8714,0,_
316,0,@小lian,749,679,1267,25,28,767,1,自己靠自己才是真理_
317,0,用户8811345645838,0,27,1,0,0,36,0,_
318,0,秃头少女爱剪辑,6896,99,465,25,26,41,1,一个爱剪辑爱护肤的秃头少女♥综艺、泰剧、韩剧什么都剪辑不定时发视频记住不要连赞👍爱你们_
319,0,芒果味的派大星,0,1062,5,0,0,649,0,_
320,0,信仰,0,37,5,0,0,170,0,_
321,0,明天，你好,0,356,120,0,0,9682,0,_
322,0,小汪剪辑,1,37,1,0,0,1,1,不定期更新💭有想看的可以私信我哇🍬_
323,0,今生@有约，，，，，不接受私聊,2407,305,144,308,460,2853,1,初心易得，始终难守_
324,0,蓝玲,0,3416,40,0,0,8872,0,_
325,0,谁都别想伤害我,0,92,19,0,1,46,0,_
326,0,依人,65,415,95,5,5,132,1,半盏清茶，观浮沉人生。一颗静心，看清凉世界！品茶、聊天、说故事、感谢关注🙏🙏🙏_
327,0,冷,13,3164,84,0,0,0,0,_
328,0,初心勿忘,6,627,11,3,3,3824,1,随缘随性，无聊看看，孤独的灵魂，如何得以安放_
329,0,金少年,37,166,19,0,0,2060,0,_
330,0,张家四小姐,729,4373,236,79,80,10742,1,一店：润美养生馆二店：骊妃海棠美容养生会所_
331,0,👿,0,326,23,0,0,554,0,_
332,0,皁䓡菿,710,390,184,36,36,19899,1,这个年纪我已不在将就、有些事情无法强求、该来的总会来、该走的也无法强留、懂我的自然会留下、_
333,0,张大勇,11,142,8,2,2,71,0,_
334,0,用户1885143092093,0,141,0,0,0,23,0,_
335,0,杨女士,1685,154,159,187,201,1830,1,“只要我在 她就不需要长大”       这句话真的太温柔了_
336,0,迷人的微笑,211,150,30,53,152,4023,1,站的越高，摔的越疼_
337,0,小鹿,0,46,28,0,0,0,0,_
338,0,爱吃水果,7,680,16,0,1,1846,0,_
339,0,语缨玪乔之花,0,826,1,0,0,1529,0,_
340,0,漫画迷上线了,17,42,13,3,3,1010,1,有好看的漫画记得推荐哦⊙∀⊙！_
341,0,我是仙～,0,107,1,0,0,37,0,_
342,0,Eleven,178,609,81,0,0,0,0,_
343,0,胡说影视,13445,50,5543,32,33,0,1,✨感谢抖音平台❤️            ✨感谢大家关注🙏 ✨分享精彩片段🔥_
344,0,夜巴黎,137,2655,111,33,33,982,0,_
345,0,李慧涛,0,552,10,1,1,5026,0,_
346,0,Da盆子,1883,579,139,168,168,2030,1,不求很好，只求最好！_
347,0,李伟欣¹⁸⁶⁵⁰东森锂电,66,206,46,5,5,133,1,心似白云常自在，意如流水任东西。_
348,0,用户8041679607831,81,39,18,21,24,2328,0,_
349,0,橙汁🍊,1051,1546,159,76,80,34325,0,_
350,0,赵子豪,4,1798,14,0,0,0,0,_
351,0,a因-梦而生,369964,2053,6633,63,144,7720,1,感谢亲们关注_
352,0,阿曼古丽；阿尤普,297,2949,190,16,16,3273,0,_
353,0,沐夕,34,36,914,4,4,2231,1,回来了_
354,0,浅夏淡过花开时,19,840,28,7,7,4111,1,先谋生，再谋爱_
355,0,user6223635003566,0,77,28,0,0,1463,0,_
356,0,小花👀影视剪辑,1013,19,97,2,2,6,1,🙏感谢抖音官方🎬影视剪辑爱好者💕承蒙厚爱 感恩关注_
357,0,鑫鑫影视,289,47,17,8,8,91,1,🥰   所有作品都是自我原创🎦   每天一部高清电影分享🌹   非常感谢你的点赞关注_
358,0,农村种草药,3,180,11,1,1,566,0,_
359,0,妮妮妈,1897,4969,257,417,421,15379,0,_
360,0,用户3261646014581,0,117,0,0,0,387,0,_
361,0,曦鵺,3,2202,15,1,1,18646,0,_
362,0,对手,0,60,15,0,0,1370,0,_
363,0,留在海边看霞光,329,562,11,0,0,0,0,_
364,0,我是兔兔的鼻子,0,1200,12,0,0,7662,0,_
365,0,娇娇r3bu,1616,124,432,66,66,1087,1,人随心走_
366,0,惊喜饰屋,1743,17,118,35,35,136,1,违❤️ 新:13458加98508_
367,0,贺朝谢俞,0,3361,48,0,0,7157,1,伪装者学渣_
368,0,小鸟有些恐高,477,166,61,40,52,2767,1,不是只有太阳才能发光，你也可以_
369,0,321,3,1308,30,1,2,3995,0,_
370,0,辞旧✨（互）,11,148,201,2,2,4,1,承蒙厚爱❤️2020一路同行🎈禁止未成年消费哟🎮唯一🐧：3482739440_
371,0,生命的礼赞,54,2199,75,1,1,20708,1,宠辱不惊，看庭前花开花落，去留无意，望天空云卷云舒。_
372,0,涂涂影视,8,11,65,1,2,14,1,看别人的故事，悟自己的人生。个人爱好剪辑，致敬经典电影，感谢推荐与分享，感谢抖音平台！（每日跟新三集）_
373,0,老街烈酒,224,4293,185,16,19,2449,1,谢谢大家关注比心_
374,0,宁榛,0,1240,8,0,1,323,0,_
375,0,用户6321333576225,1,853,2,0,8,74,0,_
376,0,小妞,537,452,72,55,59,16440,0,_
377,0,一点也不美,3904,349,529,20,20,0,1,我不找你了，说明我已经放下了_
378,0,王小尧,161,285,90,25,28,1412,1,让自己快乐都很难呢，为什么要在意别人！_
379,0,彩芹哟,2268,52,272,101,101,1255,1,关注   关注   关注_
380,0,吐槽君,6,1121,5,3,3,823,1,"猫和老鼠,CF,吃鸡,王者,mc我全部都玩。_"
381,0,绍银,648,627,123,52,53,2029,0,_
382,0,蝶🦋影,20,41,6,5,5,0,1,🌹感谢抖音，感恩有你🌹🌱一首旋律，一个故事🌱🌱时光不老，我们不散🌱_
383,0,不完美的。。。,5,14,6,3,3,20,0,_
384,0,Marco在泰国,0,46,1,4,4,134,1,👫🏼上海小伙子与泰国女朋友_
385,0,小萌｜影视剪辑,16,32,16,1,1,76,1,💫感谢抖音官方💫感谢提供优秀的创作平台💫原创剪辑 禁止搬运💫每天持续更新优秀影片_
386,0,啊噢,0,3885,17,0,0,18794,0,_
387,0,平安是福,349,265,56,67,69,819,0,_
388,0,Katherine,0,232,1,3,3,581,0,_
389,0,伊芙-Eve,438,330,214,72,293,0,1,W&Y品牌创始人时尚优雅、气质卓越、品味不凡微博：伊芙-Eve淘宝微博同步上新，敬请关注！♥️_
390,0,今夕何夕,0,1377,20,0,0,180,0,_
391,0,女皇剪辑🎬,10,54,2,4,4,2,1,🎬感谢抖音官方🎬感谢你的关注和支持🎬每天都会持续更新🎬欢迎各位私信_
392,0,@川影剪辑,4528,115,871,13,21,81,1,💗❤感谢抖音     感谢关注我的朋友❤💗❤💗原创🖥影视剪辑 长期更新💗❤❤💗一个剧情一个故事💗❤💗❤从此不再闹剧荒❤💗💗❤每天都在不断学习❤💗_
393,0,熊猫影视🐼,0,46,2,0,1,2,1,🎬感谢抖音，感谢你的关注💓✨爱剪辑 爱生活 希望我的作品打动到你💓_
394,0,loi77✨,374,2206,142,14,75,21995,1,RX✨_
395,0,菲菲爱剪辑,0,40,1,0,0,99,1,感谢抖音官方爸爸，感谢大家支持菲菲爱剪辑，每天正常更新中喜欢的点赞评论，有评论必回复传播正能量满满_
396,0,涛哥剪辑,53,120,38,1,1,132,1,✨视频剪辑爱好者✨承蒙各位喜爱、喜欢的朋友们➕关注哦✨每日视频更新、以后会越来越精彩💕感谢官方💕感谢抖音✨_
397,0,子卿某人.,0,2582,266,0,0,32637,1,人间值得._
398,0,小神bling精,141,562,161,5,5,4688,0,_
399,0,暖喵先生🎬,1,27,0,1,1,41,1,📢感谢官方 感谢朋友📢用心创作 原创剪辑📢每天感谢 感谢关注_
400,0,Caroyang,0,103,2,0,0,26,0,_
401,0,周计,0,86,3,0,0,7,0,_
402,0,李白牙（颜值主播）,17414,719,36183,11,11,0,1,每天早上6点30开屎直播，播累了我就下播，不累就一直播，libaiya123456_
403,0,丢了壳的蜗牛,2,2304,137,0,3,4266,0,_
404,0,小幸运🐷,0,180,16,0,0,0,0,_
405,0,坤🐏小迷妹,142,1452,34,8,24,0,1,愿你遇良人，眸光捻月色，锦绣路拥行。平生至此，欢喜是你                                                             ——王丽坤_
406,0,知于,6,523,6,3,3,1363,0,_
407,0,感恩的心（拒加微心）,552,366,117,44,46,0,1,美好的事物都值得爱_
408,0,用户5472929824901,37,71,1,13,14,1698,0,_
409,0,夜轩影,0,9,0,0,0,11,0,_
410,0,冯歆岩她爸,1381,1075,266,53,53,51551,1,琴棋书画_
411,0,柠檬🍋少女,244,706,66,34,34,1586,1,好好生活   慢慢相遇 🙋🏻‍♀️谢谢你们的关注路过点个赞噢！❤️_
412,0,颢影影视,19,46,1,4,4,20,1,💐感谢你的关注！非常宠粉，有求必应🌷感谢抖音，感谢官方正能量🌹一首音乐，看一部电影🌺一段视频，看百味人生🌸即使不火，也会每天更新🌼至同样爱电影的你🌻_
413,0,Yang,69,242,14,3,9,0,1,成年人的世界要干脆果断._
414,0,熊猫影视剪缉,6,11,3,2,3,2,0,_
415,0,月亮今晚不营业,20,957,39,3,3,2393,0,_
416,0,霸道小虎妞2,0,68,0,0,0,0,1,世上无难事，只怕有心人_
417,0,剪辑先生,55,99,53,4,7,595,1,时光正好！我们正年轻！感谢关注！感谢官方！每日为大家带来精彩影片！感谢能与你们相遇！_
418,0,苏儿健康果蔬生鲜,46,961,27,21,21,427,1,欢迎家胃8541051_
419,0,那小子真帅！,47,596,38,11,12,1875,0,_
420,0,白驹过隙,91,1009,110,21,75,1110,1,弥勒市十大杰出青年_
421,0,搞得懂不,4,2085,6,1,5,7143,0,_
422,0,抠图刻苦了会乐途俄罗斯人课题客服电话凑热,58,680,19,15,16,992,0,_
423,0,我叫MT,35,25,6,4,4,163,0,_
424,0,风一样的女子,86,134,69,4,7,0,1,活不成你想要的样子，何必强求，潇洒放手_
425,0,用户5799758303522,0,166,1,0,0,292,0,_
426,0,他,35,315,16,9,9,1140,0,_
427,0,Over again,324,1827,130,23,23,4056,0,_
428,0,梦,0,243,6,0,0,248,0,_
429,0,托托@,163,109,33,15,17,2278,0,_
430,0,💗依语诺💋,2309,1757,214,116,120,1978,1,生命可以随心所欲但不能随波逐流_
431,0,别怕 影子一直在,15,305,8,14,14,0,1,做一粒沙子，随风飘动，可有可无_
432,0,丑橘🍊,0,12,0,0,0,54,0,_
433,0,wodefak,17,362,12,5,6,6255,1,花浓_
434,0,做最好的自己,76,341,14,14,15,1353,0,_
435,0,玲珑美玉,20,61,55,2,2,3102,0,_
436,0,星晨,0,107,0,0,0,396,0,_
437,0,LGzw,0,28,7,0,0,24,0,_
438,0,Krystal,0,59,9,0,0,17,0,_
439,0,YC,0,80,39,0,0,376,0,_
440,0,用户3905378215154,0,948,3,0,0,0,0,_
441,0,莫莫学姐,59,2993,63,40,40,3953,1,马清煜_
442,0,曦＋娘娘＋蒲公英大区,91,4680,597,0,0,0,0,_
443,0,有锁骨的Katniss&,0,4706,106,0,0,0,0,_
444,0,敏敏,881,2513,168,78,78,9704,0,_
445,0,声风颜,192,4163,136,60,60,7851,0,_
446,0,conscience,0,1318,9,0,0,22940,0,_
447,0,用户452749065963,0,187,0,0,0,301,0,_
448,0,缘分,0,228,6,0,0,387,1,我需要抖音多认识有实力的你们，你们可以做朋友吗？_
449,0,阿瑄,0,2798,21,0,0,106,0,_
450,0,一块,0,505,13,0,0,2489,0,_
451,0,林。,134,259,49,14,18,2680,1,✨生活很好，记得微笑。_
452,0,用户571780756962,0,323,7,0,1,10971,0,_
453,0,大叔❤,2755,257,818,55,56,393,0,_
454,0,玲猪尔_,13996,524,504,659,660,17765,1,笨猪跌倒了爬起来在哭_
455,0,Laurus.,0,93,9,0,0,0,0,_
456,0,浴血。,395,514,81,0,0,0,0,_
457,0,世界加油,15,3457,11,33,36,4913,0,_
458,0,五星剪辑,892,387,70,14,14,30,1,没有撤退可言！_
459,0,时光映像,885,387,1949,96,96,1334,1,放飞心情、放飞自我，让我们一起领略世间繁华，看尽世间百态！_
460,0,小唯,105,444,26,6,91,1287,1,凡为医者，性情温雅，志必谦恭，动必礼节，举止和柔。_
461,0,沙雕,7,325,4,6,6,94,0,_
462,0,柠檬🍋汁的麻麻,461,878,319,14,26,1625,1,90后宝妈陪伴孩子、努力工作🧡🧡_
463,0,莹宝宝,42,1632,96,2,2,1936,0,_
464,0,陪伴是最长情的告白！,185,1991,39,0,0,0,0,_
465,0,Forget everything,0,28,0,0,0,11,0,_
466,0,逍遥自在,3067,223,205,51,59,6993,1,六安市裕安区韩摆渡镇棉场村_
467,0,用户8050977083282,0,492,3,0,0,1268,0,_
468,0,云飘飘,0,16,3,3,3,182,0,_
469,0,沧海一鸥,0,287,4,0,0,0,1,沧海一声笑，人间几回老。_
470,0,汤姆(Tom),26,300,14,9,10,2787,0,_
471,0,爱笑的女人,210,215,31,71,118,1611,1,世不遇你、 生无可喜_
472,0,♥レ流心逝月ソ♞ㄎ,4,667,19,1,1,1229,0,_
473,0,用户8909955602553,0,445,21,0,0,2072,0,_
474,0,大苏电影,4,54,0,2,2,14,1,❤️感谢抖音官方平台❤️😍感谢你那么优秀，还关注了我😍😘实力宠粉，你们的关注就是我的动力💪🎬追剧推荐：人人视频app🎬💼VX:sc841645629   QQ:841645629_
475,0,000000,26,211,5,0,0,0,0,_
476,0,用户5783449549906,0,3411,36,0,0,12665,0,_
477,0,千田,4,856,3,4,4,3345,1,是一个爱玩游戏的宅女，记录一些自己欢乐的时光。🤗_
478,0,聪,0,103,5,0,0,746,0,_
479,0,用户2669032247236,0,860,2,0,0,1885,0,_
480,0,若秋,0,16,44,0,0,0,0,_
481,0,坤达9200,17170,3327,3633,307,308,0,1,本人来自广安一个普通农村家庭，来渝打工就业维持生济持续多年，爱好文艺汇演，长江冬泳，瑜伽练习，注重养生。刷屏的你请点亮红心添加关注，谢谢你们的支持，守护与厚爱！🙏_
482,0,聚友正能量自媒体,4155,188,10493,2,2,0,1,想看什么剧都可以告诉我❤_
483,0,敏敏(๑• . •๑) ～,79,1890,46,21,21,3506,0,_
484,0,金宏,223,680,65,42,42,2013,0,_
485,0,奶油的拥抱,42,135,36,8,16,7437,1,夏天很温柔💂🏻‍♀️💂🏼💂🏼💂🏼_
486,0,尤人,237,182,105,38,39,198,0,_
487,0,用户354564341196,0,83,0,0,0,43,0,_
488,0,解忧追剧,0,136,35,0,0,0,1,不好意思啊 刚认识就喜欢你。点个关注呗！小宝贝儿❤感谢抖音好平台❤感谢大家的支持_
489,0,用户3968998436826,115,5000,22,19,19,1046,0,_
490,0,好几个点,0,464,10,0,0,0,0,_
491,0,清风（影视剪辑）,23582,34,5259,5,145,89,1,人生如戏，戏如人生，每天推送电影片段，分享生活与快乐，喜欢的宝宝们可以关注_
492,0,初见影视剪辑,740,424,434,5,5,0,1,🌈记录人间冷暖↑关注👏🏻              🌈 记录精彩瞬间         🌈 传播正能量    🌈 承蒙关照_
493,0,NISHUO..,3,317,14,0,0,0,0,_
494,0,初雪剪辑,36,75,91,2,2,0,1,爱电影爱追剧爱剪辑_
495,0,中华美食,977,206,220,31,35,1016,1,我若不坚强！懦弱给谁看！_
496,0,星星,67,1048,53,16,16,0,1,善良必须要带点锋芒……_
497,0,茗柒$墨元,1,2520,6,6,6,10770,0,_
498,0,飞,0,50,6,0,0,545,0,_
499,0,佛系的子小荣,10,30,5,6,6,16,1,"爱好，汉服，二次元cos,影视剪辑，艺术绘画，三分钟热度，不爱运动的佛系派中二青年，希望能够认识更多相同兴趣爱好的同好🙃️。_"
500,0,视频剪印,0,66,0,0,0,0,1,🎀👀感谢抖音感谢关注我的朋友🎀👀一段剧情一个故事🎀👀让你从此不再闹剧荒🎀👀承蒙不弃一路前进不负众望_
501,0,櫻珞,5,1432,77,0,3,2606,0,_
502,0,用户3141814695694,0,36,0,2,2,49,0,_
503,0,疯狂小陆哥,1014601,118,77773,17,20,1361,1,🌟用心去做好每一条视频🌈🌟如有侵权 请联系本人删除🌈🌟感谢抖音提供的短视频平台🌈🌟💌: Li13165818566(交流、合作)🌈_
504,0,铿锵芍药,46,258,22,6,6,3812,0,_
505,0,用户6373155986497,2,38,2,2,2,59,0,_
506,0,cc脾气暴躁,4,116,75,2,9,427,1,幸福是什么，幸福啊 是每天想着你就算分开着也幸福。我是燕秋，一个只想让更多人和好如初。_
507,0,❤️忘不掉的伤,3,39,4,3,3,19,1,谢谢你的关注_
508,0,爱剪辑的甄妮,890,59,45,19,19,95,1,💗每天持续更新精彩片段🔥💗喜欢点赞➕关注🔥💗感谢抖音   感谢官方 💕💗感谢每一位给我点赞的人😘💗想看什么私信我🌹_
509,0,用户499248414706,0,25,0,0,0,22,0,_
510,0,用户136834203549,0,25,0,0,0,21,0,_
511,0,用户3385745642299,0,60,0,2,2,92,0,_
512,0,用户4118283038757,0,26,0,0,0,9,0,_
513,0,Q凸凹曼Q,11,3358,37,4,6,45304,0,_
514,0,我推影视,0,76,0,0,0,118,1,🎥喜欢追剧📽分享优质影视📺喜欢记得关注_
515,0,用户8950242707399,0,25,0,0,0,21,0,_
516,0,爱拼的人,289,1099,620,8,52,2827,1,为了美好的生活！一起努力！💪💪分享励志正能量！感谢抖音平台！感谢关注！_
517,0,真跑者邹猩猩,873,2625,1148,74,113,2992,1,勇往直前超越极限_
518,0,ꕥ᭄浅💞梦꧔ꦿ¹³¹⁴（拒绝私聊,3110,470,469,58,60,0,1,不强迫自己，心安理得就好！_
519,0,露露🍋🍋,0,207,56,0,0,540,0,_
520,0,明见,1,71,1,1,1,62,0,_
521,0,增压器批发,6158,566,2095,7,9,93,0,_
522,0,女超人,0,164,4,0,0,12,0,_
523,0,❤️小小呆,0,29,1,1,1,33,1,我是一只小小鸟_
524,0,用户5838740798501,0,26,0,0,0,53,0,_
525,0,用户3423485252089,0,38,1,0,0,48,0,_
526,0,草色青,0,152,2,0,0,5,0,_
527,0,又见稻花香💕,371,4999,231,40,40,12255,1,珍惜眼前人 对从前的人 说再见💕_
528,0,超超呀,0,317,8,0,0,3137,0,_
529,0,用户9142183559265,215,586,109,11,14,2424,1,怎样开心怎样过_
530,0,FIGHTER,0,418,16,0,0,5847,0,_
531,0,我指着大海的方向,91,55,52,9,9,1008,1,我有个毛病，看到没点赞的就想点！_
532,0,大苹果,96,331,22,0,0,0,0,_
533,0,用户5217145378261,0,71,11,0,0,3,0,_
534,0,天塌了,35,205,24,3,5,5761,1,生活有望穿秋水的等待也会有意想不到的惊喜_
535,0,今生一场梦,119,70,30,11,11,13662,1,天空_
536,0,用户8545266205813,0,140,14,0,0,87,0,_
537,0,用户183354577097709,0,337,34,0,0,477,0,_
538,0,阡陌,0,2780,10,0,0,2932,0,_
539,0,叮咚叮,0,100,2,0,0,0,0,_
540,0,紫云,36,50,47,5,5,64138,1,喜欢宠物，喜欢美食，爱逛街，_
541,0,Chu🌻,945,207,545,38,38,1595,1,一杯敬明天，一杯敬过往💜_
542,0,来去来,0,111,6,0,0,48,0,_
543,0,小雨影视剪辑,0,39,0,0,0,72,1,❤感谢官方提供平台❤感谢点赞关注❤大家喜欢就关注❤用心做好每个作品❤一部电影一个故事_
544,0,小雅雅,3183,4640,416,313,314,4901,1,幸福其实很简单！只是要的多于少，心里知足就好！_
545,0,Ava,2304,375,425,35,35,1703,1,看过了人间百态，世态炎凉，但我依然热爱生活。_
546,0,倾寒,0,103,7,0,0,1181,1,qq:2119169792_
547,0,我不记得我是谁,93240,35,5778,2,7,60,1,感谢关注感谢抖音提供平台_
548,0,芳,51,834,107,0,0,0,0,_
549,0,张起灵,0,3208,2,0,0,72762,0,_
550,0,用户8322397381500,1865,1142,480,86,86,10203,0,_
551,0,用户9228364244709,0,474,2,0,0,819,0,_
552,0,三剑客剪辑,266,80,16,7,7,640,1,爱剪辑，分享更多优质瞬间！每日不定时更新！感谢抖音让我上热门呀！！_
553,0,黄家嗯嗯,152,165,37,13,13,1640,1,只想做真实的自己开心过好每一天_
554,0,颺,0,191,69,0,0,6,0,_
555,0,alivezyy,888,239,184,158,168,515,1,人生若只如初见_
556,0,逆着阳光,288,48,28,133,133,225,0,_
557,0,灰太狼,9,4998,16,9,9,2354,1,时间不等人_
558,0,笨小孩♪,2,291,3,0,14,790,0,_
559,0,顺其自自然,856,2309,928,25,31,2915,0,_
560,0,商雷125,0,365,26,0,0,2648,0,_
561,0,小冰爱剪辑,46276,45,6250,27,59,103,1,❤️剪辑不易感谢你们的关注❤️感谢抖音 感谢官方❤️非常宠粉 哦❤️既然进来就留下点回忆在走呗哈哈哈😄😄_
562,0,cloudy_queener123,325,2217,46,70,77,48976,0,_
563,0,用户772263942,0,3,0,0,0,3244,0,_
564,0,浩南儿,0,1587,190,0,3,5628,0,_
565,0,Mathlida,12,233,30,4,4,15653,1,终有弱水替沧海，再无相思寄巫山_
566,0,平凡,11,36,6,3,3,86,1,🌸欢迎欢迎🌸进来不关注的也欢迎！_
567,0,用户7370819199137,0,26,0,0,0,29,0,_
568,0,不明确。。。,0,52,16,0,0,41,0,_
569,0,徒手健身杰哥哥,820,4747,427,82,91,454,1,喜欢我就关注我吧_
570,0,用户2205502411591,0,22,0,0,0,4,0,_
571,0,田佳佳,63,159,28,13,13,402,0,_
572,0,小阿炎爱电影,51,112,66,2,2,2,1,❤️优质电影推荐，持续更新❤️感谢您的关注，欢迎留言❤️热爱影视剪辑，多多指教_
573,0,是芽芽y,0,47,1,0,0,93,0,_
574,0,刘丽,114,454,57,5,13,1094,1,现在幸福就好，以后谁知道。_
575,0,影视鉴赏,0,19,0,0,0,32,1,💚感谢官方提供平台💚感谢点赞关注💚一部电影💚一个故事💚大家喜欢就关注_
576,0,天乐影视剪辑,1314,1590,1199,18,18,504,1,分享好剧，分享快乐用心创作，开心互动_
577,0,用户7573365152806,2,37,0,1,1,56,0,_
578,0,用户424956504601,0,4,0,0,0,29,0,_
579,0,用户9456778346066,0,29,1,0,0,30,0,_
580,0,狮子座的狮子,77,140,18,0,0,0,0,_
581,0,用户3789887878197,2,74,21,0,1,4867,0,_
582,0,地山谦,25902,454,5082,46,68,620,1,在生活中，什么叫做谦？遇事懂得退让一步就叫谦；对人态度不傲慢就叫谦；对别人多说一声谢谢或者对不起，这就叫谦。过去的，温暖告别，管它荣耀还是悲观，更多的思考在于未来如何突破。自己的人生自己去开辟，不纠结那些曾经拥有的，还是失去的，开心就好！短视频制作变现➕\/1810314567🎱_
583,0,Z 雪,198,285,69,20,28,0,1,要及时清醒 也要事事努力_
584,0,一个人的世界🐳🐳,8814,63,221,734,744,0,1,记录一家人的喜怒哀乐！😍😍俩个宝贝的成长，美好回忆！_
585,0,用户392265,0,2374,4,0,0,4086,0,_
586,0,过儿影视剪辑,4,22,7,1,1,4437,1,#每日更新，与你相约📠#告别剧荒📠#感谢关注，感谢支持，感谢抖音平台📠_
587,0,蝶舞飞雪,3226,3264,1430,71,622,22450,1,陪伴是最长情的告白_
588,0,江妹妹,2,32,0,2,2,38,0,_
589,0,用户3404378638304,199,241,69,0,0,0,0,_
590,0,哑巴老高,73,117,44,12,12,243,1,哎，气死我了，上才艺！_
591,0,胡文涛,46,340,14,0,28,928,0,_
592,0,🌸剪影,310,52,124,1,3,646,0,_
593,0,恒,0,2214,24,0,0,2999,0,_
594,0,岂止钟意,54,614,127,2,2,38,1,希望你是为我而来，可能时间刚好，你眼角带笑:-D_
595,0,桃衣画月弦,0,17,5,0,0,67,1,感谢抖音给予平台！会努力剪辑好每个影视记得点赞关注哦(´-ω-`)_
596,0,杰宝钱大伟,3,63,13,4,4,3741,1,🌻生活尝起来这么苦🌼我只是想让你笑一笑🌻有错吗？_
597,0,私密养护管理师,222,956,69,0,0,0,0,_
598,0,三月,9,233,5,2,2,63,1,自律使我自由_
599,0,兰草,772,739,384,15,15,922,0,_
600,0,小新,0,1873,33,0,0,5238,0,_
601,0,捡歌姐,10181,206,4266,22,28,175,1,开心嗨唱，真诚交友；潇洒人生，乐享音乐。_
602,0,巧克力ayl_,200,477,84,54,55,4737,0,_
603,0,老猫影视剪辑,623,65,129,3,3,8,1,感谢抖音，感谢所有关注我的朋友！⁽⁽ଘ😇ଓ⁾⁾最精彩的影视剧集呈现给你ʚ😊ɞ希望给到你酣畅淋漓的感觉ˆ😊ˆ每天评论互动 互动有问必答⁽⁽ଘ😇ଓ⁾⁾再次感谢！ つ😘つ つ😘つ つ😘つ_
604,0,suziyou,1,2861,21,1,1,296,0,_
605,0,苗湘,2639,1371,486,93,94,1883,0,_
606,0,西阳影视剪辑,1,6,2,0,0,0,1,感谢官方❤️感谢抖音❤️影视分享❤️每天更新❤️感谢关注❤️_
607,0,冰咖啡,0,47,3,0,0,130,0,_
608,0,龙门草根,6016,181,1083,34,35,338,1,助推龙门经济，展示龙门风采，建设最美新龙门！👭👬👫💑💏👫👯每天更新，帅哥美女都在围观！_
609,0,用户5088907682871,0,19,0,0,0,18,0,_
610,0,浅唱未来,1979,109,199,102,102,6200,0,_
611,0,用户8322407317777,0,209,5,0,0,234,0,_
612,0,努力才会幸运,5,80,7,1,1,106,0,_
613,0,你的小可爱,64,5001,11,41,42,5419,1,12岁_
614,0,艳yan,2310,1443,361,135,415,11253,1,笑的大方🐝走的坦荡_
615,0,用户8384044679721,0,11,1,0,0,10,0,_
616,0,裤子先生,24,40,6,4,4,169,1,王者荣耀打手_
617,0,东方小胖䏔,133,240,39,8,8,486,1,心态决定命运_
618,0,十音电影🎬,60,42,4,3,3,0,1,♥️感谢抖音 感谢官方正能量🙏♥️每天更新 即使不火♥️影视混剪 只为让您告别剧荒♥️感谢你这么好看还关注我♥️交流 合作请私信📤_
619,0,wfg,0,331,3,0,0,31,0,_
620,0,我在抖音看电视,297,1853,160,94,94,30656,1,我先走_
621,0,俩小辫剪辑,4,27,1,2,2,219,1,💖感谢官方平台💖💖感谢抖音粑粑💖💖承蒙各位厚爱💖💖原创影视剪辑💖💖喜欢请点个赞💖💖感谢你的关注和支持💖💖每天定时更新精彩视屏💖_
622,0,赵紫明_227585841,2,62,8,5,9,1121,0,_
623,0,凤凰涅槃,16865,640,337,2626,2627,12824,1,路见不平一声吼，吼完继续向前走。_
624,0,💋Your小金子,168,8,18,6,6,0,1,曾经期待的那个来日方长……最后                                                   终究还是大梦一场……_
625,0,姚姗Doris,586,164,409,22,22,0,1,🧣：不知名沙雕选手💗：谢谢喜欢~📱：私信会看 公会勿扰⌚️：每晚10点直播 (直播与视频不符 慎点）_
626,0,promise诺,394,2170,116,28,41,11579,1,不想讨人喜欢 只想做迷人的混蛋💘_
627,0,小黑妹,45,43,52,6,7,204,1,爱而不得，难以割舍。_
628,0,南笙,0,691,5,0,0,1,0,_
629,0,熊小妞,17,3725,71,1,2,10789,1,谢谢你这么好看还关注我。。_
630,0,浅黛梨妆,10666,522,1042,270,270,0,1,Mashi Maro_
631,0,末夏,3,227,19,1,3,1579,1,只要你相信就会有奇迹_
632,0,乔安,102,176,63,9,11,601,0,_
633,0,马可影视（剪辑）,0,22,3,0,0,48,1,原创影视剪辑作品✨感谢抖音平台✨每一个作品都不易✨感谢大家关注✨感谢大家的支持✨_
634,0,可乐加醋,78,2752,116,14,14,6641,1,新手驾到，多多关照_
635,0,行车路上,14,31,2,7,7,1,1,分享行车路上遇到的事#交通事故 #惊悚瞬间 #好人好事 #旅途美景不断学习 提升自己如有视频侵权，请联系楼主删除！_
636,0,阿司匹林。,47,431,36,0,0,0,0,_
637,0,网红音乐师,0,186,11,2,2,133,1,每天分享最火爆的音乐，欢迎关注！😘😘_
638,0,熊猫盼盼胡,466,4501,115,51,250,16995,1,所求不多，所盼甚少。_
639,0,冉冉,101,1183,110,1,237,12255,1,让艾灸温暖生命，改善人类生命体验，让艾烟飘进千家万户，让家人远离抗生素！_
640,0,用户7475601627662,0,10,1,0,0,0,0,_
641,0,阿香影视,25,169,23,1,2,0,1,❤❤感谢抖音  感谢官方❤❤定期更新  经典影视推荐❤❤承蒙喜爱  喜欢的朋友＋关注哦❤❤生活再沉闷  跑起来总会有希望_
642,0,3454,0,111,4,0,0,12,0,_
643,0,愿你一切安好,45,357,14,8,8,139,0,_
644,0,洛克公园丶,85,323,39,7,9,616,1,打球🏀健身💪🏻养鱼🐟承蒙厚爱❤️🙏🏻_
645,0,天道酬勤哥,26,1901,2464,0,2,171,1,👉我是一个80后创业者👉用心总结最实用的方法👉分享最新最简单的经验👉短视频运营、制作技巧👉来吧让我们一起进步！_
646,0,关于他你遗憾吗,46,57,7,10,11,52,1,让你失望的人不可能只让你失望一次。_
647,0,明视频,14,10,2,5,5,55,1,❤️长期更新原创精彩视频。❤️分享喜剧，爱情，都市，等等优质视频。❤️感谢抖音，感谢每一位支持的老铁。❤️不要等待机会，而是要创造机会。_
648,0,猜不透,0,128,8,0,0,220,0,_
649,0,DM小梅子,164,175,41,10,10,31,1,若是值得，我便倾心；天不怜我，独善其身。_
650,0,怪丫头+私黛,313,140,36,39,39,0,1,00后全职保妈感谢你的关注_
651,0,颜大春🤪,3,26,2,3,3,25,1,来自于农村，一直在努力感谢平台！_
652,0,精剧汇,0,59,8,0,0,53,1,坚持原创，用心做好每一部作品！感谢抖音平台让我们在这里相遇！_
653,0,毒公子,3,1351,6,1,2,703,1,学生党加油!_
654,0,五行缺德,12,957,28,0,3,2880,1,1314520一生呵护，三世牵挂，一生守候，四季陪伴，五彩人生，二人故事，零的开始。一句谎言，三世约定，一时冲动，四季煎熬，五味杂陈，二话不说，一切归零。_
655,0,【桃子】,0,14,6,0,0,48,0,_
656,0,莫扒拉你尚哥,0,37,1,0,0,5,0,_
657,0,酷吧音乐U盘,0,51,1,0,0,25,1,感谢关注 感谢抖音😄一个音乐剪辑爱好者📀精彩内容 每日更新🇨🇳_
658,0,七七影视剪辑,225,55,71,2,3,344,1,💕原创剪辑，每日更新✨💕感谢抖音让我们在这里相遇✨💕承蒙厚爱，感谢点赞➕关注✨_
659,0,bruise 淤青🍃,24,231,18,4,4,8980,0,_
660,0,金希贸易,0,653,4,0,2,417,0,_
661,0,蓝天剪辑,0,17,0,0,1,6,1,感谢抖音   💗感谢关注   💗每天分享精彩影片   💗每部影片皆为原创💗_
662,0,繁华入梦5566,183,206,38,26,26,1256,0,_
663,0,用户378752054,0,81,1,0,0,11476,0,_
664,0,吹_,0,14,2,0,0,0,1,6_
665,0,卓越非凡,25,2356,122,8,10,2059,1,默默无闻的关注生活中的你我他_
666,0,不再等候的姑娘,0,3677,45,0,0,6649,0,_
667,0,兰姑娘,0,183,10,0,0,70,1,胖嘟嘟的小脚丫_
668,0,敏,20,209,12,0,0,0,0,_
669,0,暮雪,0,1236,5,0,0,1927,0,_
670,0,用户5940223189312,3694,3940,1378,237,237,3955,0,_
671,0,"橘子,",40,97,1,1,1,364,0,_
672,0,小更影视剪辑,0,47,0,0,0,14,1,感谢抖音感谢关注我的朋友❤️💕不断剪辑，不断更新，💖💖用最短的时间看最精彩的影剧📺🍟_
673,0,柒柒咖啡☕️,0,3888,10,0,0,3048,0,_
674,0,加钱哥,17,125,6,5,5,1505,1,哥们儿到此一游_
675,0,公考小羊,85,511,17,40,40,236,1,我卸载了我的抖音，等到河北省省考以后见！_
676,0,ePaRa,0,289,2,0,0,306,1,一切都好，很好，超好，爆好！_
677,0,第8號當舖904,12,146,1,2,2,104,0,_
678,0,爱沐夏,2,106,18,1,1,287,0,_
679,0,王力红❤️剪辑,296,149,114,0,3,11,1,✨视频剪辑爱好者✨承蒙各位厚爱、喜欢的朋友➕关注哦✨每日视频更新、以后会越来越精彩✨感谢官方💕感谢抖音💕_
680,0,💓小妖滋滋💕,552,2560,220,39,40,1516,1,做一个寡言却心有一片海的人。不伤人害己，于淡泊中，平和自在！_
681,0,尤尤~剪辑,2,161,1,2,2,125,1,🎓影视剪辑分享🎓爱电影，爱分享🎥感谢优秀的你关注我！❤️感谢抖音官方的支持❤️每天持续更新_
682,0,幸子9226,2,88,15,2,2,369,0,_
683,0,17,0,73,5,0,0,0,0,_
684,0,卡布辛十四号,788633,15,13261,76,76,0,1,什么理由让他们走进一间暗室为了时间为了流逝、消耗、或者尚未拥有的时间🎬：Capuchin14_
685,0,风清扬,98,196,32,0,0,0,0,_
686,0,巴黎夜雨,1,409,6,0,1,4354,0,_
687,0,H&m,15,79,29,5,5,62,0,_
688,0,萌主,4,2885,51,0,2,2921,0,_
689,0,赵明,0,75,1,0,0,213,1,🔥开心快乐🔥永远年轻 永远热泪盈眶🔥欢迎点赞评论转发关注🔥视频内容原创 声音原声👉V：haitao13937857969_
690,0,用户2380656519732,0,17,0,0,0,68,0,_
691,0,小碗（影视剪辑）,0,4,0,0,0,2,1,❤️感谢官方 感谢关注🎬精剪每一帧精彩片段👩🏼‍💻每天持续更新中……_
692,0,🌵,0,31,5,0,0,11751,0,_
693,0,肖先生剪辑,43,20,2,2,55,47,1,爱抖音爱官方爱剪辑每日更新精彩剧情_
694,0,小甜蜜,164,239,86,26,26,2898,0,_
695,0,大伟影视剪辑,0,65,0,0,0,407,1,🇨🇳感谢抖音，感谢关注❤️🇨🇳用心剪每一部作品❤️🇨🇳剪辑各类影视作❤️🇨🇳感谢抖音优质平台❤️_
696,0,旧念剪辑📺,0,22,0,0,0,0,0,_
697,0,💕佳涵小朋友,1712,351,123,47,55,2801,1,向往阳光，所以温暖。_
698,0,张扬玲,0,297,38,0,0,1267,0,_
699,0,空心,0,116,3,0,0,78,0,_
700,0,豆豆（影视剪辑）🎬,6606,2114,1597,6,149,12046,1,感谢抖音 感谢关注我的朋友✨一首歌 一个故事✨一段影视 一个结局✨我是一名平凡而又普通影视剪辑小新 ✨我会努力 愿能把快乐 带给你们✨评论区每天都会跟大家互动✨_
701,0,袁生记,9447,4073,1155,0,0,0,0,_
702,0,肖潇（影视剪辑）🍀,116,317,24,1,1,96,1,✨感谢抖音，感谢官方！✨感谢你的关注！实力宠粉，有求必应！✨一部剧情，一首音乐🎶，看懂一个故事！✨一个爱追剧的小姐姐！✨看完我的作品，你也会爱上追剧哦！✨感恩遇见，感恩支持与关注！_
703,0,剪辑小叮当,0,198,4,0,0,10,0,_
704,0,傲娇哒小蚂蚁,21,212,38,0,1,0,1,🏃如今正好，没有来日方长_
705,0,自由天使,0,35,3,0,0,107,0,_
706,0,咸鱼剪辑,0,14,2,0,0,11,0,_
707,0,桂花香,0,72,12,0,0,317,0,_
708,0,lzw,1,50,13,0,1,140,0,_
709,0,影视达人,6,30,3,4,4,96,1,一个不甘落伍的农村小伙希望进步。让知识改变命运！_
710,0,用户3640642761492,0,52,0,1,1,259,0,_
711,0,MinSM,263,50,39,45,45,2823,1,遗憾万千，人各不同。_
712,0,兰花草,0,359,2,0,0,1673,0,_
713,0,曾经的小狼狗,1922,1131,972,18,19,10887,1,祝你幸福祝你开心_
714,0,延世集团无影,16,849,5,14,14,1571,0,_
715,0,晓晓（影视剪辑）,0,103,2,0,0,0,1,你我在抖音相见 感谢各位朋友点赞👍有各位朋友的陪伴让我活的更精彩感谢官方 感谢抖音_
716,0,叮叮当,5,68,13,2,2,3,1,用心总结出最高效方法分享最新，最实用的短视频运营方法承蒙厚爱，感谢关注交流V:①⑧⑤⑥⑨④③⓪④②④_
717,0,鳄鱼可爱小妹妹。,0,2827,41,0,0,202,0,_
718,0,@,0,26,1,0,0,257,0,_
719,0,无奈,0,102,2,0,0,53,0,_
720,0,用户6295898498076,0,818,3,0,0,271,0,_
721,0,无有,363,85,43,84,129,7882,1,自由自在_
722,0,明年今日,14,43,4,6,7,0,1,与世界和解，也释怀，未来可期_
723,0,如果我们是季节,58,710,38,42,42,887,1,友直，有谅，有多闻！贪财有道，好色有品，博学有识，学习有瘾，喝酒有量，玩笑有度。_
724,0,用户756276791465,0,186,3,0,0,291,0,_
725,0,用户7851423466646,0,2,0,0,0,23,0,_
726,0,🐮🐮🐮青争,1130,900,732,27,27,0,0,_
727,0,雯露影视剪辑,0,31,3,0,0,134,1,感谢抖音大大提供给我们这么优秀的平台✊原创影视剪辑🌹剪辑小白养成记🌷欢迎关注点赞评论😘V ： y15863076726_
728,0,追剧剪辑,467,52,36,12,13,9,1,用最少的时间看最精彩的影剧把你喜欢的节目告诉我让你看最精彩片段还有个人小创意视频哦_
729,0,你的太阳,7,40,0,1,1,558,0,_
730,0,玉亮,414,102,67,107,107,6496,1,愿自己余生被世界温柔以待_
731,0,文浩,28,3424,34,3,3,7116,1,我是小坏蛋_
732,0,Xiao乖。,40,9,8,0,0,0,1,这家伙很懒，什么也没留下。_
733,0,小小兵影视剪辑,248,32,26,13,14,23,1,分享精彩片段喜欢的点个关注💗💗💗_
734,0,用户3149772288216,0,68,79,0,0,345,0,_
735,0,星空棒棒糖∮,0,513,4,0,0,0,1,王者荣耀。_
736,0,bekao,0,77,49,0,0,668,1,挺好的_
737,0,鱼的记忆,570,226,175,9,9,1247,0,_
738,0,吴文彩,1,3355,286,0,0,0,0,_
739,0,liao,0,170,25,0,0,310,0,_
740,0,猴子影视,8,117,22,2,2,179,1,🙏感谢抖音平台 🙏感谢您的关注👉关注我，一起看电影 悟人生_
741,0,林酱剪辑（电影）,257,143,20,24,24,39,1,爱音乐爱电影爱给你剪音乐剪电影_
742,0,易雨仙晴,372,580,127,29,30,2042,0,_
743,0,小燕七月（影视剪辑）,0,44,0,0,0,164,1,🌵视频剪辑爱好者🌵感谢抖音给我这么好的平台🌵正能量影视持续更新🌵感谢您的关注_
744,0,萌呆呆🍓,8,271,153,0,4,23622,1,呵呵～男人_
745,0,Amnesia🎄🎄🎄,63,112,51,0,0,0,0,_
746,0,蚂蚁的糖果,213,190,113,38,38,23,1,风筝有风海豚有海，各有渡口各有洲！大家好，我是蚂蚁。喜欢电影，音乐，娱乐。遇见了，就留下来多看看吧。感恩遇见，感谢陪伴。_
747,0,用户7180361859098,5,307,1,0,22,282,0,_
748,0,爱你一万年,1,1367,29,0,1,1488,0,_
749,0,用户5699102895724,0,1241,45,0,0,4,0,_
750,0,橘温暖茶,1614,569,105,198,205,4377,1,撐不起野心的我，只能靜心等待_
751,0,燕子,307,1322,737,0,2,529,1,与你相约故事里的茶文化感谢关注🙏🏻🙏🏻_
752,0,冰清玉洁,0,75,1,0,0,20,0,_
753,0,七哥（影视剪辑）,0,16,0,0,0,0,1,✨感谢抖音让我们在这里相遇✨视频剪辑爱好者✨喜欢的请➕关注✨给我一部影视还你一个故事🎬每天更新告别剧荒_
754,0,一生等,80,672,11,28,28,3802,0,_
755,0,擦肩而过,0,2775,29,0,0,17043,0,_
756,0,夏梦恬,8,26,1,2,2,0,1,喜欢读书的孩子_
757,0,死神不流泪,0,4989,27,0,0,65530,0,_
758,0,爆剪（影视剪辑）,6,22,2,5,5,7,1,🌹感谢抖音平台🌹🌹感谢关注我的朋友🌹🌹每日更新经常影视剧🌹_
759,0,雨阳,4,1226,21,1,1,25592,0,_
760,0,刚姐爱剪辑,534,44,9,4,10,221,1,我是农村人，请求关注，感谢！🙏_
761,0,手机用户60903300833,0,2958,42,0,0,3003,1,与海的不了情缘_
762,0,小猪,0,58,0,0,0,0,0,_
763,0,天天爱剪辑《杰哥哥》,289,156,32,8,87,532,1,感谢抖音平台热爱创作，热爱生活，热爱剪辑，努力创作给大家带来更好看的视频剪辑拒绝盗版，鼓励原创！喜欢记得点点关注不迷路为你们带来更多的剪辑_
764,0,星星影视剪刀手,56,70,13,5,6,60,1,如果你想看好剧好电影🎬关注我就对了🙋🏻‍♂️🙋🏻‍♂️🙋🏻‍♂️只推荐自己看过三遍以上的👍🏻👍🏻👍🏻评论区每天互动👭🏻👫🏻_
765,0,心雨,508,58,30,53,56,1054,0,_
766,0,😁,0,8,2,0,0,18,0,_
767,0,阿瑶。,0,43,0,0,0,2,1,biu～_
768,0,婷妹妹,147,2391,64,34,34,7419,1,@好不容易找到一个人，到后来发现还不如一个人_
769,0,小天吖ꦿོ࿐,1,129,8,1,1,3537,0,_
770,0,莉,0,85,7,0,0,1648,0,_
771,0,Max陈～先生,1284587,694,151665,100,100,2226,1,🌈精彩影剧剪辑🌈爱生活，爱剪辑🌈合作and学习➕k910713🌈希望带来不一样的观影体验🌈感谢支持，感谢抖音🙏_
772,0,改变自己cjw🇨🇳,165,1034,37,71,89,4837,1,改变行为收获习惯、改变习惯收获性格、改变性格收获命运_
773,0,星宇剪辑,1,38,6,0,2,42,1,♥️感谢您的关注，感谢抖音平台♥️❤️坚持原创，每日更新❤️❤️心愿：给我点心的都发财❤️_
774,0,浅蓝(影视剪辑),2559,85,580,14,14,0,1,❤️感谢您的关注❤️感谢您的点赞❤️每日持续更新剪辑_
775,0,用户6053699228408,0,12,0,0,0,9,1,🎦：好影齐分享，快乐天天长。📣：今日的愿望：你多喜欢我一点点。❤：感谢所有关注支持我的朋友们。 👏🏻：不忘初心，励志前行！_
776,0,默默,0,1845,10,0,0,0,0,_
777,0,钱福生,68,202,165,26,26,2729,1,爱笑的人，运气一直都是那么的好。_
778,0,点亮生命,0,2243,145,0,0,0,0,_
779,0,忠粉一一520,17,1129,21,1,1,7487,1,宁可孤独，也不违心。宁可抱憾，也不将就瓜泽网。能入我心者，我待以君王。不入我心者，我不屑敷衍。_
780,0,用户2073148292013,0,579,1,0,0,38,0,_
781,0,敛翅旅行,38,1126,60,8,8,0,1,且视他人之凝目如盏盏鬼火，大胆去走你的夜路_
782,0,我 爱 你 中国🇨🇳（影视剪辑）,0,27,0,0,0,22,1,TA关注了你📹追梦影视旗下📹影视混剪爱好者📹每天不定时更新优质混剪📹感谢抖音这个充满正能量的平台📹传递正能量，爱我大中国🇨🇳_
783,0,潇潇a,37661,103,22254,44,45,2,1,失聪小女孩听不到声音，发音不清楚，请大家谅解毕业于斯坦福大学美术设计师  动画  游戏美术  各种插画    想出版励志版《聋人留学日志》性格：阳光，开朗，搞笑_
784,0,迪家军-枫,265,3465,39,46,48,52835,1,逍遥·迷茫国服最强坑队友国服最强混子互坑交流群：341456646(教你坑人不扣信誉积分的方法)(群里帅哥美女众多)_
785,0,强弟,0,148,69,0,3,639,0,_
786,0,憨逗sir,50272,68,2380,5,9,0,1,Dou抖音抖爸爸抖音视频头条系产品记录美好生活发现有趣创作者成就普通人梦想秀内容为王的超级平台经典音乐每天更新，赞_
787,0,英姐,585,673,51,156,198,0,0,_
788,0,小药的铁粉,308,518,39,46,46,2068,0,_
789,0,静夜听雨声,40,753,60,4,7,5246,1,南京大学_
790,0,Those who,0,193,11,0,0,4681,0,_
791,0,用户4506730015630,0,42,3,0,0,44,0,_
792,0,老婆大人,82,590,62,10,41,0,1,余生和能让自己开心的人在一起吧！_
793,0,AWM,0,155,16,0,0,1896,0,_
794,0,仙什么女,20,209,21,2,2,1597,0,_
795,0,璇伦,190,306,37,0,0,0,0,_
796,0,用户84682508210,0,3,0,0,0,31,0,_
797,0,目之所及皆是你,0,23,1,0,0,55,0,_
798,0,Ciny心霓儿,0,1254,41,0,0,0,0,_
799,0,用户5152141607253,0,1144,1,0,0,7257,0,_
800,0,LX影视剪辑,1079,110,27,14,14,779,1,喜欢记得点赞哦👍_
801,0,新体百货,671950,108,57573,17,183,0,1,种草好物推荐点点关注不迷路每天更新好物视频所有好物工厂直发品质层层把关，放心购买所有视频推荐的好物，点击上方橱窗都能找到_
802,0,用户3978490626741,0,18,2,0,0,273,0,_
803,0,..,1,11,20,0,0,0,0,_
804,0,赵小明（影视剪辑）,13,34,26,1,8,104,1,👤TA正在关注你感谢官方平台坚持每日更新谢谢大家关注❤_
805,0,Yu渔(影视剪辑),0,17,0,0,0,114,1,🌟感谢抖音，感谢官方正能量🌟🌟感谢您的关注！非常宠粉，有求必应！🌟即使不火，也会每天持续更新🌟🌟至同样爱影视的你🌟_
806,0,北叁七（影视剪辑）,876,1169,261,10,10,0,1,✨感谢您的关注！非常宠粉！✨有求必应感谢抖音感谢官方正能量！✨一首音乐，看一部电影✨只要你是我的人【有问必答】✨至同样爱电影的你  （如果你喜欢，欢迎关注点赞）👇_
807,0,胡,0,6,0,0,0,220,0,_
808,0,绿色雨滴,135,223,51,15,16,0,0,_
809,0,别怕哈,674,402,1183,50,58,9237,1,滚_
810,0,张义国,0,303,88,0,0,33,1,养号中，有关必回_
811,0,用户2955239157084,0,18,0,0,0,16,0,_
812,0,莫妮卡,1678,1368,58,193,194,1402,1,隨波逐流 我不習慣_
813,0,墨雨剪辑,0,42,0,0,0,29,1,🙏感谢官方  支持原创🙏每日准时更新🎬精剪每一帧精彩片段🌹点点关注不迷路_
814,0,用户8967718998719,0,27,3,0,0,241,0,_
815,0,天峰影音,171,73,49,13,15,102,1,喜欢金典歌曲的我，想推荐更多好听金典哥给大家。回味金典，让金典再次重归舞台。谢谢大家的关注，和点赞我们会每天持续更新作品_
816,0,媚儿,0,910,2,0,0,2,0,_
817,0,爱屋及屋,1,36,14,1,1,107,1,往事清零，爱恨随意_
818,0,用户7765475610562,0,69,0,0,0,189,0,_
819,0,半我安,0,64,1,0,0,236,0,_
820,0,雪,24,138,135,2,2,1673,0,_
821,0,用户7974042220394,0,25,3,0,0,25,0,_
822,0,高分精品影视剪辑,67623,19,12616,10,10,3,1,😘感谢抖音感谢关注我的朋友😘超五星⭐精品影视剪辑 😘让你追剧一直爽，不再怕剧荒 😘评论区每天都会跟大家互动，你们的支持                             是我更新的最大动力 😘薇:Mgnmmg（交流/剪辑学习/追剧/合作）_
823,0,万马影视剪辑,3,36,1,2,2,14,1,感谢抖音平台；感谢抖音支持，感谢各位朋友的支持，专心做好每个视频，每个故事中都有酸甜甜辣，希望你和小编一起来品尝，每晚7点更新哦。_
824,0,四叶,19,1033,35,5,5,0,0,_
825,0,用户162674116809,0,19,0,0,0,17,0,_
826,0,莲莲,89,46,14,22,24,1460,1,浪子回头不算晚，踏入良宵共白头，_
827,0,句号。,1,39,3,2,2,49,0,_
828,0,冰凝儿,108,73,26,31,31,36,1,搬砖是我的事业，唱歌是我的爱好！_
829,0,用户1930826405981,0,32,0,0,0,30,0,_
830,0,oina nigar,0,106,11,0,0,139,1,一切都会过去的_
831,0,用户7278170202761,0,38,0,0,0,32,0,_
832,0,天恩在剪辑,116,139,64,10,10,65,1,感谢抖音，感谢关注影视剪辑，精彩截取彼此学习，互相交流_
833,0,风雪照应爱年,2,94,8,1,1,13,0,_
834,0,用户1978934455243,0,19,0,0,0,16,0,_
835,0,琦琦,0,1050,12,0,0,5224,0,_
836,0,繁星点点的夜空,15,46,2,4,4,856,1,死肥宅男_
837,0,用户8532243713756,0,21,0,0,0,21,0,_
838,0,用户1196381214020,0,21,0,0,0,20,0,_
839,0,苦命农民工,1,64,1,1,1,3,0,_
840,0,祥子,281,21,55,30,30,182,1,我就是一个普通的再也不能普通的人了。_
841,0,豆号影视剪辑,0,196,82,0,0,116,1,✨视频剪辑爱好者✨承蒙各位厚爱、喜欢的朋友➕关注哦✨每日视频更新、以后会越来越精彩✨感谢官方💕感谢抖音💕_
842,0,王倩,226,28,9,56,56,1669,0,_
843,0,小哥说唱笑,484818,496,102185,133,136,0,1,有的人真的醉了_
844,0,白茶清歡,8168,1370,18232,11,11,0,1,我與春風皆過客，妳攜秋水攬星河。_
845,0,楠弟（影视剪辑）,1,49,53,0,5,37,1,我教您用一部手机让你成为摄影家_
846,0,剪影配乐,14,78,25,6,9,362,1,😄一分钟爱上一部电影🎬_
847,0,最强英语培训讲师Smile喜羊羊,86,1981,14,294,294,38,1,微信：w1y1t9_
848,0,北往๑,1214,56,280,33,51,21500,1,谢谢你的关注，取关随意👀总感觉没以前那么快乐了。🐯_
849,0,涵涵说影视,904,70,320,19,19,267,1,精彩影视影片，尽在涵涵说影视_
850,0,用户3718577994167,0,114,1,0,0,28,0,_
851,0,夏日的❄️雪,369,331,96,38,40,1887,1,人是要靠自己的_
852,0,北冥有鱼，其名为鲲,0,322,0,0,0,475,0,_
853,0,山 奈）。,84,194,47,7,14,877,1,总是突然有了兴致又突然失去所以兴致。_
854,0,画♡,12505,711,679,244,261,0,0,_
855,0,手机用户83284748471,0,12,2,0,0,133,0,_
856,0,花花视频编辑,1,46,21,4,4,707,1,💋爱生活💋爱抖音💋爱原创_
857,0,小男侯孩,2,47,3,0,0,0,0,_
858,0,用户4278518082095,0,167,4,0,0,226,0,_
859,0,🍂🍃往事清零，爱恨随意☘️☘️,863,38,94,79,79,4770,1,🍀🍀🌴🌴爱一个人最好的方式就是经营好自己，给心爱的人一个优质的爱人_
860,0,荷二,0,119,19,0,0,268,0,_
861,0,微风细雨,0,4889,316,0,0,17274,1,你关注了我，我也会关注你的_
862,0,林哥影视剪辑,1696,1446,1437,7,7,2457,1,诚信交友脚踏实地做人一起努力，一起加油。把自己最好的东西分享给大家我相信，越努力的人越幸运。_
863,0,玖爷,0,180,28,0,0,416,0,_
864,0,铭浚茶道,51,346,51,5,5,4997,1,努力过没有遗憾_
865,0,夜（影视剪辑）,118,102,17,6,6,291,1,感谢你能关注我！_
866,0,微.,1174,95,90,291,292,1787,0,_
867,0,🐾,996,211,187,38,39,3562,0,_
868,0,离殇一曲终成梦,0,1658,5,0,0,2574,0,_
869,0,白茶清欢,470,1576,68,0,0,0,0,_
870,0,琦琦影视剪辑,16,24,1,2,2,23,1,喜欢精彩影视的加个关注呗每天持续更新原创视频如有侵权请联系删除感谢抖音平台❤️❤️❤️感谢大家的关注❤️❤️❤️_
871,0,凌晨,911,601,46,0,0,0,0,_
872,0,who,0,1113,6,0,0,0,0,_
873,0,读史可齐家治国,3313,1471,405,533,533,1273,1,大漠孤烟直，长河落日圆_
874,0,小可爱没脑袋,191,33,7,3,3,9,1,❤️感谢抖音官方平台_
875,0,Hello小叮当,3433,732,195,247,265,10693,0,_
876,0,hkigfjgjfjnn,1,1222,8,0,0,0,0,_
877,0,海盗姐,0,489,19,0,0,2188,0,_
878,0,7,347,52,38,48,48,0,1,自由，，，_
879,0,宝宝ﾉ☀,1788,420,445,62,87,0,1,2020年暴富暴瘦是我_
880,0,小鱼剪辑馆,2,14,3,1,1,19,1,🌈🌈感谢关注👦👧 🌸🌸感谢抖音平台✨💃💃每天分享喜欢，追剧不迷路 🙆🙆新手哈哈，渣剪，努力学习中_
881,0,去吧!皮卡丘,1862,914,150,124,126,2157,0,_
882,0,用户5513743853750,0,132,9,0,0,913,0,_
883,0,哎呀呀,0,2008,30,0,0,0,0,_
884,0,时间煮雨,31,56,20,5,5,47,0,_
885,0,赵老四影视剪辑,250,92,15,6,6,0,0,_
886,0,青灵,630,129,97,8,9,0,0,_
887,0,自由家,4,74,8,0,0,0,0,_
888,0,美淘博博的好剧,2144,2184,2024,62,72,0,1,追剧推荐，韩剧TV！每日更新，欢迎关注_
889,0,猫儿,7,602,9,0,0,0,1,时间不语却最能看清人心_
890,0,你的小甜瓜💕💕,1,10,0,2,2,0,1,🎈感谢抖音 感谢官方🌈热爱生活_
891,0,A👸 萱萱护肤   代理[嘴唇],0,814,12,0,0,471,0,_
892,0,ᴍʀ. ʟɪ,0,55,1,0,0,0,0,_
893,0,张玲同学的同桌,92,12,13,1,1,6,1,🎈感谢抖音感谢官方🌈热爱祖国热爱生活_
894,0,山邨人,0,30,0,0,0,1,0,_
895,0,Monkey同学的同桌,10,12,2,4,4,1,1,🎈感谢抖音 感谢官方🌈热爱祖国 热爱剪辑🌈好剧分享 持续更新🌈开心快乐每一天_
896,0,林,667,727,59,87,89,1675,1,做个俗人，知世俗，而不俗。_
897,0,柠檬🍋,46,599,51,0,0,0,0,_
898,0,悠然,63,69,16,7,7,0,0,_
899,0,冰之梦,150,22,27,21,21,347,1,云南文山_
900,0,X.AI一家之主,1008,266,145,18,18,3554,0,_
901,0,婪先生影视剪辑,0,95,1,0,0,125,1,⭐️原创剪辑，搬运必究⭐️谢谢关注，承蒙厚爱_
902,0,Miss 剪辑好片,13,70,16,2,2,42,1,🌟 Miss 即是错过 也是想念🌟 爱好追剧 剪辑🌟喜欢我的作品的 点点关注🌟茫茫人海 有幸遇见_
903,0,桃溪新新娘国际婚纱摄影♥婚纱照♥婚庆策划,2968,4983,896,36,38,0,1,专业专注婚纱照#婚庆策划#婚礼车队#新娘化妆跟妆……_
904,0,小花,8,245,4,3,3,3039,0,_
905,0,用户5498537216032,0,1643,8,0,0,4715,0,_
906,0,斌丶,547,76,82,8,8,764,1,ｖ15330897826_
907,0,恬静阳光,0,29,88,0,0,0,0,_
908,0,芝麻开门（影视剪辑）,0,15,24,0,0,64,1,✨视频剪辑爱好者✨一首歌，一个故事✨感恩抖音，让我们在这里相遇✨关注我，每天给你不一样的感觉_
909,0,娇娇,127,2358,84,0,236,2269,1,你是我生命中唯一的真实与快乐_
910,0,静儿。,0,155,11,0,0,405,0,_
911,0,经典💯,323,57,63,18,21,28,1,搞蔬菜批发的小哥，事不三思终有败.人能百忍则无忧_
912,0,┒不请自来┕,267,134,52,73,73,2235,1,没伞的孩子必须努力奔跑_
913,0,水水学剪辑🎬,84,103,23,5,5,0,1,🙈抓～视频剪辑小萌新一枚🙈关注我，一起学剪辑吧🙈每日更新，欢迎投稿哦❤️感谢所有遇见_
914,0,👉花开依旧、人已不同👈💋💋,1453,948,136,85,87,1276,0,_
915,0,马铃薯炒土豆,80,54,87,16,17,5202,0,_
916,0,🌺️🌹️🌼️🌸️💐️🌼️☘️,1893,190,221,358,371,1246,1,家家有本难念的经啊！_
917,0,84ffc9k0,0,51,0,0,0,82,0,_
918,0,蚂蚁大街电子商务管理,4594,39,1249,16,16,121,1,求关注，感谢支持。_
919,0,生活不止眼前的苟且，还有诗和远方。,104,153,28,43,45,7526,0,_
920,0,用户2722768654583,0,446,0,0,0,0,0,_
921,0,天,225,361,60,27,46,0,1,无花果_
922,0,A.t社会你土哥人狠话不多。,84,2881,336,0,0,0,1,e/mmmmmmmmmmmmmm_
923,0,小鱼儿剪辑,358,74,26,10,14,231,0,_
924,0,心魄,1,159,4,0,2,5815,1,一切都是最好的的安排_
925,0,小约,0,1011,9,0,0,2251,1,本人小约_
926,0,优特剪辑,30,339,37,0,3,705,1,聊聊电商，聊聊开店。创造个人价值，梦想需要去实操！想正式成为掌柜，一定要联系本号。_
927,0,后巷剪辑,2483,47,156,9,9,0,1,祖国万岁感谢抖音感谢关注每天更新中～_
928,0,拔凉的心@,191,246,32,28,29,4028,1,2020年暴富鼠于你_
929,0,小赛君,21,29,2,2,2,8,1,你有一副天使般👼的面孔我有一副魔鬼般👻的身材喜欢一首诗，天道里面的自嘲_
930,0,琴台,119,2156,173,14,14,26831,1,记录工作生活学习，一起分享生活中的点点滴滴的美好。_
931,0,嫣儿~~~,15,598,155,2,2,0,1,雨过天晴，_
932,0,卑微团队-筱志,388,4841,142,38,38,82069,1,此生不悔入海贼_
933,0,强燕,36,322,24,3,18,494,0,_
934,0,星河,10,461,32,0,0,0,0,_
935,0,虫儿飞爱剪辑,0,57,1,0,0,234,1,用心做好每一件事_
936,0,ghost,7,595,65,0,5,6519,0,_
937,0,李萌,148,715,42,23,23,2885,1,👍👍👍👍_
938,0,平凡的心,0,931,0,0,0,2507,0,_
939,0,浮‘,1398,1299,309,54,56,21357,0,_
940,0,小熊影视,0,142,2,7,7,1,1,谢谢你的关注！_
941,0,一个人,0,59,6,0,0,2067,0,_
942,0,迷失雨樱花,8,1710,30,2,2,17832,1,哈喽_
943,0,💖Ting🐈🔮🌻♈️,273,1658,71,0,0,0,0,_
944,0,浮沉,38,873,61,15,16,1090,1,总想留住太多太多……_
945,0,七秒的记忆,1,4937,34,0,0,0,0,_
946,0,啊哈哈哈哈哈,447,60,219,3,8,172,0,_
947,0,艾a天&涯,205,278,40,33,33,289,1,三岁宝宝打架子鼓可不可以，请大家鼓励一下，谢谢_
948,0,逗乐的林大叔,353,976,181,53,56,6379,1,各位小伙伴们路过的点点关注哦_
949,0,静候~,30,147,11,32,33,575,1,寻素材。_
950,0,我不是从前那个少年,9,150,18,0,0,6095,0,_
951,0,AMY🌻️,320,231,29,49,66,0,1,跟着自己的心走❤️_
952,0,可爱的小绵羊,0,243,1,0,0,161,1,小阳欣_
953,0,小邓,1815,122,313,92,93,338,0,_
954,0,真🐷️奶茶。,55,318,4,0,0,0,0,_
955,0,叶子情感电台,420,43,37,7,7,0,1,好好生活，慢慢相遇_
956,0,Ingrid,0,68,3,0,0,0,0,_
957,0,徐公子,35,55,34,4,4,94,1,言念君子，温其如玉。_
958,0,爱吃辣条的梦梦,849,101,111,21,21,5668,0,_
959,0,黑_童话,0,766,18,0,1,14338,0,_
960,0,小房子,39,130,18,11,11,426,1,情不知所起😍一往而深_
961,0,月月姐,0,1280,681,0,0,29,1,三十岁的身，二十岁的心_
962,0,亚青剪辑,0,19,0,0,0,14,1,感谢您的关注，感谢抖音绿色平台！爱剪辑，爱生活！留住美好瞬间！_
963,0,用户6510657327001,0,38,0,0,1,199,0,_
964,0,影视圈魔王,0,27,1,0,0,0,1,🌴感谢关注，感谢抖音正能量🌴我要拿你做朋友而非粉丝🌴一首音乐伴随一部电影🌴即使不火也坚持每天更新🌴致同样也喜欢看电影的你✨🔥I'm waiting for you～_
965,0,酷酷的熊猫（影视剪辑）,2137,82,253,10,10,3,1,影视作品剪辑；近期更新《老九门》；欢迎点赞评论关注；_
966,0,小九,54,555,26,6,102,0,1,....._
967,0,度枕,737,39,114,55,55,0,1,一个人的以后_
968,0,s,0,4600,11,0,0,32457,0,_
969,0,沫沫剪刀,1114,64,571,5,5,193,1,我是一只小蜜蜂_
970,0,夢兒,6,1562,12,0,15,3343,0,_
971,0,快乐白齿,0,5,0,0,0,18,0,_
972,0,阿木,0,247,7,0,0,86,0,_
973,0,郝老师爱剪辑,3,141,160,1,1,452,1,不定时更新优秀电视剧！_
974,0,快乐的家,8,415,4,3,3,729,0,_
975,0,芯驿栈,25,27,2,3,3,70,1,❤️剪辑分享星爷的精彩与片段💫日常两更☺️感谢大家每一个关注😘               每一个红心😘               每一个评论💕我会把最好的给你们💓你的关注就是我最大的鼓励💗2020，大家一起加油_
976,0,图图影视剪辑,17,137,18,2,2,70,1,✨视频剪辑爱好者✨承蒙各位喜爱、喜欢的朋友们➕关注哦✨每日视频更新、以后会越来越精彩💕感谢官方💕感谢抖音✨  ✨一名95后的上班族，每晚22点准时更新哦！✨_
977,0,龅牙妹(影视剪辑),0,30,2,0,0,237,1,❤️感谢抖音 感谢关注我的朋友✨❤️一部剧一个故事✨❤️精彩留在瞬间✨❤️每天在评论区跟大家互动✨_
978,0,磊  磊,2,5001,217,0,0,0,0,_
979,0,萝萝,0,1808,7,0,0,0,0,_
980,0,深林电子,6,24,7,1,1,3,0,_
981,0,嗯？,0,145,2,0,0,64,0,_
982,0,123,19,35,11,3,4,12779,0,_
983,0,美酒没故事i❀,10,2608,34,0,63,10528,1,看着抖音很开心，再看看评论更精彩😉_
984,0,成呵呵,1,29,0,1,1,28,0,_
985,0,时间的尽头,3,165,5,2,2,0,0,_
986,0,🌊毕竟你虎哥,24512,1418,2314,48,48,0,1,我不喜欢熬夜，是夜在熬我，我没得选择……_
987,0,3枝海怪,0,223,106,0,0,3454,1,原来你也在这里🤓_
988,0,得轩_,0,29,2,0,0,23,0,_
989,0,九条命,1157,247,379,41,49,1386,1,不喜欢和陌生人交朋友望周知🙏🏻🙏🏻🙏🏻感谢_
990,0,user1934481603786,0,612,2,0,0,814,0,_
991,0,安可啊,11,141,10,4,4,187,0,_
992,0,对方正在登录··,0,4608,54,0,0,12853,0,_
993,0,XU.梓崟,22536,659,738,67,74,0,1,好好珍惜今生，因为没有来世。_
994,0,魔幻仙踪,2723,3290,190,851,852,20277,0,_
995,0,猎     鹰,0,4995,2,0,0,0,0,_
996,0,用户8238312718424,0,285,0,0,0,29,0,_
997,0,米菲非米 ,41,58,71,5,5,564,0,_
998,0,@才笑,548,432,50,19,19,151,1,😘感谢抖音官方平台，感谢大家的支持和关注！V：wz0774hong_
999,0,富哥仔,0,95,8,0,0,9464,0,_
1000,0,梦想的天空格外蓝,55,169,85,17,32,318,1,为自己活，为别人想，凡是理所当然的都在越来越少，感恩的都在倍增！_
1001,0,尚艺影视剪辑,6493,30,1037,12,16,2156,1,❤感谢抖音，感谢平台❤每天更新好看好笑的作品❤喜欢的朋友麻烦点赞➕关注❤感谢支持的朋友🙏🙏🙏_
1002,0,匹马又西风,0,54,4,0,0,538,0,_
1003,0,我,173,4244,116,26,109,1202,0,_
1004,0,楚春,244,1337,51,66,66,6349,0,_
1005,0,哲哥,11,186,69,3,6,0,0,_
1006,0,丫哥影视工坊📽️,0,135,112,0,0,244,1,🔵感谢抖音平台 | 让大家相知相识 | 亲密互动🔴支持别出心裁🔵支持不拘一格🔴支持原创性🔵支持正能量🔴感谢关注💖承蒙厚爱🔵您催我赶💞持续更新                            😅😅😅🎞️🎞️🎞️🎞️🎞️🎞️🎞️🎞️🎞️🎞️🎞️🎞️🎞️🎞️🎞️🎞️🎞️🎞️🎞️_
1007,0,rainbow,40,150,22,9,9,63,1,泪失禁体质_
1008,0,仙儿呐,0,39,2,0,0,294,0,_
1009,0,最强影视剪辑,288,122,337,15,15,18,1,🇨🇳做抖音最强的人🇨🇳_
1010,0,王者菜鸟解说（四川话）,841,37,696,3,3,7,1,我的操作就是为下饭而存在，自娱自乐无欲无求，素质低者请点关闭。我的解说纯粹为了带来欢乐，本人没上过王者，看操作的请出门右拐。我的解说你觉得听得懂就听，听不懂就算了，反正我也是瞎解说的。_
1011,0,世态言凉,0,12,0,0,0,4,0,_
1012,0,快乐剪辑,177,37,41,1,1,30,1,⭐️分享视频，分享快乐⭐️您的满足就是我最大的快乐⭐️如果可以，给个关注，十分感谢_
1013,0,LinYan2,1410,434,196,78,83,0,1,越来越明白，爱是其次，相处不累才是最重要的所有值得维持的关系，我能给的是我的认真。心比长相好，懂_
1014,0,deserve.,0,44,13,0,1,367,0,_
1015,0,我是铭仔儿,83,1108,84,6,6,7868,1,铭泽宝宝是个小萌娃🤗_
1016,0,夕阳醉了vk,0,15,0,0,0,8,0,_
1017,0,サヨナライツカ,292,71,83,10,11,268,0,_
1018,0,小洲影视,0,24,1,0,0,134,0,_
1019,0,南墙#,1699,43,162,8,12,0,1,。_
1020,0,Tam猫,1300,2876,163,395,395,0,1,🙊_
1021,0,爱呀哈,0,191,35,0,0,176,0,_
1022,0,用户566777458558,475,33,37,16,16,46,0,_
1023,0,云水月,0,259,25,0,0,2417,0,_
1024,0,高高瘦瘦的。,17,89,26,1,1,64,0,_
1025,0,Dsis,10684,144,2427,93,93,469,1,我素颜吓死你_
1026,0,徐哥,53,2238,74,10,11,9090,0,_
1027,0,用户813352,48,32,2,58,61,398,1,房屋托管需要租房加微信15238698178身在异乡不用慌，托管来帮你找房_
1028,0,用户5078871967295,0,19,0,0,0,31,0,_
1029,0,君君,9,349,25,0,0,0,0,_
1030,0,烂番薯臭鸟蛋,0,318,55,0,0,718,0,_
1031,0,小4,4269,13,203,7,7,307,0,_
1032,0,黄老幺剪剪酱,56,53,1,8,8,56,1,感谢抖音🌟感谢关注🌟感恩有你🌟_
1033,0,众乐乐影视剪辑,18,90,13,9,9,20,1,•感谢抖音🙏•感谢您的关注与点赞🙏•爱影视爱剪辑❤️➕众乐乐影视剪辑-更多精彩内容分享😊_
1034,0,犀利电影,186,26,17,9,9,25,1,❤️看电影   ❤️可以改变人生❤️有应必回，非常宠粉❤️想看什么电影随时私信我哦❤️一首音乐，一部电影，看精彩人生_
1035,0,国民小公举,0,1835,10,0,0,1004,0,_
1036,0,7剪🎬,28664,41,10791,35,35,3,1,⸂⸂⸜👊⸝⸃⸃热爱剪辑 つ😘つ即使不火也会保持每天更新ღ💌ღ谢谢给个免费的关注_
1037,0,Liu,106,174,133,16,17,426,0,_
1038,0,dyk5gmfbfoc4,0,76,43,0,0,58,0,_
1039,0,妮妮！,109,274,74,17,18,568,0,_
1040,0,夏颜  ’,57,61,12,18,23,1720,0,_
1041,0,（影视剪辑）,5,43,4,1,1,308,1,一起和我看电影吧❤️💛💙_
1042,0,肥兔,37,40,6,10,10,48,0,_
1043,0,麦芽糖,228,326,62,35,36,1197,0,_
1044,0,稻草人影视剪辑,36,43,3,10,10,34,1,即使不火，每日更新一首音乐，一部电影感谢抖音，感谢官方正能量感谢你的点赞，关注，承蒙厚爱_
1045,0,兴贸玉米油,15,120,24,1,1,0,1,诸城兴贸玉米油17616761198_
1046,0,用户6908815206460,0,22,2,0,0,1020,0,_
1047,0,八喜.,34,18,16,3,3,0,1,来日方长_
1048,0,燕子,1621,1146,2113,82,83,2521,1,生活从未变的容易，只不过是我们变的更坚强。即使生活给我们_
1049,0,",0li",0,1372,44,0,0,0,0,_
1050,0,这坑爹的,0,108,3,0,0,1937,0,_
1051,0,哦哦哦哈哈哈哈好吧,934,95,72,36,36,0,1,人生有度，进退自如!_
1052,0,龙腾剪影,191612,20,14367,24,24,319,1,👉🏻热爱影视    多多支持🎬👉🏻爱生活    爱抖音🎬👉🏻感谢官方  感谢抖音❤️_
1053,0,范典,347,68,45,28,46,396,1,我们的幸福生活。_
1054,0,来来来和你一起看剧了,0,22,29,0,0,0,1,我的离开恰逢花开_
1055,0,天蓝,324,223,82,22,22,1132,0,_
1056,0,约客&,190,82,43,20,20,1900,0,_
1057,0,似秋非秋,0,31,21,0,0,1518,0,_
1058,0,玩个锤子,9,35,8,1,23,761,1,❤️感谢抖音大大❤️感谢你的关注❤️每天坚持更新❤️你我共同传递正能量_
1059,0,浅玥,0,116,3,0,0,205,1,做好自己👧开心每一天😄_
1060,0,来碗鸡汤《情感》,1,29,1,0,0,0,1,感谢抖音平台作品每日更新世界只有一个我，你要好好珍惜哦！_
1061,0,小北影视剪辑,0,61,5,0,0,33,1,🇨🇳感谢抖音！感谢官方正能量！🇨🇳🇨🇳原创影视剪辑，长期更新🇨🇳🇨🇳每天都在不断努力学习！感恩！🇨🇳🇨🇳即使不火也会每天保持更新！🇨🇳🇨🇳合作+剪辑教学🇨🇳_
1062,0,老板娘,387,173,1597,0,1,806,1,分亨拍抖音经验关注：靖江市匠边鱼烤鱼馆老板娘_
1063,0,虎哥🐯,190,99,52,11,11,0,0,_
1064,0,用户596438290972,0,92,4,0,0,0,0,_
1065,0,忆剪辑,77,34,13,6,6,88,1,🌈感谢抖音大大，感谢关注的每一位朋友🙏🌈每日视频更新🌈喜欢和朋友们一起讨论剧情💕🌈保持初心，用心剪辑好每一个视频🌈我们一起回忆青春吧😘_
1066,0,平山米的日用百货综合商行p,0,24,0,0,0,32,0,_
1067,0,小豆芽琴行,12,162,69,2,2,377,0,_
1068,0,用户9776895883533,0,16,0,0,0,21,0,_
1069,0,火龙果影视,0,26,3,1,1,0,1,随心剪辑多多指教_
1070,0,市北区衣燃幸百货店j,0,35,2,0,0,49,0,_
1071,0,Emsg,23,4967,47,4,4,7685,0,_
1072,0,你好,0,32,2,0,0,0,1,故人初别、一而终_
1073,0,用户8381000482430,1,12,1,1,1,125,0,_
1074,0,高新技术产业开发区奥博工作室,0,37,0,0,0,53,0,_
1075,0,舒舒,294,223,63,14,14,9267,0,_
1076,0,李木子,19,856,47,6,8,1196,0,_
1077,0,西安市新城区李焕金百货店f,0,21,0,0,0,37,0,_
1078,0,曾经的曾经,0,1439,4,0,0,2768,0,_
1079,0,柚子（影视剪辑）,0,88,2,0,0,82,1,感谢抖音感恩遇见每天持续更新_
1080,0,胶州市择天之网络工作室,0,25,0,0,0,37,0,_
1081,0,高新技术产业开发区百奥网络工作室..,0,44,0,1,1,52,0,_
1082,0,临沂商城林义食品商行,0,44,4,0,0,55,0,_
1083,0,烧麦,413,2922,46,48,49,9265,1,生活不易，自寻其乐_
1084,0,王学成,4,714,63,1,1,473,0,_
1085,0,记得说晚安,0,329,8,0,0,0,0,_
1086,0,用户5748461861068,0,44,0,0,0,43,0,_
1087,0,属实给爷整笑了,0,73,9,0,0,64,0,_
1088,0,小伍(电影剪辑),3501,10,823,2,2,0,1,谢你的关注❤感谢抖音平台❤️影视剪辑爱好者❤️持续更新好作品❤️_
1089,0,richard,85,3922,30,43,103,10982,1,肉肉，有一点傻_
1090,0,🐰🐹假装情人,0,34,2,0,0,34,1,💔💔碎了一地的玻璃心我是你的大宝贝_
1091,0,💕长情的告白,1,24,1,2,2,28,1,❤️欢迎来到主页，相遇就是缘分❤️唯一个人账号，其它都是假冒的_
1092,0,👏🏿👏🏿👏🏿尽情摇摆,0,26,1,0,0,26,1,❤️几多炽热，欢迎来到主页，相逢即是缘❤️❤️❤️❤️❤️我的真心谁来负💕💕💕个人唯一账号_
1093,0,王№&旳娈薆,35,870,16,6,6,3051,0,_
1094,0,你挡着我发光了,0,951,43,0,0,5127,1,小朋友你是不是有很多的问号❓_
1095,0,陆火火🔥,271,74,115,3,4,187,1,一起遇见最美好的自己！_
1096,0,人生如闫,42,325,20,9,9,1392,0,_
1097,0,启航影视剪辑.,708,16,57,23,24,0,1,🐬感谢这么优秀的你还关注我！❤️感谢抖音官方的热心推荐～持续更新🌹超级宠粉想看什么就来告诉我吧！_
1098,0,静听,0,1690,18,0,0,1914,0,_
1099,0,用户5018398585843,0,33,0,0,0,34,0,_
1100,0,堕落。,0,78,15,0,1,6952,1,都未曾拥有 何来失去一说_
1101,0,笑着哭更痛,9,18,0,0,1,146,0,_
1102,0,茉莉,0,26,2,0,0,96,0,_
1103,0,💁🏼敬余生自由,0,33,3,0,0,38,1,🥰😍🥰个人唯一账号，其它的都是假冒_
1104,0,用户4056847996765,0,33,1,1,1,34,0,_
1105,0,🙈怕雷劈的女子,0,24,0,2,2,23,0,_
1106,0,王秀艳,529,1849,144,75,76,2962,0,_
1107,0,123,4,16,8,0,1,463,1,"🌈    从不缺乏重新开始的勇气""_"
1108,0,居家好物精选,31485,346,2123,31,74,132,1,每日分享最实用的好物，关注我。商品都在商品橱窗里哦，陆陆续续都会上新的，感谢支持_
1109,0,繁星（影视剪辑）,0,17,1,0,0,0,1,🔥感谢抖音平台🔥感谢你的关注🔥定时更新作品🔥有你们的地方就有爱_
1110,0,可一,147,26,54,21,21,1,1,要么出众要么出局_
1111,0,爱剧喵,3,29,3,1,1,121,1,❤️优质、精彩电影片段剪辑☘️每天12:00更新      🖐️剪辑不容易，大家点个赞再走吧👍_
1112,0,luaghing瑟,25,235,12,8,8,53,1,亲贤臣，远小人._
1113,0,九州影视,71,57,30,12,12,29,1,九州幻想国际影视传媒(北京)有限公司_
1114,0,柠檬黄,78,139,22,10,10,1135,0,_
1115,0,大燕影视,0,31,0,0,0,31,1,爱抖音，爱生活，爱剪辑！感谢抖音记录美好生活🌹_
1116,0,昵称已重置,683,781,302,5,5,324,0,_
1117,0,用户5118600190632,3,53,10,1,1,2704,0,_
1118,0,九零-零零,1,17,9,1,1,13,0,_
1119,0,Pseudo-lover,33,56,2,0,0,582,0,_
1120,0,浩言影视,879,21,561,5,5,0,1,✨视频剪辑爱好者✨感谢各位朋友的支持、喜欢可以➕关注✨每日视频更新、以后会更精彩💕感谢官方💕感谢抖音✨_
1121,0,过儿,207,220,23,46,47,5505,1,谢谢你们的关注❤_
1122,0,佛系青年 （影视剪辑）,184306,46,9930,14,14,0,1,🌈感谢抖音✨感谢大家对我支持✨🌈🌈追剧推荐 韩剧tv🌈_
1123,0,liushiny,8,158,1,6,6,295,0,_
1124,0,维一放映厅🎥,0,25,0,0,0,0,1,🌈爱追剧，用心分享精彩剧情🌈 持续更新，给您不一样的观影体验🌈感谢有这么好的平台与大家分享🌈谢谢您的支持与陪伴_
1125,0,佳好,0,68,3,0,0,141,0,_
1126,0,言,0,175,11,0,0,874,0,_
1127,0,陌上烟雨💔,0,586,8,1,1,661,0,_
1128,0,橘🍊,44,2859,92,0,0,0,0,_
1129,0,用户1769731441625,0,13,2,0,0,4653,0,_
1130,0,哥的回忆,22,71,24607,1,3,0,0,_
1131,0,伊人影视剪辑,206,58,22,3,4,0,1,✨感谢抖音 感谢喜欢✨原创剪辑✨从此不再闹剧荒_
1132,0,世界的另一半,249,1486,112,0,0,0,0,_
1133,0,用户7799427589113,0,102,0,0,0,9,0,_
1134,0,萌兔的日常,6854,92,1027,41,41,92,1,一只喜欢吃手吃脚的兔子_
1135,0,江中仙,933,244,559,27,27,4445,1,🌈🌈🌈谢谢喜欢🤞_
1136,0,？！事,0,3552,7,0,0,4044,0,_
1137,0,无语,19746,2885,1607,767,1103,0,1,如果我用你待我的方式来待你，你早已离去，_
1138,0,💝美少女战士👠,263,1076,46,28,28,1640,0,_
1139,0,翠色风铃,72,76,15,21,21,2860,0,_
1140,0,用户277229838920,124,204,29,19,19,540,0,_
1141,0,蒲公英～,56,329,56,6,6,2649,1,生活就是一面镜子 ，就看你怎么活_
1142,0,小王子和平精英,8,1690,29,1,1,199,0,_
1143,0,黑马影视剪辑,25,44,9,5,5,18,1,感谢官方，感谢关注，热爱剪辑，支持正能量，每日更新，黑马出品，必属精品，持续更新好作品，_
1144,0,虎妞说房,18,79,26,9,9,9,1,家乡:秦皇岛关注我让你买房不吃亏每天分享房产知识和买房经验_
1145,0,在,0,3668,19,0,0,11857,0,_
1146,0,启启剪辑,0,56,89,0,0,97,1,🎉感谢官方大大🎉启启影视剪辑🎉感谢你的点赞与关注_
1147,0,爱笑的女孩😍😍,2540,666,213,422,423,5583,0,_
1148,0,张垂玲,0,77,0,0,0,73,0,_
1149,0,冷酷影视剪辑手,314814,114,31858,29,29,635,1,❤️感谢抖音，感谢关注🎉每日更新，电影剪辑💪明天更好，大家更好😘赞了再看，世间灿烂_
1150,0,@奇奇影视剪辑,80,131,55,1,7,516,1,🌸感谢抖音平台，感谢官方🙏🙏🌸感谢每一位支持我的朋友♥♥🌸爱剪辑，爱生活，用心剪辑每一个作品🌹🌸每天更新，期待您的关注💋💋_
1151,0,贪财有道（影视推荐）,3253,81,1053,43,43,80,1,手段不够硬，身段就要软。感谢关注🙏🙏你想看的这里都有！如有侵权，请联系删除。_
1152,0,改邪归正你归我,0,371,12,0,0,568,0,_
1153,0,陈英,38,215,17,14,14,0,0,_
1154,0,Sig.A,0,2320,20,0,0,0,0,_
1155,0,chen光,12,782,21,2,2,12815,0,_
1156,0,九離,4101,14,378,47,47,1776,1,我不是垃圾桶.什么垃圾都收.何况垃圾还分类_
1157,0,Roosevelt,0,2101,21,0,0,44,0,_
1158,0,哈😄,0,25,11,0,2,256,0,_
1159,0,陈二牛,4,17,10,1,1,0,0,_
1160,0,10有八九,1176,37,107,53,53,148,1,一叶落  知深秋_
1161,0,一个人的呼吸,23,179,25,4,4,906,1,越努力越幸运_
1162,0,开心女济公,19,14,4,7,7,36,1,双击点赞么么哒   不定时直播_
1163,0,张子,0,111,1,0,0,444,1,长恨此生不逢时。_
1164,0,Faith,43,47,26,6,6,14,0,_
1165,0,小清新,680,1266,153,75,75,2422,0,_
1166,0,路小路,598,2407,917,0,0,454,1,👤对方已关注了你_
1167,0,已重置,0,3997,51,0,0,12064,0,_
1168,0,❤️靓靓影视❤️,35,16,5,2,2,0,1,❤️感谢抖音给我这么好的平台❤️  ❤️每天更新    告别剧荒 ❤️_
1169,0,妖精的尾巴,122,413,29,2,19,575,1,明明_
1170,0,太阳公公,9,263,1,2,2,87,0,_
1171,0,小头,17,63,28,0,2,114,1,👦👧👔👗_
1172,0,花可重开人无再少年,45,337,30,13,13,67,1,学别人之长补自己之短，学习有经过，脚踏实地真诚以待做最好的自己，只为一个人的孤独充实，加油加油加油_
1173,0,勇哥影视追剧,16,24,3,2,3,5,1,❤️视频剪辑爱好者❤️❤️喜欢的请➕关注❤️❤️精心剪辑❤️努力创作❤️多多关照❤️❤️创作的路上虽艰辛^_^有你陪伴就好❤️❤️感谢抖音❤️感谢关注我的朋友❤️❤️评论区每天都会跟大家互动❤️_
1174,0,墨小白(影视),8,20,2,3,3,33,1,⭐️感谢官方⭐️感谢关注⭐️承蒙厚爱⭐️只做原创⭐️拒绝搬运⭐️感谢抖音提供这么好的平台_
1175,0,胆小G影视,151004,48,49113,11,11,0,1,✨视频剪辑爱好者✨承蒙各位喜爱、喜欢的朋友们➕关注哦✨每日视频更新、以后会越来越精彩💕感谢官方💕感谢抖音✨_
1176,0,小X影视,0,62,3,0,0,0,0,_
1177,0,Sunshine,0,179,8,0,0,0,0,_
1178,0,啊切！（影视剪辑）,16,64,5,2,2,52,1,感谢抖音🌕感谢官方🌖支持原创🌗持续更新🌘v:15845715575_
1179,0,阿战,0,82,2,0,0,114,0,_
1180,0,小丑搭（影视）,27,297,112,3,3,0,1,🇨🇳感谢在抖音遇见可爱的你！🇨🇳用心分享有趣的影视作品！🇨🇳不忘初心，方得始终！_
1181,0,张淼淼,96,160,66,18,19,4229,1,最美的风景是你的笑容_
1182,0,悟小一,20,196,50,1,1,2361,1,风继续吹_
1183,0,颖～诺言,5,146,13,1,2,4937,0,_
1184,0,噜啦啦噜啦啦,8,22,5,0,0,0,0,_
1185,0,烟熏醉了猫,9,501,24,0,0,1772,0,_
1186,0,考度剪辑狗🐶,58,17,20,4,4,13,1,一只热爱剪辑的狗哥感谢抖音平台🌟感谢你的关注🌟_
1187,0,user2153909329431,13,111,28,1,1,496,0,_
1188,0,余生请多多指教🍃,13,242,20,2,2,0,0,_
1189,0,茶缸,0,714,18,0,0,2851,0,_
1190,0,梁旭_250847338,69,564,221,1,9,464,1,新乡县创新运输公司往返福建全境，承接整车大小零担，欢迎新老朋友致电――壹捌陆零叁柒叁柒陆陆玖（18603737669）_
1191,0,红茶影视剧,599,62,64,18,81,151,1,感谢抖音感谢关注我每一个故事评论区和大家互动_
1192,0,WE,4,332,5,2,3,280,0,_
1193,0,一醉清风,59,2753,30,13,18,24793,0,_
1194,0,音为爱,977,385,304,74,78,902,1,不要向任何人诉苦，因为20%的人不关心，80%的人听了很好笑，摆正心态，温柔自相随过好每一天………_
1195,0,螺丝姐姐,357,243,63,0,0,0,0,_
1196,0,木子剪辑,618,15,62,6,6,12,1,❤相遇不负未来❤感谢抖音平台❤喜欢追剧的朋友可以关注我_
1197,0,ζ、清风明月,0,538,10,0,0,1309,0,_
1198,0,🌸Little lucky,374,81,33,0,38,0,1,🌸    听过无数的道理可还是过不好这一生🌻_
1199,0,要么瘦要么死,9,10,4,16,16,14,0,_
1200,0,.,0,140,1,0,0,0,0,_
1201,0,熊老四,0,734,9,0,0,1460,0,_
1202,0,乡村小哥《影视》,429,305,222,8,8,760,1,影视剪辑，分享最精彩的影视片段。愿每天带给大家快乐的瞬间！你们的快乐就是我最大的动力成就。也感谢你们的点赞与关注。愿大家天天快乐，青春永驻。_
1203,0,墨,0,4987,285,0,0,8195,0,_
1204,0,超群哟,0,820,6,0,0,1124,0,_
1205,0,山煎美食,217,50,25,9,9,41,1,户外煎烤  回归自然原始做法  味道鲜美_
1206,0,... ＇Yu,0,216,1,0,0,862,0,_
1207,0,力翔优品小站,0,59,50,0,0,1063,1,感谢支持，感谢有你❤️_
1208,0,👣愿你所欢👣,99933,332,10794,0,0,0,0,_
1209,0,五好学生帅博航,0,4253,15,0,0,10574,0,_
1210,0,风度°,1,30,3,1,1,1506,0,_
1211,0,丫丫视频剪辑,41,1043,191,8,8,291,1,喜欢就好_
1212,0,这䓳萧霐郁❤,246,1407,31,9,9,6718,0,_
1213,0,阿泽剪辑,0,8,1,0,0,0,1,感谢关注🥰感谢官方👍🏻中国加油🇨🇳快乐的源泉在这里哟💕关注阿泽🚦剪好看的影视给大家看_
1214,0,追求我心动的人。,21,4980,42,4,5,12493,0,_
1215,0,辰,0,1789,7,0,0,0,0,_
1216,0,我爱你影视剪辑,140206,664,6805,18,24,440,1,🔥热爱视频剪辑，感谢支持分享🔥每天更新视频，坚持原创作品🔥相互学习交流，期待您的关注🔥感谢抖音平台，关注我不迷路_
1217,0,动人清,0,31,21,0,0,0,0,_
1218,0,邓小建呐,7,62,14,1,1,0,1,Vx:1159636296_
1219,0,向传富,0,70,9,0,0,252,1,🍭🍒🐰_
1220,0,阿祥《影视剪辑》,0,103,2,0,0,73,1,🙏感谢抖音官方绿色平台🙏感谢朋友支持🙏看最精彩的剧情，悟最真实的人生🙏每天为你更新精彩影剧_
1221,0,喜洋洋,597,137,132,27,27,533,0,_
1222,0,北方狼歌~🐺,0,72,15,0,0,172,1,忘记你是那么难！_
1223,0,经典（影视剪辑）1986,0,94,0,0,0,51,1,喜欢电影，热爱剪辑一个视频，一个故事感谢抖音，感谢关注_
1224,0,哦哦😯,886,390,153,0,2,628,0,_
1225,0,大帅影视.剪辑（0315）,0,42,1,0,0,91,1,喜欢剪辑，热爱电影一个视频，一个故事感谢抖音，感谢关注😍😍😍😍😍😍😍_
1226,0,用户834483809484,0,521,0,0,0,217,0,_
1227,0,He~~xJun,0,68,14,0,0,0,0,_
1228,0,💭米饭o💕🐛,5535,4678,769,45,46,3731,1,活在当下，展望明天_
1229,0,龙湖城陈丹,52,245,74,4,4,284,0,_
1230,0,孤独何惧,287,452,174,12,14,54243,0,_
1231,0,俊哥影视剪辑,7,53,21,3,3,129,0,_
1232,0,wankc,0,2223,12,0,0,2792,0,_
1233,0,不能叫姐姐,0,7,1,0,0,1939,0,_
1234,0,噢,0,41,1,0,0,127,0,_
1235,0,B神和T仙儿,2055,916,303,42,50,9065,1,任何事儿都能跟艺术沾边儿！或者跟你沾边儿！_
1236,0,小眉视频剪辑,2588,16,156,13,13,30,1,✨感谢抖音平台 感谢能支持本喵的小主们✨✨追剧赏片是一只宅家喵的必修课🐈一个故事一段喵生🐱从此陪你度过漫长时光🌈新人大家多多帮忙点赞关注🙏谢谢您🐱🐱🐱_
1237,0,邯郸市丛台区天竹纸包鱼小吃店,59,371,11,11,13,1330,1,天竹渔村纸包鱼月亮湾店全体员工欢迎各位朋友的到来。地址：邯郸市丛台区景明路230号～月亮湾小区西门。订餐电话8023888_
1238,0,细心❤️,3,198,4,2,5,973,0,_
1239,0,💋,5,4153,44,0,4,6480,0,_
1240,0,陈潼学（影视剪辑）,319,332,42,9,9,0,1,爱抖音，爱生活，爱剪辑！感谢抖音记录美好生活！感谢抖音👑每天持续更新👌👌_
1241,0,她似人间明月,0,287,0,0,0,5,0,_
1242,0,上善若水,975,97,78,201,214,4484,0,_
1243,0,fan、qi.☀,89,1770,116,6,6,5832,1,争自己想要的，拼自己没有的。_
1244,0,古小賀,50321,8,2197,17,17,0,1,感谢抖音平台✨✨✨✨感谢关注感谢点赞❤️街拍分享_
1245,0,云朵儿,2,15,19,0,11,0,1,感谢抖音，给予好的平台。_
1246,0,嘻嘻,0,1869,50,0,0,5398,0,_
1247,0,帆帆影视剪辑,0,6,1,0,0,99,1,❤️视频剪辑爱好者❤️喜欢的请+关注❤️精心剪辑❤️努力创作❤️多多关照❤️创作路上虽然艰辛 有你陪伴就好💕_
1248,0,小姐姐,10,3816,66,4,6,0,0,_
1249,0,阿九的小茉莉,0,476,6,0,1,213,0,_
1250,0,一个男人,0,121,1,0,0,1,0,_
1251,0,Sweet☆影音,269,163,6,8,58,350,1,陪你看/听   影视🎶音乐_
1252,0,今夕何夕,6,166,33,2,3,0,1,wang11060101_
1253,0,至臻小亮儿,0,887,40,0,0,2709,1,你们说我们男生的嘴是骗人的鬼，那你们女的就不是么？_
1254,0,凌空飞燕,0,62,2,0,0,741,0,_
1255,0,uu,0,233,22,0,0,0,0,_
1256,0,不赌天意，不猜人心,73,309,43,14,18,2481,0,_
1257,0,•  小玛 丽,2443,55,313,57,57,0,1,没有才艺，只是自己开心，娱乐而已！！_
1258,0,开心影视剪辑,814,54,22,7,7,34,1,一首旋律，一部电影，一个故事。每日更新告别剧荒。_
1259,0,丑八怪影视,462,7,19,10,39,853,1,✨视频剪辑爱好者✨承蒙各位喜爱、喜欢的朋友➕关注✨每日视频更新、以后会越来越精彩✨学习交流y5991897521💕感谢抖音💕感谢官方🌔_
1260,0,暖暖闹闹的,185,92,83,16,20,246,1,我也就是我_
1261,0,蓬莱（影视剪辑）,0,168,18,0,0,73,1,感谢斗音让我们相遇 给我们相互学习机会让我们一起加油💪感谢官方感谢斗音_
1262,0,我是你豪哥,1740,1498,1123,154,154,12007,1,唱歌业余爱好，专业王者带飞。_
1263,0,จุ๊บ狼จุ๊บdě誘惑,800,463,358,21,21,2500,1,生活有你更精彩_
1264,0,❤️酒城影视（爱追剧）,75,16,7,6,6,0,1,❤️传递爱心，传播正能量❤️唤醒～爱心，见证正能量❤️每一段视频，都有她自己的故事❤️关注～我，福气给您，天天精彩不断……_
1265,0,潮叔影视,296043,297,44364,135,243,772,1,👑感谢抖音提供这么好的平台👑感谢官方大大给的每一个热门_
1266,0,小黑妞,0,160,4,0,0,276,0,_
1267,0,寄情,0,54,17,0,0,357,0,_
1268,0,埘間の誋憶,102,301,107,7,10,228,0,_
1269,0,@不爬树的小猴子,1003,2184,132,90,90,22278,0,_
1270,0,曼珠沙华(拒绝私聊),2487,2914,452,14,28,0,1,拒绝私聊_
1271,0,像疯了一样❁,0,147,4,0,3,1771,0,_
1272,0,玫,0,10,6,0,0,5,0,_
1273,0,小汤圆,264,1754,141,22,25,3926,1,点赞的小哥哥，小姐姐们越来越帅，越来越漂亮。都是高颜值。_
1274,0,『北陌 ♡  青梅几时青』,0,84,8,0,0,524,0,_
1275,0,天空中最亮的星✨🌟,988,244,138,55,55,237,1,愿你得到爱与尊重，是因为你足够配得上～_
1276,0,大伟,0,81,135,0,0,7,1,爱剪辑，爱摄影用手机记录美好生活_
1277,0,经典剪辑,0,27,0,0,0,1,0,_
1278,0,服务到家乐生活,533,387,963,10,11,120,0,_
1279,0,孟夫人,15,63,6,3,3,27,1,分享美好生活，微胖 爱笑是我最明显的标志_
1280,0,笑傲乾坤。。。。,0,182,0,0,0,207,0,_
1281,0,九天文化传媒,2,103,156,1,2,59,1,🌟很荣幸得到你的关注✨精彩影视期待你的支持⚡️感谢官方 🪐感谢抖音 💫感谢平台💥以后我一定会努力做好_
1282,0,程天意,448,90,34,0,0,0,0,_
1283,0,清风烈酒,1174,1483,622,19,20,0,0,_
1284,0,而我只想沦陷于你,0,808,18,0,0,0,1,希望你懂得珍惜，希望你懂得后悔_
1285,0,用户4244241031632,0,59,0,0,0,15,0,_
1286,0,米粒儿影视剪辑,929,33,39,13,13,25,1,剪辑不易，感谢支持❤️坚持原创，感谢关注❤️承蒙厚爱，不胜感激❤️影视推荐，告别剧荒❤️_
1287,0,星剪辑,4,184,29,2,2,90,1,❤感谢抖音平台❤承蒙厚爱喜欢+关注❤因为热爱而用心剪辑❤每日更新 敬请期待❤V S06831389_
1288,0,榴槤牛奶,0,1052,6,0,0,2907,0,_
1289,0,李无香,5733,477,1884,107,107,1302,1,这世上除了生死，其他哪桩不是闲事..._
1290,0,一战成名,4026,4893,272,56,57,1506,1,喜欢帅哥CP_
1291,0,kun,0,815,17,0,0,14676,0,_
1292,0,小兔饼干,7,1272,10,2,2,3065,1,我是一个精神小妹_
1293,0,小张,0,5000,282,0,0,849,0,_
1294,0,少年,799,4492,376,93,95,8827,0,_
1295,0,Linanana,0,159,7,0,0,0,0,_
1296,0,霗獄,0,927,21,0,0,6034,0,_
1297,0,饕餮,1,440,15,0,2,7107,0,_
1298,0,雪儿·服饰,6,96,7,10,10,0,1,一个人要么成为艺术品，要么穿一件艺术品_
1299,0,南淮,684,379,56,18,19,0,1,过好自己🤗_
1300,0,双向的奔赴才有意义,0,212,3,0,0,321,0,_
1301,0,陈鑫,0,175,1,0,0,1,1,……_
1302,0,三生三世,0,21,0,0,0,45,0,_
1303,0,柠岫,0,2184,29,0,0,3064,0,_
1304,0,秋天不打烊,357,152,20,10,24,0,1,影视剪辑｜音乐欣赏风格不定｜踩点｜古风｜时尚_
1305,0,冷峰,0,4,17,0,0,366,0,_
1306,0,心。,11,33,21,2,2,2902,1,QQ:2687301033_
1307,0,天天影视剪辑,1888,41,622,9,9,124,1,精彩视频每天更新_
1308,0,弟弟:,1,116,33,0,0,0,0,_
1309,0,豆豆影视,352,250,372,8,9,273,1,🙏感谢抖音官方👄爱抖音👄爱生活👄支持原创👄传递正能量_
1310,0,大晨观影,0,153,1,0,0,106,0,_
1311,0,全球热歌推荐,39,189,14,13,13,0,1,🎶热歌推荐🎊情感文案🎈🎶听一首歌🔂忆一段情🌹🎶我有故事✨你有酒吗🍻🎶承蒙厚爱❤️感谢关注🙏🏻_
1312,0,神剪林哥,0,44,22,0,0,113,1,感谢关注感谢抖音官方支持原创作品我还是曾经那个少年，没有一丝丝改变。_
1313,0,家豪电影,0,23,1,1,1,2,1,感谢官方，支持抖音！输出正能量，每天一部剧！_
1314,0,₍ᐢ..ᐢ₎ ༢✰,381,523,209,24,24,0,1,ᑋᵉᑊᑊᵒ ᵕ̈ ᑋᵉᑊᑊᵒ   ʚ︎ 🌻 ɞ_
1315,0,me,10,260,7,1,1,942,0,_
1316,0,一狐影视,171,194,28,28,28,56,1,✨感谢抖音，支持正能量🎬观看视频感悟人生❤关注不迷路，下期更精彩_
1317,0,麦麸正能量,0,57,5,3,3,0,0,_
1318,0,用户3741607102151,0,55,1,0,0,1548,0,_
1319,0,泓汝茶行（冰儿）,5965,2335,1766,186,218,986,1,一切都是真实录制、希望得到朋友们的关注_
1320,0,羽熙（紫默）,352,1113,849,10,12,12268,1,随便玩玩(  •̆ ᵕ •̆ )◞♡喜欢就点赞评论，不喜勿喷_
1321,0,半夏半心🍉,33,800,6,0,0,0,0,_
1322,0,不可以这样子🍬,0,104,44,0,0,157,1,"Now or never,all or nothing_"
1323,0,安然,0,4345,34,0,0,0,1,喜爱旅游，热爱生活，专注做日妆的水瓶座姑娘，希望认识更多有相同爱好的朋友_
1324,0,妍妍影视剪辑,0,137,31560,0,0,9,1,感谢抖音 感谢关注我的朋友☜承蒙厚爱  感恩有你☜一段旋律  一个故事  告别剧荒_
1325,0,诺诺（影视剪辑）,1857,208,370,15,15,364,1,每天分享精彩视频感谢关注  感谢观看感谢抖音官方平台_
1326,0,瞎鬼,25,223,3,28,29,57,1,搞笑，感人，好音乐分享_
1327,0,哦了个酱,0,87,0,0,0,0,0,_
1328,0,影视大军,91,160,38,5,5,298,1,六年自媒体运营短视频分享者关注我，让我们一起成长_
1329,0,侠探影视,35466,13,2930,8,8,53,1,🙏🏻感谢抖音官方💖感谢关注_
1330,0,小辣椒🌶️🌶️🌶️,129,191,23,29,35,511,0,_
1331,0,多鱼影视,0,117,0,0,0,119,1,🎗原创剪辑，影视人生🎗学无止境，欢迎指导_
1332,0,用户3064443052654,0,544,4,0,0,3777,0,_
1333,0,槑.,102,147,8,0,0,0,0,_
1334,0,清风影视剪辑,0,31,0,0,0,8,0,_
1335,0,做个梦给你.,100,22,87,4,4,4871,0,_
1336,0,苏悠悠,8,272,12,0,40,1261,0,_
1337,0,友味年华,10,66,2,1,1,113,1,每一天，努力让梦想更近一步！_
1338,0,南岸青栀,0,3279,27,0,0,50029,0,_
1339,0,A5,0,6,1,0,0,24,0,_
1340,0,未来可期✌(̿▀̿ ̿Ĺ̯̿̿▀̿ ̿),0,35,10,0,0,1738,0,_
1341,0,用户4089655176848,100,279,32,12,12,71,0,_
1342,0,刘家二妹,0,30,7,0,2,534,0,_
1343,0,仓鼠妹妹,1138,531,163,175,177,4190,1,半壶纱_
1344,0,林妹妹（影视剪辑）,9,162,2,3,3,439,1,❤感谢官方，感谢关注❤视频每天更新，感谢大家厚爱❤喜欢的请点赞关注_
1345,0,老公,118,241,48,23,29,1240,1,绝对_
1346,0,红儿,417,282,235,5,5,120,0,_
1347,0,西西弗电影,3,55,3,2,2,0,1,在电影的世界里等你。_
1348,0,知心月姐,109401,288,58220,53,72,1599,1,爱生活，感谢抖音平台。你如果难过、委屈、迷茫，和父母说怕父母担心的，和身边人说怕被笑话的，都可以来我直播间倾诉，给心灵一点释放。直播时间：每晚12点免费连麦：w527156764_
1349,0,惠子（影视剪辑）,0,14,3,0,0,87,1,一个爱生活，爱追剧的小阿姨_
1350,0,小时光,12,69,47,1,1,807,1,感谢抖音平台！感谢大家关注！越努力越幸运！_
1351,0,💥上善若水💫,63,649,89,8,9,2727,0,_
1352,0,某言,3,1648,210,0,0,0,0,_
1353,0,王富民,0,1402,5,0,0,782,0,_
1354,0,鹤鹤鹤鹤鹤鹤,51,254,54,7,7,6386,0,_
1355,0,张冰棍,0,100,5,0,0,0,0,_
1356,0,大荔（影视剪辑）,1,5,1,4,4,7,1,❤️感谢官方平台✨❤️感谢大家的支持✨❤️我会努力制作每一部作品✨_
1357,0,废柴,0,878,12,0,0,12490,0,_
1358,0,浅笑余生,20,837,26,0,0,0,0,_
1359,0,超燃混剪王,0,282,3,0,25,130,1,💕爱影视爱剪辑。💕每日更新精彩视频。💕谢谢你那么好关注了我。💕感谢官方 .感谢抖音。_
1360,0,剪小影🇨🇳,43,18,11,2,2,18,1,🙏感谢粉丝关注，感谢抖音平台🙏每天为您更新不一样的内容💓在这里您要的应有尽有_
1361,0,小夫妻日常生活,8,98,57,1,1,225,1,感谢抖音短平台  感谢关注我的朋友💘一段视频一个故事💘每天和大家互动评论💘每天更新小段视频❣️❣️_
1362,0,你的小西西呀,2163,59,171,66,66,831,1,不羁放纵爱自由_
1363,0,没心没肺没世界,0,91,5,0,0,211,0,_
1364,0,丽儿,1328,402,176,70,86,1335,1,以前觉得幸福与我遥不可及，当我遇上你，我才相信她们所说的会有幸福。请相信每个人都会有属于自己的幸福，不论早晚，终究会来。_
1365,0,JJX,2,707,3,1,1,2284,0,_
1366,0,汤汤贾德,0,24,1,0,0,20,0,_
1367,0,我,0,64,12,0,0,15,0,_
1368,0,小芮剪辑,0,52,1,0,0,1,1,🌸热爱抖音 热爱剪辑✨    🌸每天更新 精彩片段✨         🌸点赞评论 转发关注✨               🌸感谢支持 感恩相遇✨_
1369,0,任可爱,35,20,11,2,2,204,1,这辈子很短，想做个自由的人🍃喜欢剪辑修图你可以和我一起追剧或者追我✨_
1370,0,zz,22,246,10,10,10,1194,0,_
1371,0,用户3349580136172,0,4239,9,0,0,10751,0,_
1372,0,♥,9,51,3,0,37,73,0,_
1373,0,德健影视,1195,67,1150,18,18,42,1,感谢抖音，感谢官方，感谢大家的支持！一部电影，一段故事；一部电视，一段人生！专注影视，只发精品，用心做好每一个视频！每天一部好影片！_
1374,0,诺斯威:影视剪辑,27,171,17,0,0,483,1,❤️热爱剪辑❤️用心剪辑❤️剪辑每部好的作品是我的心声❤️❤️每天不断更新更好的作品呈现给大家❤️_
1375,0,突突兔,35,66,16,8,11,248,0,_
1376,0,小杨影视剪辑,2,7,19,1,1,50,1,❤️感恩相遇  感谢抖音❤️未来的路还很长  我们一路相伴❤️喜欢的请+关注_
1377,0,九零后,34,37,70,0,0,242,1,早知相逢是过客，起初何必去招惹。_
1378,0,ZF,4,2291,27,3,3,7318,1,再不睡，天就亮了_
1379,0,光友,554,1274,191,82,82,3169,0,_
1380,0,情感成长语录,323,30,38,19,19,238,1,生活很苦自己加糖哦🍬_
1381,0,用户4126960357144,0,76,0,0,0,112,0,_
1382,0,可甜可咸🍦,0,25,0,0,0,0,0,_
1383,0,小城故事,0,95,18,0,0,3708,1,没有几个人能从男人手机里走出来的！所以   别手欠_
1384,0,关中1姐影视剪辑,6,20,10,2,2,53,1,喜欢视频剪辑剪辑不易⭐努力创作希望大家喜欢_
1385,0,精神病重病患,5,625,3,1,10,1083,1,愿有人陪你颠沛流离    如果没有   愿你成为自己的太阳……_
1386,0,小灰影视剪辑,66,416,42,8,9,4304,1,强大自己是解决问题的唯一方法_
1387,0,天秤宝online,2470,1613,404,224,392,7114,1,世间相识皆为劫数！盘他_
1388,0,ღ仙聚,0,908,0,0,0,688,0,_
1389,0,杠精《影视剪辑》,0,30,2,0,0,155,0,_
1390,0,贝壳🐚,116,129,60,4,4,154,0,_
1391,0,凶猛的小老虎,11,295,5,3,3,390,1,9岁           深圳               1米35_
1392,0,芬尼尔,286,121,103,25,39,467,1,😉😉😉😉😉_
1393,0,】OK【,0,168,2,0,0,1242,0,_
1394,0,鱼书里,8,39,5,0,1,3,1,ᶘ ͡°ᴥ͡°ᶅ_
1395,0,用户4336666194526,0,11,0,0,0,11,0,_
1396,0,靠自己，才是王道,2615,2440,230,445,456,0,1,熟悉后的陌生_
1397,0,用户2340083444322,193,4481,93,18,18,10188,1,宝贝们！ 世界上最好的👌是属于你们的，妈咪爱你们💋💋💋_
1398,0,立羽,11,724,7,1,1,892,0,_
1399,0,。。。。。。,3,140,7,1,1,689,0,_
1400,0,龙姐,30,102,31,0,25,1087,1,感谢抖音爸爸；不忘初心；每天更进一步！_
1401,0,自己即快乐,28,11,36,5,7,23,1,好好生活就是最棒的_
1402,0,已重置,465,1554,102,56,89,1212,1,兰子小妞_
1403,0,姑娘有点甜,124,2104,92,5,8,12746,0,_
1404,0,橘子熟了,0,23,3,0,0,100,1,证明一下我写了_
1405,0,爱梓轩1989,66,186,68,28,28,3185,0,_
1406,0,小怪兽,107,93,38,8,11,453,0,_
1407,0,狮子座用户1099192851436,0,1197,2,0,0,2937,0,_
1408,0,A我爱你爱了整整一个曾经🎵,280,398,106,18,18,1873,1,未经他人苦，莫劝他人善。_
1409,0,吉祥如意,0,4329,18,0,0,6861,0,_
1410,0,W,639,43,43,86,87,27020,1,没有任何人会成为你以为的今生今世的避风港，只有你自己，才是自己最后的庇护所_
1411,0,周子《励志演讲》,3257,254,9754,35,36,264,1,🔍财商思维🔍财商意识_
1412,0,奶油微微酱_哟哟✨,41,1494,67,9,9,43196,1,✨我会尽我所能带给你们快乐✨_
1413,0,高军,732,2041,647,5,6,56906,0,_
1414,0,开心卓卓,0,101,1,0,0,288,0,_
1415,0,光明的崛起,262,886,60,25,30,95559,1,一ꪣ↙ꪣ′_
1416,0,╭⌒ˊLuna[̲̅V̲̅I̲̅P̲̅],0,623,6,0,0,37,0,_
1417,0,小杨生颠yu,103,481,33,2,52,13948,1,et_
1418,0,梦飞翔,180,330,75,18,18,849,1,梓里情粗粮时代，专注杂粮养生！_
1419,0,用户3308437895492,0,844,26,0,0,1086,0,_
1420,0,凯迪🍫,1365,101,443,31,31,0,1,不碰感情_
1421,0,小山爱剪辑,5,27,2,2,2,0,1,喜欢追剧👻热爱剪辑🎬热点视频持续更新👻那么好看的你还不快来关注👆🏻_
1422,0,喵小鱼er🐬,54333,86,3551,3,3,1198,1,感谢抖音🙏_
1423,0,天天💫剪辑,0,132,34,0,0,522,1,感谢抖音  感谢关注我的朋友用心剪辑精彩视频  承蒙朋友们的厚爱_
1424,0,　🅥　,0,32,6,0,0,0,0,_
1425,0,用户2083344643208,0,20,2,1,1,119,0,_
1426,0,清风（影视★剪辑）,70,127,22,4,4,50,1,✨视频剪辑爱好者✨承蒙各位喜爱、喜欢的朋友们➕关注哦✨每日视频更新、以后会越来越精彩💕感谢官方💕感谢抖音✨_
1427,0,那个笑容～,2,77,35,1,1,0,0,_
1428,0,水诺,1,240,7,0,1,1125,0,_
1429,0,包容,35886,1942,2541,126,127,0,1,谢绝私信_
1430,0,逍遥的小鸟,2,1083,17,5,6,1137,1,本人很嚣张。_
1431,0,这些年欠的影票🎫,42228,93,17175,2,2,25,1,分享经典电影传播正能量😘持续更新 感谢关注😘_
1432,0,第五人格🍥🍥🍥,4517,3055,496,121,131,8739,1,我吃的CP杰园杰佣袭医空佣，不喜欢伸手党(╥﹏╥)我可以陪你，我是医吹_
1433,0,约了剧,0,295,26,0,0,287,1,感谢抖音 感谢关注我的朋友一首歌一个故事从此不再闹剧荒_
1434,0,丫丫影视剪辑,0,74,5,0,0,11,1,感谢抖音 感谢关注我的朋友✨一首歌一个故事 一座城 一个人✨从此不再闹剧荒✨评论区每天会更大家互动✨❤️你的关注是我更新的动力_
1435,0,ღ᭄ꦿ落烬࿐,439,36,31,101,104,1510,1,心有主见，不听传言，莫论人非，笑对人间。_
1436,0,飞淼影视,2303,1194,703,11,23,1478,1,🔥感谢抖音，感谢官方🌹🔥感谢关注，报团取暖🌹🏖_
1437,0,阳纆馨,90,87,744,7,30,375,0,_
1438,0,小萱 💫爱剪辑,72,73,82,0,0,1598,1,🌞影视剧爱好者🌞坚持原创 感谢支持🌞分享自己喜欢的电影_
1439,0,雨后落叶,11,229,22,3,4,8611,0,_
1440,0,乐庆,142,87,61,16,16,2615,1,每时每刻与你同在_
1441,0,开网店的女人,102,26,30,19,19,0,1,成功的路上并不拥挤，因为坚持下来的人太少_
1442,0,秦蜀黍呀,0,51,51,1,1,724,0,_
1443,0,南笙i,20,328,6,2,2,672,0,_
1444,0,梗长老影视剪辑,3875,32,1165,12,14,50,1,施主 来了别忘点关注_
1445,0,E,0,828,16,0,0,0,0,_
1446,0,小樱桃剪影,10,57,4,3,3,27,1,❤视频剪辑爱好者❤喜欢的请+关注❤精心剪辑❤努力制作❤持续更新❤多多关照_
1447,0,娟娟子,302,430,144,14,25,565,1,但行好事莫问前程_
1448,0,尬笑（影视剪辑）,175,36,4,4,4,107,1,感谢抖音🌴🍀感谢官方一个搞笑的剪辑小能手我负责搞笑你负责快乐😊欢迎私信投稿额🌝_
1449,0,红雷迷弟,9,134,7,3,3,0,1,两日一更五分速览11点更新_
1450,0,诚心，诚意,267,620,129,35,35,1141,1,甘心为你做任何事_
1451,0,✧✿♡思绪万千๑❀,1757,345,115,0,0,0,0,_
1452,0,可愛的小熊,4,459,1,7,7,30,0,_
1453,0,吾丶,0,1608,9,0,0,133,0,_
1454,0,美甲美睫,454,1872,99,209,211,0,1,河北省保定市涞源县广昌大街，街心公园附近火麒麟童装美甲美睫店_
1455,0,梦剪辑,0,90,0,0,0,0,0,_
1456,0,木瓜牛奶爱剪辑,1,62,1,0,0,43,1,❤️感谢官方❤️感谢关注❤️交流学习❤️_
1457,0,清酒灼人💋剪辑,278,1204,44,6,6,1676,1,个人剪辑，感谢平台。_
1458,0,义想,0,938,109,0,0,0,0,_
1459,0,像羽毛一样轻,5,288,11,0,5,3479,0,_
1460,0,用户2888280391419,1,38,2,0,0,20,1,感谢关注❤❤❤_
1461,0,༺卫༻,0,1838,11,0,2,3102,0,_
1462,0,蜡笔小新。,486,1644,84,86,86,2865,0,_
1463,0,萱萱,530,209,56,127,127,935,0,_
1464,0,卡普辛·代运营,66,49,1051,9,9,0,1,法国巴黎国际电影学院E.I.C.A.R海归团队周末更新！！！- 卡普辛🗿商务制片Алиша🏰_
1465,0,Z妸,45,48,20,13,13,61,0,_
1466,0,那年,1110,37,24,6,12,29,1,希望每一份的闲暇都可以给大家带来美好的心情_
1467,0,赵三剪,19423,97,460,28,28,35,1,🙏感谢官方提供平台🙏感谢关注 实力宠粉🙏每日更新_
1468,0,用户780972,0,116,8,0,0,0,0,_
1469,0,西瓜柠檬口香糖🦄,469,1923,67,33,33,15283,0,_
1470,0,嘻嘻嘻123,0,23,0,0,0,4,0,_
1471,0,各自安好互不打扰心疼自己,0,540,14,0,0,309,1,我天天练习，练习着不想你。可我的心，却总是偷懒。我试着学会，学会像爱上你那样忘掉你。可我还是，学不会。怪我没有天分，没有爱情的天分你才要走。_
1472,0,爱玩的晓胖纸,1,569,2,0,0,13755,0,_
1473,0,福来此生,0,115,7,0,0,14,0,_
1474,0,HelloWorld@,0,1362,6,0,0,0,0,_
1475,0,沐北影视剪辑,818,26,64,14,14,51,1,🎬爱原创 爱剪辑🎬感谢官方 感谢抖音🎬努力做好每一个视频🎬看电影 经典片段_
1476,0,吴娜娜,0,16,0,0,0,2687,1,嘿嘿嘿嘿嘿嘿嘿嘿嘿嘿嘿嘿嘿嘿嘿嘿嘿嘿嘿_
1477,0,田一影视,107,24,13,0,29,0,1,感谢关注，分享精彩时刻_
1478,0,376✨甜柚~想次糖🍡(尊师~柠柒儿）,14,2324,42,2,2,27530,1,已有闺蜜（沫兮～想次糖）粉丝名：泡沫1W粉，带粉玩生存师傅：柠柒儿师娘（也就是师父的女朋友）：芷曦爱豆：胖迪_
1479,0,飛飛影视剪辑,5064,758,1205,16,16,0,1,剪辑纯属个人爱好❤️           每精彩瞬间与你分享❤️           天感谢大家支持💺                   更剪辑不易  请勿偷盗📣         新喜欢➕关注留下小❤️          哦学习交流 ➕V❤️bxy5201314l_
1480,0,Brian,0,435,0,0,0,0,0,_
1481,0,与孓亻皆鮱,0,965,4,0,0,2958,1,😂😂😂_
1482,0,谭铭浩,180,4728,32,59,59,13167,0,_
1483,0,如懿,32,900,334,0,0,0,0,_
1484,0,已重置,0,25,0,0,0,43,0,_
1485,0,都很好,11,647,8,1,1,2352,0,_
1486,0,月亮🌙,52,1141,16,20,20,14,0,_
1487,0,☺👀人生,1372,452,302,6,8,1625,0,_
1488,0,蓝玫瑰,164,159,46,28,28,299,1,每个人都是主角，各自演绎着不同的人生！_
1489,0,剪辑🉐（傻浩迪）,6302,69,2431,20,20,1233,1,支持官方_
1490,0,四季￡,0,417,5,0,0,12600,0,_
1491,0,奶果酱nek。,0,76,0,0,0,96,0,_
1492,0,滨🔱,64,1040,19,7,7,5414,0,_
1493,0,李大飞,162,143,144,23,28,549,1,爱生活，爱家人，爱亲人；爱音乐，爱听歌，爱唱歌！_
1494,0,手机用户61788012849,3,1232,30,2,2,79,0,_
1495,0,mmh,0,1677,13,0,0,4088,0,_
1496,0,你的初恋🌸粉小妞🌸,287,818,159,0,0,0,0,_
1497,0,念你的我 ✨,16,182,9,7,10,168,0,_
1498,0,球球,921,2090,1644,0,104,2347,0,_
1499,0,嗨哥哥影视剪辑,44,229,129,0,3,0,1,感谢官方，感谢抖音平台！坚持原创，精剪好剧情。热爱剪辑，热爱短视频_
1500,0,韩夏霈,924,61,82,82,82,4837,1,hcf_
1501,0,冰冷,0,139,11,0,0,974,0,_
1502,0,阿伟爱剪辑,21,84,8,6,7,0,1,✨视频剪辑爱好者✨承蒙各位喜爱、喜欢的朋友们➕关注哦✨每日视频更新、以后会越来越精彩💕感谢官方💕感谢抖音平台✨_
1503,0,@小太阳,5,371,9,0,0,0,0,_
1504,0,用户202784535275,0,1,0,0,0,107,0,_
1505,0,将将音乐影视剪辑,26968,360,2443,73,73,1737,1,感谢🙏抖音平台。感谢🙏大家的关注。学习剪辑v13460250135_
1506,0,用户不存在,0,460,2,0,0,87,1,没一个好东西，呵呵_
1507,0,@专治各种不开心,5,253,3,14,14,332,1,❤感谢您的＋关注～点赞❤支持！😊生活不易，专治各种不开心❤每天不定时更新，只出精品！❤好看的皮囊千篇一律，有趣的灵魂万里挑一_
1508,0,爱笑的雅虎,505,109,34,189,189,70,1,美短 豹猫 英短❤️:h14561988_
1509,0,雨萱薇,102,39,2,3,3,30,1,同款衣➡️徽❤️❤️信➡️471080070_
1510,0,"傻子真可爱,",0,50,0,0,0,65,0,_
1511,0,阳光茸茸,0,365,27,0,0,740,0,_
1512,0,萤之光,146238,254,10759,48,48,158,1,一位喜欢动漫的少年第一次尝试动漫剪辑有喜欢的动漫和大家一起分享视频不要一次性全部都点赞，会被限流滴谢谢大家的支持_
1513,0,shine,0,133,22,0,0,1342,0,_
1514,0,小叮当影视剪辑,375,192,51,12,12,330,1,🔥：感谢官方，感谢抖音🔥：原创剪辑，拒绝搬运🔥：感谢评论，感谢关注🔥：承蒙厚爱，每日更新_
1515,0,好燃的小朋友,0,268,11,0,0,38558,0,_
1516,0,板栗殿下,12,23,11,4,5,315,1,凡是过去，皆为序章_
1517,0,君霄,0,971,10,0,0,386,0,_
1518,0,FI？♥,1,217,13,1,1,8563,1,生存还是毁灭，这是个问题。_
1519,0,飞哥.,1,34,5,0,0,10,1,好看您就多看下，感谢支持！😊_
1520,0,ジ文婕很奈斯ぱ,60,271,80,1,21,0,1,学会推开不属于自己的人，扔掉不属于自己东西！_
1521,0,莹,1,77,1,2,2,3,0,_
1522,0,嚣张剪辑,5,16,5,4,4,12,1,原创剪辑，持续更新，感谢关注！_
1523,0,用户087645,13,107,12,6,7,608,0,_
1524,0,叫我辉辉⚡⚡,267,721,33,21,25,2256,1,会者定离   一期一祈_
1525,0,莹子（影视剪辑）,19,41,2,0,45,246,1,✨感谢抖音平台，感谢官方🙏🙏✨感谢每一位支持我的朋友🌹🌹✨爱剪辑，爱生活，用心剪辑每一个作品🌷🌷✨每天更新，期待您的关注💖💖_
1526,0,草莓（影视剪辑）,116,23,14,0,0,0,0,_
1527,0,姜昊作Jimmy,63,73,64,6,6,263,0,_
1528,0,琦琦带你玩游戏,10,444,6,6,6,914,1,我是一名抖音游戏主播每天都会定期给大家刷新视频不喜欢我的勿喷明天会给大家带来各种抖音小游戏的玩法希望大家喜欢_
1529,0,四口之家,1154,109,65,60,60,4024,0,_
1530,0,∞,0,475,3,0,0,184,0,_
1531,0,小蟲子剪辑,64,37,53,16,60,0,1,感谢关注每天更新_
1532,0,喵喵,0,665,35,0,0,1231,0,_
1533,0,颜倩,17,329,20,0,55,86,0,_
1534,0,小太阳啊,0,10,22,0,0,11,0,_
1535,0,全员恶人,2828453,204,75144,220,220,0,0,_
1536,0,小马姐,24,43,6,0,1,312,0,_
1537,0,❤️一山,6930,5,853,28,28,23,1,❤️感谢大家的关注❤️TA也关注你😘_
1538,0,zyl,102,2611,136,9,11,2843,0,_
1539,0,荀云,0,193,30,0,0,384,0,_
1540,0,辛哥,1,11,0,0,2,9,0,_
1541,0,影咖剪辑,0,35,4,0,0,221,1,✨谢谢你的关注，✨爱生活爱剪辑。_
1542,0,琥珀,468,4168,220,65,68,0,0,_
1543,0,不怒而威,1123,255,98,26,26,2091,1,最重要的时间，是现在。_
1544,0,俊美,717,586,70,68,77,4758,0,_
1545,0,暴躁躲躲。,27,610,53,2,2,128,1,墙壁眼睛膝盖。_
1546,0,邱小敏,26,1646,50,3,3,0,1,开心就好～_
1547,0,异域风情说不出来的_________,0,216,2,0,0,2927,0,_
1548,0,知足常乐剪辑,5,225,228,0,1,0,1,❤️感谢抖音感谢官方❤️❤️感谢你点赞➕关注❤️_
1549,0,一掌乾坤,2,125,4,2,2,126,0,_
1550,0,👄叫我梦sir❤️❤️君,101,115,41,23,24,1533,0,_
1551,0,王菇凉👑,9422,3489,2765,474,475,8608,1,简简单单，平平安安，过好每一天，谢谢大家的关注，记录每天的平淡生活，加油_
1552,0,阿正✌️,284,73,19,1,1,39,1,别靠近我.我没你想的那么好。_
1553,0,用户1177976695147,51,25,7,15,15,88,0,_
1554,0,手机用户70832211486,0,413,1,0,0,0,0,_
1555,0,非洲小黑猪❤️,47,2231,40,5,5,0,0,_
1556,0,小奇想去打球,287,2487,44,5,5,50802,1,vx18514562003_
1557,0,Dapeng2021,0,142,0,0,0,4,0,_
1558,0,用户2436842712353,11,126,53,1,1,357,0,_
1559,0,一吻之间,1371,306,358,26,27,45605,1,弱水三千  只取一瓢饮_
1560,0,小轩剪辑,2951,161,39224,7,15,12740,1,🔥感谢抖音平台｜分享优质电影🔥催泪、燃剪、剧情、你想要的全都有🌼视频均为原创｜精品为您奉上🌼⚠️所有侵权请联系我马上删除🏡果冻创意mcn旗下_
1561,0,懂妖怪,113,280,45,17,17,4505,1,简单点_
1562,0,找个班上吧,189,3160,553,3,56,6069,1,zc_
1563,0,用户1139718967095,0,124,5,0,0,751,0,_
1564,0,浮华(影视剪辑),210,148,142,0,1,1829,1,剪切精彩电影电视剧和大家一起分享精彩片段 让生活更加有趣有喜欢的请多多留言 多多关注会定期分享更新更多美好视频_
1565,0,ソ,0,1051,4,0,0,0,0,_
1566,0,哆啦小鸣,0,54,3,0,0,118,0,_
1567,0,a小六,383,20,112,28,28,211,1,有人相爱有人夜里去看海_
1568,0,天照影视剪辑,27,42,1,1,1,236,1,✨好的作品需要有心去做，用心去品用心动去听一个你喜欢的故事✨🙏感谢抖音，感谢官方🙏_
1569,0,心语♥,1,72,13,1,2,99,0,_
1570,0,小潇影视剪辑,77,13,2,9,9,175,1,编导生一枚，爱好影视，喜欢剪辑。几亿用户偏偏遇到了你，这便是缘分，喜欢我的可以点个关注。佛系剪辑，重在分享，不喜勿喷。每晚八点准时更新。十分宠粉，想看什么可以投稿！_
1571,0,Pickpok (影视剪辑),601,34,41,11,16,0,1,爱看电影，爱吃鸡。爱听音乐，爱蹦迪。电影是生命的一封情书💌，所以我想分享给你。❤️刚开始剪辑，想和您一起成长💪尽量日更，感谢关注💗_
1572,0,肾活好苦,0,126,9,0,0,73,0,_
1573,0,小女人,5827,623,255,452,456,24305,1,跟随本心，自由自在_
1574,0,用户835208509174,0,47,0,0,0,8382,0,_
1575,0,达叔-【影视剪辑】,1,430,11,1,1,2168,0,_
1576,0,已经超出他们的预期了,15,761,33,3,3,6413,0,_
1577,0,卿卿,59,1794,46,0,0,37623,0,_
1578,0,杳杳今朝,365,148,51,83,519,4022,1,我就这么一颗心 心里就只能住那么一个人_
1579,0,米合热巴,0,590,13,0,0,2661,1,我是米合热巴_
1580,0,奡东,8,139,18,2,2,0,1,德鲁大叔_
1581,0,大嘴猴,23,1389,29,0,0,0,1,初心未改，心之所向处仍是那个纸醉金迷的魔都！_
1582,0,宝颜术运营中心dstd235,20,130,25,15,15,41,0,_
1583,0,郑某,1,602,85,1,1,0,1,分享篮球集锦🏀_
1584,0,彩虹的微笑,0,80,3,0,0,1438,0,_
1585,0,王三岁,7636,81,1386,80,86,269,1,成全_
1586,0,波子（影视剪辑）,4,14,0,3,3,217,1,🙏感谢抖音平台🙏感谢您的双击🙏感谢您的关注🤘定期分享精彩作品希望你们喜欢👻👻👻_
1587,0,成都渡渡鸟网络科技,108,598,180,0,1,865,1,|  美是激情所在   爱我所爱   玩出本色  |    玩色工作室主理人感谢抖音爸爸提供平台，一起记录美好生活。_
1588,0,一剪没,0,25,1,0,0,5,1,因为自己愚蠢而犯了一些错，走错了一些路  四月来到了广西南宁，目前在这边上班工作。  这人生路总是那么坎坷与曲折却又充满惊喜与美好梦想还是和以前一样（暂时不明说吧😂）  共勉：希望能坚持走下去。加油！！！_
1589,0,鸿哥爱剪辑,950,1037,1065,12,12,25,1,剪辑之路，一路长虹！_
1590,0,Yeah～💕,523,76,43,0,0,0,0,_
1591,0,成文,74,1786,44,8,15,10699,0,_
1592,0,机器猫,43,86,13,8,8,46,1,我们一起 玩车_
1593,0,石头记（手机摄影）,10,44,26,2,2,23,1,一部手机摄天下_
1594,0,初夏影视剪辑,0,15,1,0,0,43,1,影视剪辑的爱好者⏳总会有人会奔你而来🌞把最精彩的带给最爱的你💕_
1595,0,🐬,1,69,10,1,1,5,0,_
1596,0,剪映电影,343,72,115,1,6,89,1,🌈剪辑纯属个人爱好🌈希望你也喜欢🌈👐平时会更新好剧好影剪辑👐☝你⭕️我必回☝😈有时会更新踩点剪辑😈👺但是对速度不要抱有期望👺❤️感谢官方❤️感谢抖音❤️_
1597,0,正能量依彤妈,2230,717,697,49,63,2436,1,93年宝妈一枚，热爱生活，正能量满满作品为“对口型”，非原创心若向阳花自开，人若向暖清风徐来每天早晨六点半左右开始直播_
1598,0,自由人剪辑,9,174,1,2,2,269,1,🎬原创视频剪辑🔔每日持续更新感谢抖音官方平台🆒📢坚持原创，支持正能量❤关注我🎉不错过每一部好看的影视❗_
1599,0,怀柔七生の剪辑,0,67,2,0,0,20,0,_
1600,0,Koko,0,3946,115,0,0,686,0,_
1601,0,御坂10833号,4,97,19,1,1,544,0,_
1602,0,三川影视,18,11,4,3,3,45,1,🙏感恩抖音，感恩平台👑热衷剪辑，多多支持✍感谢粉丝，多多关注🔥坚持更新，认真做好每一部作品_
1603,0,萌萌看电影,1,14,2,0,0,13,1,爱吃爱玩爱睡觉💤怕累怕死怕没钱。恶臭当代青年佛系更新_
1604,0,🌸,0,222,12,0,0,1600,0,_
1605,0,o꯭n꯭l꯭y（影视★剪辑）,83,115,3,4,4,154,1,☞☞影视剪辑爱好者✨✨❣️ 初来匝道，多多关照!!!❣️ 喜欢的话就留下吧，非常非常非常宠粉的哟!!!❣️ 作品持续更新——————💋  感谢抖音 ꯭❤꯭️꯭ ꯭?꯭?꯭ ꯭❤꯭️꯭ ꯭?꯭?꯭ ꯭❤꯭️꯭ ꯭感谢平台 💋_
1606,0,汐卿,14,4999,202,0,65,8598,0,_
1607,0,小鱼儿,178,258,42,10,10,1007,1,去见你想见的人，去做你想做的事，趁阳光正好，趁微风不噪，趁你未老。_
1608,0,用户3187117783779,0,292,14,0,0,3897,0,_
1609,0,稻草人,449,137,187,16,109,34155,1,我太宅了……喜欢粘着另一半！有喜欢这样的我的小姐姐吗？_
1610,0,vip电视剧,15,111,7,9,9,50,1,追剧的宝宝们不要再花米了，关注我都可以免费看_
1611,0,草莓妈妈爱美食,0,62,1,0,0,3,0,_
1612,0,用户7867360804294,0,1802,9,0,0,2359,0,_
1613,0,该死.,0,12,8,0,0,52,1,你所知道的都是别人想要你知道的_
1614,0,紫萱,12,1033,24,2,2,3181,0,_
1615,0,沐妍蔓蔓,499,228,46,372,372,1901,0,_
1616,0,影视剪辑🎬,0,43,0,0,0,10,0,_
1617,0,馨儿,0,36,1,0,0,464,0,_
1618,0,꧁孤鱼꧂,0,81,2,0,0,562,0,_
1619,0,用户1277216407898,9,89,27,1,1,251,0,_
1620,0,K O,271,76,38,0,0,0,0,_
1621,0,符号,0,4318,6,5,5,4063,0,_
1622,0,ۣۖཉྀ。。。。。。ۣۖཉ,0,78,4,0,0,7069,0,_
1623,0,欧吉桑,49,2249,67,6,6,10201,1,薇❤️：c_k-c_m_
1624,0,大琳,5,817,24,1,1,2396,0,_
1625,0,刘洋气,0,625,49,0,0,1267,1,跋山涉水   为你而来帅帅的男朋友都是别人家的_
1626,0,天上的钉钉,1337,3293,982,17,26,7683,1,金牛_
1627,0,Wyl,42,3920,58,17,17,3861,1,The most important thing in the world is to choose the right partner_
1628,0,牛吉平一家,822,3218,159,211,211,13498,0,_
1629,0,funny,0,9,0,0,0,16,0,_
1630,0,阿秋,0,496,3,0,0,9671,0,_
1631,0,用户9361366482195,0,1118,3,0,0,1,0,_
1632,0,鑫悅剪辑,18,13,2,5,5,41,1,❤感谢官方提供创作平台🖥精心剪辑每一帧📺《我的莫格利男孩》更新中……_
1633,0,嘉欣,440,3695,123,121,121,2202,0,_
1634,0,小磊哥,123,89,17,1,1,283,1,人生是场热血的流浪_
1635,0,奔跑的肉肉,0,21,1,0,0,51,0,_
1636,0,另 类！,0,165,5,0,0,2213,0,_
1637,0,无心睡眠,0,121,8,0,0,0,0,_
1638,0,精彩电影,19,30,4,4,4,311,1,支持抖音正能量支持原创作品大家的支持就是我的动力看影视 涨知识_
1639,0,📽大众影视剪辑🎬,0,36,4,0,0,0,1,❤️喜欢请关注，不喜欢请留言我再想想办法❤️感谢抖音让我们在这里相遇❤️一段旋律，一个故事，告别剧荒❤️最喜欢翻评论区，每天都会翻_
1640,0,寂空醉离,0,35,1,0,0,4276,0,_
1641,0,用户7570405632421,0,1141,25,0,0,0,0,_
1642,0,陈沙沙,0,8,1,0,0,0,0,_
1643,0,仗步走天涯,289,604,50,51,97,6922,1,脚下无路_
1644,0,乐观的心心,1309,23,46,0,0,0,0,_
1645,0,萨,290,523,104,1,2,2101,0,_
1646,0,冰吻,57,482,15,14,15,993,0,_
1647,0,虾扯蛋,1,108,13,3,3,664,0,_
1648,0,意昕♛,0,75,0,0,0,37,0,_
1649,0,sang.,39,249,15,4,6,284,0,_
1650,0,杰哥🔥影视剪辑,168,38,22,7,7,28,1,🌟影视剪辑爱好者🌟🌟感谢抖音提供这么好的平台🌟🌟感谢关注的每位朋友🌟_
1651,0,爱你一生依恋,493,4361,183,48,126,38756,0,_
1652,0,甜豆,16,3986,27,1,1,9633,0,_
1653,0,〃¿执▽念？……,230,232,39,26,26,43768,0,_
1654,0,赵小姐,0,3994,34,0,0,18633,0,_
1655,0,kaci,0,5,1,0,0,142,0,_
1656,0,王大大❤️,165,1798,100,0,95,18312,1,无论如何你都要坚持初心那些你未曾坚持得到过的✊_
1657,0,昵称已重置,1,375,10,1,1,414,0,_
1658,0,Code、Duty、Honor,10,1491,29,26,26,64,0,_
1659,0,娟儿,1980,1895,203,445,481,1920,1,陪伴是最长情的告白！_
1660,0,喵喵爱剪辑,0,25,5,0,0,31,0,_
1661,0,鸳离,14,1056,30,0,0,0,0,_
1662,0,Monster,0,349,2,0,0,0,0,_
1663,0,琥珀,151,224,35,101,101,1150,1,愿所有朋友每天都有好心情_
1664,0,酷哥舞神,3,20,1,1,1,3,0,_
1665,0,点点滴滴,172,939,39,0,0,0,0,_
1666,0,玲珑影视剪辑,3352,26,127,12,12,78,1,••抖音:linglong 778••嗑cp、BE、HE、同人……••分享热播剧剪辑，欢迎关注➕点赞👍_
1667,0,嘿，Siri,1,498,4,0,0,503,0,_
1668,0,猫大人（芈月）,1322,1042,114,20,22,2552,1,素材取决于王者、巅峰赛喜欢就关注吧🧡❤️💛因为热爱所以坚持✨感谢支持！_
1669,0,涫涫,0,3151,36,0,0,4967,0,_
1670,0,豌豆,0,864,18,0,0,7672,1,真正的爱情从来不是单方面的_
1671,0,😜天使中的恶魔,20,509,10,5,5,47,0,_
1672,0,🍊夏天小主,46,268,38,5,10,1292,0,_
1673,0,九九🌟,61,342,14,9,9,0,1,感谢你的关注👀五年级小学生一枚🎓_
1674,0,Tang,84,1872,89,0,0,0,0,_
1675,0,全幼儿园最帅,130,1158,127,6,9,19776,0,_
1676,0,。0o聽說,11,106,7,3,3,100,1,💋人之所以能，是因为相信能_
1677,0,小宝🌞剪辑,36,43,13,0,1,435,1,刚来到抖音平台感恩一切的相遇_
1678,0,L。,918,1401,284,67,68,2081,1,VX: Linling0930_
1679,0,莫斯,347,1332,96,85,89,1002,1,一切成为现实👄！_
1680,0,。。。。。。。。。。。。。。。。。。。。,0,4319,27,0,0,2381,0,_
1681,0,子怡的熊哥哥,181,441,200,13,13,0,1,有一起玩吃鸡的嘛，我技术不是很好，目前段位王牌三颗星_
1682,0,伟霆(专护陈伟霆),1560,3063,287,246,247,17898,1,姓名:柠檬身高:155爱豆:李现 陈伟霆 杨颖 angelababy 关晓彤我的粉丝们名字:甜瓜喜爱:舞蹈 音乐 唱歌 还没关注我的甜瓜们，快关注我吧٩( 'ω' )و只要是叶老板的粉丝都关注我吧，和我一起打败叶老板_
1683,0,过路人,4,102,3,1,1,32,0,_
1684,0,笑着哭了,0,1015,9,0,0,6857,0,_
1685,0,来我梦里吗,21,4812,29,1,1,48934,0,_
1686,0,涵,0,5000,47,0,0,2935,0,_
1687,0,帆帆吖～,12,6,14,1,1,61,1,最不起眼的路人_
1688,0,啵啵～,0,58,41,0,0,755,0,_
1689,0,耿晓镡,0,45,0,0,0,45,0,_
1690,0,用户7995977090959,0,496,1,0,0,2377,0,_
1691,0,无,1,17,1,1,1,589,1,，，，，，_
1692,0,孤夜,27,4583,20,4,4,7866,0,_
1693,0,十一.,0,1517,20,0,0,7205,0,_
1694,0,一念天堂一念地狱,43,3321,66,9,13,5365,1,以命博爱，唯心不可负。一爱一生。_
1695,0,淇淇😊,0,1308,6,0,0,810,1,hi！大家好呀！😁_
1696,0,💫小辣椒姐姐💫,113,52,16,10,10,249,1,做个简单快乐的妞，咋滴快活咋滴找乐_
1697,0,张文杰,933,3189,106,610,610,5600,0,_
1698,0,用户1204265640239,3,54,1,4,4,275,0,_
1699,0,简简单单,41,1941,43,0,0,0,0,_
1700,0,Asia影视（影视剪辑）,80773,101,6735,14,15,435,1,❤️感谢抖音，感谢关注❤️用心做好每一个作品_
1701,0,一波波波,0,10,23,0,0,0,0,_
1702,0,傻萝莉的纯粹,2,253,8,1,1,38,0,_
1703,0,用户3254282908758,0,3066,9,0,0,3478,0,_
1704,0,………,0,4258,20,0,0,6446,0,_
1705,0,闪闪呀,0,333,41,0,0,0,0,_
1706,0,苹果爱剪辑,0,25,1,0,0,58,1,🐥正能量🐥爱好影视剪辑🐥感谢你我相遇_
1707,0,韭菜肉包不加辣,0,1444,13,0,0,0,0,_
1708,0,桃花运,0,2664,21,0,0,5381,0,_
1709,0,凤舞九天,111,39,26,7,7,63,0,_
1710,0,"Yuan,",27,279,76,2,4,14789,1,生活不会否定任何人，就怕自己否定生活。_
1711,0,南星,94527,24,1493,32,32,10815,1,爱我所爱_
1712,0,伊        娃,0,25,0,0,0,0,0,_
1713,0,泽,51,838,14,16,16,1278,1,全网粉丝最低的人。_
1714,0,左西右东,0,2059,59,0,0,2391,0,_
1715,0,用户7958762741115,0,2123,8,0,0,5565,0,_
1716,0,魔法少女,9,84,30,2,2,0,0,_
1717,0,猴大王,400,3547,99,338,338,10855,0,_
1718,0,星河。,5,295,2,0,0,228,1,憨憨_
1719,0,落然,0,5,0,0,0,1090,0,_
1720,0,正能量剪辑,5,75,4,6,6,44,1,"感谢平台,感谢官方私信我，告诉我  你最喜欢的励志电影🙏🙏我们一起传播正能量激励身边更多的人👍👍_"
1721,0,用户591120173359,0,147,0,0,0,3,0,_
1722,0,手机用户76206469678,2,632,4,1,1,1579,0,_
1723,0,TXXXXC,10,37,13,1,1,570,1,嗯_
1724,0,吱,2,1850,6,1,1,5699,0,_
1725,0,1018金牛,0,418,18,0,0,3504,1,一个人的世界_
1726,0,南宁K one 酒吧~小米👑,1898,261,327,38,38,953,1,订台电话：18376880020微信同步微信订台备注抖音粉丝有小惊喜，朋友圈定时发布最新优惠活动，酒水活动，嘉宾活动，现场活动。生日聚会，公司聚会，同学聚会，朋友聚会，网友聚会，客户答谢，商务宴请，公司团建，业务应酬，庆祝贺喜，散台卡座包间，蹦迪喝酒K歌，一切安排到位。感谢抖音让我们相遇，希望能给每位玩家最好的体验。点关注不迷路，实力宠粉。_
1727,0,341.9w人,0,3205,50,0,0,7630,0,_
1728,0,ৡৢ浅ۣۖൢ夏ۣۖೄ೨,0,221,0,0,0,713,0,_
1729,0,尊容,0,234,11,0,0,1041,1,保持距离微笑_
1730,0,大云,158,56,39,10,10,2316,0,_
1731,0,可爱珍珠糖,4,4277,46,0,1,0,1,性格开朗，可爱温柔_
1732,0,渣女,0,3573,9,0,0,7742,0,_
1733,0,遥,0,2498,13,0,0,3112,0,_
1734,0,木槿安良,0,472,7,0,0,5167,0,_
1735,0,Devil超清剪辑,1750,55,46,31,31,0,1,感谢大家的关注！感谢抖音平台的支持！原创剪辑，做更优质视频！您的关注，就是我更新的动力！_
1736,0,向日葵剪辑,1716,51,231,16,33,483,1,❤️🌴🌴感谢抖音官方平台🌹🌹🌹每天更新最新影视精品🌼🌼祝您工作顺利生活幸福_
1737,0,🌾      庄周梦蝶,0,3415,39,0,0,1077,0,_
1738,0,麻麻说只要名字够长就会有憨憨跟着念😂,0,404,2,0,0,638,0,_
1739,0,小棉袄,53,934,13,32,32,3914,0,_
1740,0,MIND,1,202,19,1,1,1955,1,标准手控(≧▽≦)_
1741,0,緣份註定い,16,61,18,0,0,0,0,_
1742,0,无良,0,2872,1,0,0,4404,0,_
1743,0,@凶残小白兔,41,1654,68,0,0,0,0,_
1744,0,用户5018340601231,0,15,1,0,0,13,0,_
1745,0,冰柠,130,161,49,8,15,0,0,_
1746,0,侯小生,38,361,26,3,3,0,0,_
1747,0,阿菊,6,11,2,5,5,15,0,_
1748,0,南宫璃浅(二次元独行侠  ),43,3159,13,0,0,0,0,_
1749,0,寅妈,0,97,5,0,0,837,0,_
1750,0,ο▬▬▬▬◙▅▆▇▆▇◤,53,1981,35,23,23,12656,1,|_
1751,0,安然,0,211,4,0,0,0,0,_
1752,0,九夭δ,0,207,12,0,0,1618,0,_
1753,0,菠萝,25,138,15,3,4,19,0,_
1754,0,染.,0,1004,8,0,0,3162,0,_
1755,0,阿搏Vic（影视剪辑）,535,39,123,9,9,492,1,✨承蒙厚爱  感谢关注✨一首歌  一个故事  一颗爱剪辑的心❤️感谢官方  感谢抖音❤️学习合作＋V:gjx6292🏘️御倩文化Mcn旗下_
1756,0,酥糖,21,1650,69,0,13,7234,1,路是自己的，不必用别人的标准来框定自己的人生。_
1757,0,横频酱,77,896,3136,18,20,0,1,专注于精彩影视短视频_
1758,0,落雪剪辑,136,82,37,3,3,135,1,影视千千万，唯有剪辑最好看_
1759,0,1072,1,4996,30,0,1,6481,0,_
1760,0,好好鸭,0,89,2,0,1,0,1,喜欢😍_
1761,0,♚★summer★🌴,2360,820,82,26,731,3496,0,_
1762,0,小幸运9449,0,135,4,0,0,805,0,_
1763,0,穆丽德尔,0,26,2,0,0,1401,0,_
1764,0,爱＊me,3818,1266,371,0,0,0,0,_
1765,0,龙大大（影视剪辑）,15,25,2,4,5,112,1,❤️关注我不迷路🍺一段视频一个故事🔥感谢关注 每天分享超火🔥的电影_
1766,0,Lavinia-麻薯,0,126,14,0,0,0,0,_
1767,0,小鱼🐠儿,191,372,51,10,17,2538,0,_
1768,0,橘猫( 0 x 0 ),0,2324,14,0,0,926,1,本人有点沙雕，不要介意。🌚🌚🌚🌚🌚🌚🌚🌚_
1769,0,博君一肖,0,214,2,0,0,963,1,若无风尘往事，何来苦酒灼心_
1770,0,🇨🇳China girl 🇨🇳,236,3631,101,24,24,11338,1,双子座♊️168CM🐋13周岁🐰体育生🍬🐾GX夭夭鸭～🐾联盟🦄性格Good 欢迎交友～🕊耐你～🥰_
1771,0,予你星火,3,2459,9,3,3,11210,0,_
1772,0,努力努力再努力～,0,1510,2,0,1,4898,0,_
1773,0,用户3399375829558,2,54,7,2,15,43,0,_
1774,0,李沐曦,544,76,46,3,3,914,1,V : 15124075555_
1775,0,用户5517027875217,0,1439,8,0,0,1884,0,_
1776,0,维一,244,27,12,7,7,5,1,👑我是维一🏆毕业于家里蹲大学表演系🌟集美貌与智慧于一身的你的邻居！🙋倾情演艺生活的故事，想看什么@我💛关注我，我们的故事就开始了_
1777,0,用户9078915509703,0,20,1,0,0,1404,0,_
1778,0,最强BOSS,6,1091,6,2,6,6160,0,_
1779,0,M-03,419,133,16,0,0,0,0,_
1780,0,已重置,165,1264,49,28,28,20061,0,_
1781,0,石头剪子布,0,273,304,0,0,7471,0,_
1782,0,，,0,255,14,0,0,1150,0,_
1783,0,尘,0,485,4,0,0,2222,0,_
1784,0,᭄ꦿㅤ想逃,5,323,4,2,2,0,0,_
1785,0,Ar-Mandy,0,244,17,0,0,81,1,微笑，微笑出来_
1786,0,小魚💫💦💦,0,594,22,0,0,0,1,多喝热水_
1787,0,life,134,31,17,7,7,149,0,_
1788,0,面具🍃🍃🍃,19,175,44,0,0,0,1,西藏农牧学院_
1789,0,安夏,9,1097,38,1,1,2071,0,_
1790,0,Harry 哈尼•王,524,1921,163,396,407,12481,1,中俄情侣💑哈尼•王🇨🇳露露🇷🇺_
1791,0,不是很甜,58,2408,51,5,5,0,1,我爱这璀璨俗世_
1792,0,小妮子🌲,7,3920,28,3,4,625,0,_
1793,0,波波爱剪辑,1,61,10,0,4,2223,1,💕感谢抖音官方💕一个视频剪辑爱好者💕努力坚持持续更新💕感谢每一个关注与点赞_
1794,0,玥宝,579,472,63,90,90,2073,0,_
1795,0,长安,0,2926,7,0,0,1458,0,_
1796,0,王三,0,44,3,0,0,0,0,_
1797,0,呀呀,3,2499,7,0,0,0,0,_
1798,0,H.,0,221,0,0,0,2239,0,_
1799,0,虎肤,0,79,14,0,0,961,0,_
1800,0,秋水独酌月下,0,3779,18,0,0,0,1,得到就珍惜，亦安_
1801,0,彤彤💡,84,1151,34,14,14,2100,1,总有人说，你会遇见更好的，于是我将信将疑的将自己抽离出，后来我才知道月老那么忙。_
1802,0,槑爺视频剪辑🇨🇳,2,105,15,1,1,1,1,💕：感谢抖音平台 感谢关注！💕：让我们一起追剧吧！_
1803,0,揽清幽☔,6,1640,1,0,0,0,0,_
1804,0,周妈妈,16,494,16,1,1,510,1,5_
1805,0,李木子,0,599,2,0,0,0,0,_
1806,0,晴天,0,634,71,0,0,35740,0,_
1807,0,尘封夺世,0,762,5,0,0,2141,0,_
1808,0,壶妹,0,4836,16,0,1,6554,1,Hey_
1809,0,xixixi,0,267,8,0,0,398,0,_
1810,0,风行,0,722,7,0,0,0,0,_
1811,0,可爱王文,3,1915,3,1,1,12499,0,_
1812,0,子鹿剪辑,475,33,16,8,8,0,1,❤️一段音乐 一个故事❤️至此不再闹荒剧！🌟每日不定时更新🌟感人 虐恋 仙侠🌹感谢抖音 感谢官方🌹感谢喜欢的朋友👬_
1813,0,马茗泽,0,1187,84,0,0,163,0,_
1814,0,CC影视剪辑,222,19,49,10,10,27,1,多读书，多看报，少吃零食，多睡觉！感谢有你！感谢抖音平台！定期更新剪辑视频！正在学习过程中！欢迎大家学习交流！_
1815,0,Vi,0,719,5,0,0,0,1,无题_
1816,0,群爷,0,288,9,0,0,1084,0,_
1817,0,宏哥鲸选🐳,2,394,13,1,1,3127,1,关注宏哥鲸选，看中华之美。_
1818,0,王子剪影,4,31,1,1,1,22,0,_
1819,0,人生只若初见,0,2577,46,0,0,33972,0,_
1820,0,九三,15,679,17,2,8,0,1,感谢关注！_
1821,0,万,17,109,2,35,35,333,0,_
1822,0,࿆范少同学ཽ,78,182,38,0,0,274,1,自学成才的一名网络DJ 百度及各大DJ舞曲平台 🔍柳州DJ范少Remix_
1823,0,✎人生嘞,0,50,2,2,2,170,1,没必要对每个人有说有笑 ，少又不甘 ，多又嫌烦 哪有恰到好处的陪伴……_
1824,0,gulbarxin,13,51,60,2,4,83907,0,_
1825,0,死相,0,1815,1,0,0,0,0,_
1826,0,笑花剪辑,34,15,2,2,7,0,1,🔴希望我的作品你们能喜欢🟡本人非常宠粉，有应不信你试试🔵原创剪辑，每天更新，精彩不断🟢感谢官方，感谢抖音，感谢平台🟣感谢点赞，感谢关注，欢迎评论区留言_
1827,0,用户7266025380,19,34,5,3,3,2906,0,_
1828,0,用户5969291506,0,1757,5,0,0,3640,0,_
1829,0,👿,0,69,2,0,0,0,0,_
1830,0,♡²,0,10,46,0,0,837,1,嘟嘟嘟嘟哒_
1831,0,张温柔🍓,371,426,155,24,24,8775,1,世界万物皆苦，唯有偏爱是救赎。_
1832,0,jwbdydismwnn,28,1684,44,0,0,0,0,_
1833,0,臦沝,74,2092,61,7,179,8401,1,咸鱼！作造！_
1834,0,小郝【剪影】,0,9,0,0,0,0,1,💓感谢抖音平台💓感谢抖音官方💓感谢各位关注💓每日更新    💓欢迎推荐💓感谢各位的观看_
1835,0,蓝樱浅蝶,35,3257,13,6,6,8535,0,_
1836,0,Nora-5,69,160,23,9,18,551,0,_
1837,0,霖霖,0,35,18,0,0,711,1,希望所有的事情能像吃胖那么简单👿_
1838,0,、九九,99,61,20,2,2,741,0,_
1839,0,@火火(影视剪辑),235,187,17,10,10,420,1,💻每日剪辑电影精彩/搞笑片段📱望拯救你的不开心❤️感谢抖音官方，坚持原创剪辑❤️ 谢谢你那么好看，还关注我_
1840,0,月亮菲,201807,471,4342,0,0,0,0,_
1841,0,胖琳.🌸,103,209,120,17,17,443,0,_
1842,0,—37—：,0,186,12,0,0,803,0,_
1843,0,💫宋大大,1498,78,234,30,32,0,1,💕 💕 💕  不管是欠别人还是欠自己 你曾经欠下多少个对不起 时间无情第一 它才不在乎你是否 还是一个孩子你只要稍一耽搁 稍一犹豫  它立马帮你决定故事的结局它会把你欠下的对不起       变成还不起_
1844,0,用户6832495709215,0,3477,10,0,0,6429,0,_
1845,0,唐小明、,0,44,59,0,1,285,0,_
1846,0,～哈哈 ～,131663,79,2242,9,11,657,1,开开心心过好每一天！_
1847,0,💋无名小姐姐,764,344,232,87,100,466,1,我们好像在哪见过_
1848,0,silence,65,1669,35,0,0,0,0,_
1849,0,子城,0,97,6,0,0,0,0,_
1850,0,鹿紫凡,13,222,23,3,3,10556,1,你开心就好_
1851,0,樱🍥,12,208,6,5,5,836,0,_
1852,0,南笙醉梦间♡,0,2806,250,0,0,2962,1,人间不值得，下辈子，不来啦💔_
1853,0,xiaofen,25,666,32,2,3,4296,0,_
1854,0,雪天使,1,364,18,0,30,2,0,_
1855,0,instant,0,131,2,0,0,0,0,_
1856,0,跳跳糖,2535,1243,1032,167,174,0,1,一颗传播美的❤_
1857,0,Enrry10,2260,427,102,209,210,0,1,哪里有阳光，就向往哪里！_
1858,0,hahaha,0,784,1,0,0,2104,0,_
1859,0,AJUN阿君,881,112,52,26,26,3233,1,但行好事，莫问前程。_
1860,0,Y'smile,12270,748,260,31,51,0,1,即将秃头的修图师🕶️_
1861,0,用户8839757602016,0,415,14,0,0,217,0,_
1862,0,小九九,14,116,11,2,2,200,1,🔥_
1863,0,初见💙,1318,1029,89,63,63,0,1,愿来者暴瘦，爱情丰收，事业成功          ❤️_
1864,0,百万剪辑,0,10,0,0,0,22,0,_
1865,0,小洋洋,6,158,26,1,1,544,0,_
1866,0,我是鲸落鲸落,0,251,8,0,1,1300,0,_
1867,0,。。，。,0,1721,6,0,0,2518,0,_
1868,0,xiaoqing,215,449,57,40,40,2103,0,_
1869,0,鹤兄（影视剪辑）,399,220,47,5,5,227,1,❤视频剪辑爱好者❤承蒙各位喜爱、喜欢的朋友们＋关注哦❤每日视频更新、以后会越来越精彩❤感谢官方、感谢抖音_
1870,0,sarah,3564,238,326,144,146,736,1,~~如果岁月里没有你，我不会珍惜我自己~~~如果等待里没有你，我也许早已随风而去~~是你唤醒我的爱💖，是你滋润我的情💜_
1871,0,vivian,1,1174,21,1,3,711,0,_
1872,0,💦一念之间,31,1876,116,4,28,2078,1,安心的幸福莫过于有人信你有人陪你有人等你_
1873,0,刘路遥,0,4,0,0,0,6195,0,_
1874,0,Grace,159,1731,105,17,20,30381,0,_
1875,0,木木夕阳西下,21,4121,45,0,0,0,0,_
1876,0,我爱看电影,818,515,246,30,31,66,1,生活不易，唯有努力！努力到无能为力，拼搏到感动自己，愿生活和电影同样精彩！_
1877,0,乡下人,2167,2268,686,45,112,22698,0,_
1878,0,清秋默许,114,3163,50,12,53,0,1,越努力越幸运_
1879,0,小李先生,316,67,156,12,12,0,1,影视剪辑、定期更新 欢迎私信你想看的剧 😋～【 90后小哥哥】～      ～【身高:182cm】～       ～【体重:68kg 】～😛☞☞颜值不够身高来凑☜☜_
1880,0,花卉绿植销售,0,41,27,0,0,46253,1,15261213537_
1881,0,此账号已注销,0,288,9,0,0,0,0,_
1882,0,用户5751796294273,0,47,0,0,0,1,0,_
1883,0,wdnmd,0,2059,39,0,0,6851,0,_
1884,0,用户3003142948369,0,431,2,0,0,52,0,_
1885,0,小老弟爱剪辑,60,72,10,7,7,0,1,✨感谢抖音提供的平台✨感谢缘分让我们相遇✨感谢大家对我的支持_
1886,0,枕头迷,23,213,1214,0,0,0,0,_
1887,0,轻轻陪你笑,0,3,1,0,0,0,1,只有小片段，希望你喜欢我笑你也笑\^O^/_
1888,0,源源影视,0,92,1,0,0,0,1,♥承蒙厚爱.得到了你的关注❤️️感谢抖音❤️感谢每位粉丝❤️不忘初心方得始终❤️努力，努力，再努力！_
1889,0,玉苏剪辑,1497,46,180,34,34,655,1,🌟感谢抖音 感谢关注我的小伙伴🌟一段旋律 一个故事 告别剧荒🌟来评论区一起玩啊～👨‍🎓玉苏剪辑  拥抱美好生活_
1890,0,达浪视频剪辑,0,46,0,0,0,149,1,大家好精彩电影天天更新感谢关注_
1891,0,一泽影视剪辑,0,19,27,0,0,125,1,✨感谢抖音平台，感谢官方🙏✨每天更新作品✨V：xuwei828000_
1892,0,℡EX®小孩童,149,4572,140,33,40,16184,1,刚玩，不喜勿喷！！😂_
1893,0,™,0,2245,29,0,0,16582,1,™_
1894,0,666yinlou喽,91,267,39,18,18,5959,1,赖得讲_
1895,0,人间失格losing,0,1074,5,0,0,3284,0,_
1896,0,豆芽_,166,13,34,11,11,569,1,希望你㏠㏡㏢㏣㏤㏥㏦㏧㏨㏩㏪㏫㏬㏭㏮㏯㏰㏱㏲㏳㏴㏵㏶㏷㏸㏹㏺㏻㏼㏽㏾都要开心V💓：13077755989在等一个好友申请。_
1897,0,夏目喵叽,14,2606,9,1,93,5094,0,_
1898,0,可乐、,0,574,1,0,0,0,0,_
1899,0,ZHANGBEI,63,479,25,5,5,4108,1,张张今天还没瘦👿_
