0,0,路路麻麻,0,294,41,0,0,200,1,要做一个善良的人，愿能被善良对待！！_
1,0,梦,615,4740,146,0,0,0,0,_
2,0,☞  繁星,0,1154,160,0,0,2781,1,不是我喜欢笑，而是生活需要它！_
3,0,WYHMHCLN,19,3040,38,3,5,12423,0,_
4,0,Emperor,81,58,819,4,5,119,1,把爱好融入生活把事业切入生命你的人生你决定_
5,0,随性微谨,2,533,14,1,1,159,0,_
6,0,‖ 豪,0,68,7,0,0,0,0,_
7,0,杨峰的小仙女,1,449,7,0,0,9241,0,_
8,0,孤独药💊,29,136,6,0,0,0,0,_
9,0,有何不可,2,749,6,1,1,2533,1,谢谢关注_
10,0,小酒窝,95,21,32,19,19,869,1,散伙是人间常态，你我又不是例外。_
11,0,顾玖熙♡,0,323,1,0,0,1976,1,想要掀起山河奔向你，踏进星月拜访你_
12,0,南巷,0,287,16,0,0,285,0,_
13,0,黛比琳,13,3463,31,8,8,7168,1,我的脾气赶走了许多人，但留下了最真的人_
14,0,✨浅柠半夏✨[芽家],22503,388,4466,80,80,5,0,_
15,0,cc123456,153,617,22,10,10,332,0,_
16,0,凡人多烦事,0,2727,10,0,0,12098,1,继续努力_
17,0,孬,0,129,7,0,0,1337,0,_
18,0,李雄菲,0,918,2,0,0,994,0,_
19,0,李云龙,8,1922,25,2,3,2776,0,_
20,0,用户5728952161962,0,3824,13,0,0,201,0,_
21,0,喜出望外,250,159,69,44,45,0,1,只期待后来的你能快乐~_
22,0,爱幂哦,75,102,54,4,6,2186,0,_
23,0,丹子👙😘ོ,30,99,20,5,5,83,1,不要撩我，我很乖的_
24,0,张炜烽,0,480,21,0,0,9503,0,_
25,0,社会YO,94,155,40,27,27,849,1,v:yoyo10500_
26,0,张艳,2992,277,873,86,86,490,0,_
27,0,九璎,57,1227,80,0,0,0,0,_
28,0,小V小V,50,854,8,17,17,1386,0,_
29,0,浅柠半夏,1,1060,25,1,1,461,0,_
30,0,用户454986282,0,1551,2,0,0,5796,0,_
31,0,随缘,243,232,72,75,75,178,1,祝愿爱我的人和我爱的人，永远开心快乐，幸福安康，万事顺心，吉祥如意_
32,0,小熊软糖,7,57,52,5,6,0,0,_
33,0,用户8773191679983,1036,2043,85,206,209,14251,0,_
34,0,昱竹林语,0,1610,103,0,0,2870,0,_
35,0,，～淳化阁帖，^0^,0,1803,18,0,0,8084,0,_
36,0,　　　　　,1,21,9,2,2,2159,0,_
37,0,茜.,45,426,79,3,3,7157,1,hhhc._
38,0,用户6130323791636,0,35,0,0,0,77,0,_
39,0,阿友,0,183,4,0,0,416,0,_
40,0,梅子,75,1717,62,16,17,24499,0,_
41,0,茂江√,2,428,10,1,1,530,0,_
42,0,和平精英&日常片&游戏片,57,4421,101,13,13,0,1,平常的游戏和一些日常的搞笑_
43,0,野鸭🐣,311,465,55,15,15,0,0,_
44,0,小妞妞,25,1668,8,15,15,604,0,_
45,0,yuhan,0,583,7,0,0,0,0,_
46,0,星光✨,10,3896,42,1,1,0,1,希望永远充满希望，希望永远充满朝气✨_
47,0,痕迹,0,1585,35,0,0,4975,1,不喜欢说话的人_
48,0,g,0,238,13,0,0,0,0,_
49,0,魂殇梦色,3,78,13,2,2,830,0,_
50,0,天秤姐妹花🌸（芽家）,1787,4682,181,288,290,3192,1,此生只进芽家。希望大家能关注我。粉丝破2百介绍屋子。_
51,0,会飞的猫,0,29,3,0,0,3,1,自律即自由。_
52,0,用户3427079328639,0,228,0,0,0,40,0,_
53,0,吕布,0,21,7,0,0,0,0,_
54,0,可盐可甜💫,0,3252,14,0,0,0,0,_
55,0,给小源摘星⭐吖,2417,1869,434,0,0,0,0,_
56,0,@is 不难,9,95,3,1,1,397,0,_
57,0,蝶月,0,1392,3,0,0,3026,0,_
58,0,九河,723,433,136,72,72,8195,0,_
59,0,R,0,737,27,0,0,0,0,_
60,0,周揩喧,0,222,0,0,0,687,0,_
61,0,★娜〥娜☉,4181,211,168,368,369,2389,1,我喜欢你，像风走了八千里，不问归期我喜欢你，像夏日仅有的凉意，藏在微风里我喜欢你，如星辰闪耀静谧穹顶，不惧孤寂我喜欢你，像狂风暴雨来临，避之不及……_
62,0,王毅洋,68,282,46,9,9,180,0,_
63,0,陪月亮散步.,0,213,2,0,0,157,0,_
64,0,清茶,2,557,43,1,1,1618,0,_
65,0,xiao核桃麻麻💋,1573,123,63,283,283,1164,1,愿我所得皆所期，所失亦无碍～_
66,0,周爱平,0,379,0,0,1,634,0,_
67,0,可乐不喝可乐吖,144,779,74,19,19,7321,1,本人有一家护肤小店护肤品   面膜   冻干粉 专业护理芦荟灌肤体首次体验29.9或需要🥂酒洋酒干红🍷轩尼诗.🥃马爹利🥃XO.🥃蓝带.🥃名士🥃V➕babyczx365588_
68,0,木嘴雪茄,31,92,104,2,2,75,0,_
69,0,Re.,0,2534,23,0,0,5177,0,_
70,0,/田熙/~♥(冲1000粉丝),65,925,16,10,10,361,1,盲盒主播1000粉后收徒弟2000粉后发福利10000粉后露脸可私信💋不喜匆喷😉😉😉_
71,0,苹果派 ~派,0,470,4,0,0,2521,0,_
72,0,用户6869885209516,0,889,2,2,2,264,0,_
73,0,hjdk,7,73,5,0,0,0,0,_
74,0,残夜,0,3959,1,0,0,4919,0,_
75,0,小,22,130,12,7,7,149,0,_
76,0,用户3595503701207,17,575,29,3,3,154,1,喜欢我的朋友关注一下_
77,0,街痞,0,346,7,0,0,0,0,_
78,0,王酷酷,32,181,14,4,6,469,0,_
79,0,z,0,383,18,0,0,0,0,_
80,0,硬核超市,0,97,13,0,0,317,0,_
81,0,相识是缘,406,298,68,86,87,753,0,_
82,0,我爱花小楼,24,2331,51,6,6,30679,0,_
83,0,用户4710348579575,0,4601,147,0,0,8274,0,_
84,0,i影视爱剪辑,4,3,0,2,2,4,0,_
85,0,wen柔小丽♥,36,67,22,0,0,0,0,_
86,0,用户8738474379777,0,228,2,0,0,599,0,_
87,0,乐正诗霜,0,1518,5,0,0,0,0,_
88,0,冰天雪地,7,466,14,1,1,2223,0,_
89,0,Echo的留学生活,241,639,48,65,66,253,1,一直健身一直爽_
90,0,小赞XZ❤❤,207,72,17,39,60,2590,1,只是一个喜欢小战的普通人🌴_
91,0,晓鹿很可爱呀😘,59,2209,7,24,25,3789,1,关注我就是我的人啦，啾咪。_
92,0,我年少有你_2430,0,89,3,0,0,3214,0,_
93,0,扑街仔🌝,0,74,5,0,0,15545,0,_
94,0,@刚好钟意,96,91,51,12,12,33,1,感谢生活  有剥夺也有馈赠_
95,0,林家妹妹😜😘,194,134,38,26,26,1845,0,_
96,0,用户8269728234321,45,324,15,14,14,1202,1,墨暗_
97,0,用户2626716199132,0,73,4,0,0,237,0,_
98,0,小小橘✨,0,298,6,0,0,581,0,_
99,0,用户7803492039896,0,275,2,0,0,678,0,_
100,0,小樱桃🍒,30,2221,30,10,12,5464,1,王博_
101,0,💋    Y y x,500,130,118,32,32,844,0,_
102,0,d,117,192,77,16,17,954,1,别羡慕别人，要让别人羡慕你！_
103,0,japtmtwmt,0,229,0,0,0,0,0,_
104,0,迷你世界妮妮,0,186,2,0,0,10,0,_
105,0,如烟似梦,1999,698,322,117,231,5816,1,蹦最野的迪，泡最靓的仔！_
106,0,傻狍子777,2270,76,18,5,7,0,0,_
107,0,^O^一家三口♥,78,15,24,22,25,296,0,_
108,0,词鸢,4,294,26,2,2,8953,0,_
109,0,tan²α·cot²α,0,297,1,0,0,0,0,_
110,0,用户9632709273310,0,3312,6,0,0,4895,0,_
111,0,芬,97,139,232,10,10,452,0,_
112,0,田螺菇娘,90,162,19,7,7,0,1,总有人山高路远为你而来_
113,0,？？？？？？？？？？？？？？？？？？？？,2,19,4,0,1,16,0,_
114,0,💋小梦。🎀,19,2417,6,0,0,0,0,_
115,0,小69,149,479,45,22,30,93,1,"安静的等待,洒脱的飞翔,随遇而安的气度,安贫乐道的生活！_"
116,0,臻源,36,218,25,8,9,120,0,_
117,0,Happy果,920,339,258,40,40,388,1,一颗坚定的心❤️_
118,0,凈凈o,176,990,81,0,0,0,0,_
119,0,你就不要想起我,615,685,149,51,63,0,1,你都如何回忆我。_
120,0,123小酒窝,534,874,80,224,225,289,1,广东茂名市，一位宝妈记录孩子的成长记录美好生活瞬间感谢遇见，感谢关注_
121,0,May 🌸,31,100,59,5,27,843,1,你最值得_
122,0,农夫三拳，有点疼！,37,149,18,8,8,111,0,_
123,0,💢          小幸运 💦,8,480,11,12,12,2274,0,_
124,0,大姐姐😀,134,237,36,29,29,398,1,生活很苦所以有乐一起分享🥰_
125,0,琳小公子,161,212,151,12,52,1448,1,永远在路上，永远有未知_
126,0,易生千玖,663,60,10,6,6,964,0,_
127,0,你的阳光,1,32,4,2,2,351,1,能牵动情绪怎能不在意._
128,0,特拉法尔加·D·瓦铁尔·罗,0,4719,17,0,0,0,0,_
129,0,-山楂汁-,160,209,41,31,31,1926,0,_
130,0,OTS,447,274,83,73,73,1600,1,天道有轮回   苍天绕过谁_
131,0,亲爱的偏执狂,211,299,35,86,87,1713,1,My temper off a lot of people But the most true.我的脾气赶走了很多人，但留下了最真的人_
132,0, 我是榴莲妹 ,36,345,19,0,0,0,0,_
133,0,阿棋,4297,276,834,26,30,1790,1,你得有足够的实力，你的原则和底线才会被尊重。_
134,0,Karlsese,0,142,21,0,0,0,0,_
135,0,pikapika,33,16,28,3,3,88,1,pik@chu~_
136,0,乐儿,440,131,114,34,34,62,1,大自然的搬运工，至善至美😊_
137,0,love豆浆油条love,67,640,18,38,38,2754,0,_
138,0,Azul🐋🦈,352,255,17,3,3,3667,0,_
139,0,🐼 @吉人自有天相💎,18,1757,1058,4,4,22520,0,_
140,0,"✘,Wen",19,337,10,36,36,148,0,_
141,0,程哈哈,48,45,30,5,6,1564,0,_
142,0,小曼～漫步,12,113,30,1,1,0,1,有晴空有雨滴有清风有温暖在心_
143,0,지켜줄게,0,753,40,0,0,0,0,_
144,0,🌸是凡凡宝贝呦👄,253,3868,196,22,23,2279,1,唐山的女孩👩王凡    🙈          播音主持专业👠可作🙈可甜🍓可洒脱👑你想要的样子我都有👸_
145,0,little fairy👧🏻,1182,119,217,142,145,270,1,颜值控很严重，不要轻易跟我说话。_
146,0,ღTaurus,3270,366,143,39,41,0,1,♡⃝ hello 今天要开心呀       ִִִ_
147,0,温大雅,69,79,42,8,9,867,0,_
148,0,贝贝童装～,385,336,62,206,240,2171,1,线上童装_
149,0,Yue 🎀,431,62,30,0,0,0,0,_
150,0,luckily,2,1335,21,0,0,0,0,_
151,0,三胎宝妈,308,145,160,16,21,1660,1,2秒变大眼V：壹八六八八零三六八三零_
152,0,豆芽,3,12,4,4,4,90,1,往事不回头！人生不将就！_
153,0,用户2693693904377,0,154,4,0,0,1420,0,_
154,0,安冉-♡,740,599,70,48,48,3004,1,谢谢你的关注!_
155,0,小瓶子🍾,4,64,2,3,4,63,0,_
156,0,张夫人,273,44,53,0,0,0,0,_
157,0,Life is play well those you hold,54,315,17,7,7,1940,0,_
158,0,Yaoyao🎄,323,1117,110,20,21,1234,1,不谈_
159,0,^Dandelion°,6,251,4,0,8,2171,0,_
160,0,喃喃+冉冉,681,168,156,15,43,1742,1,父母才是孩子的镜子，律己育人💕_
161,0,声君 🍀,67,5,14,11,11,69,0,_
162,0,zita,0,20,1,0,0,63,0,_
163,0,ahxinnnn,0,571,0,0,0,554,0,_
164,0,柒零,7,76,7,0,0,0,0,_
165,0,流砂,125,972,83,45,47,351,1,眼光明媚，温暖余生_
166,0,小企鹅,391,186,88,0,0,0,0,_
167,0,C C c,66,40,37,8,8,108,0,_
168,0,南风,20,25,25,0,0,0,0,_
169,0,Amy,529,279,67,0,0,0,0,_
170,0,终结螺蛳粉,8,3,0,6,6,664,0,_
171,0,万事胜意。,0,420,9,0,0,0,0,_
172,0,遥不可及的你,0,4197,53,0,0,2370,0,_
173,0,U盾就行查看新开这就是,0,864,9,0,0,2054,0,_
174,0,✘.离瞳↯,0,4389,59,0,0,14762,0,_
175,0,李锦阳,0,245,2,0,0,637,0,_
176,0,小东同学ing,0,212,10,0,0,250,0,_
177,0,愤怒的小鸟,41,70,20,3,3,0,0,_
178,0,华晨宇我爱你,149,2616,191,8,8,427,0,_
179,0,用户3478451089081,0,162,3,0,0,1529,0,_
180,0,超级王上次,26,1596,18,13,13,1678,0,_
181,0,h。,16,57,13,2,2,175,0,_
182,0,蜜桃奶盖,0,489,5,0,0,1545,0,_
183,0, 婉 俊  ,131,612,10,64,64,1516,1,发个单车_
184,0,Lily,0,307,19,0,1,592,0,_
185,0,陌上🌸花开,292,2364,38,40,40,1791,1,谢谢你的关注     不忘初心，方得始终_
186,0,用户3219170400590,0,231,5,0,3,293,0,_
187,0,XRR,0,760,125,0,0,3086,0,_
188,0,用户7998679849345,0,538,1,0,0,0,0,_
189,0,和我一起快乐吧,46,1258,15,5,5,18133,0,_
190,0,Yangyang.,2,68,9,0,0,0,0,_
191,0,小姑娘,3,177,31,0,1,218,0,_
192,0,阡陌繁花,0,1969,10,0,0,17673,0,_
193,0,赤～v😊,14,779,7,3,3,2953,0,_
194,0,@星洛~🌙,0,1089,15,0,0,0,0,_
195,0,用户9345729874615,0,17,0,0,0,45,0,_
196,0,有意思,70,158,25,5,5,6040,0,_
197,0,cfj,2,764,3,2,2,933,0,_
198,0,果哈哈,7,319,3,3,6,141,1,没想好_
199,0,☁️☁️☁️,0,73,2,0,0,0,0,_
200,0,走走等等站会,345,1149,87,5,6,0,0,_
201,0,。。。。。。,65,853,35,0,0,0,0,_
202,0,不知道自己,0,18,0,0,0,37,0,_
203,0,用户5794961974185,9,5001,96,1,1,7815,0,_
204,0,小刘爱小培,0,1084,3,0,0,0,0,_
205,0,🌺🌸🌼🏵️花开了,0,3131,63,0,1,660,1,大家好！我叫游瑶瑶_
206,0,福西西,196,643,5,17,17,2907,1,茶蛋一枚💕exo-l互加啦专发有关exo小视频，隔几次会发写爱丽投稿和exo沙雕视频。爱丽互相支持，笔芯♥️_
207,0,用户7270387831603,0,2346,13,0,0,1113,0,_
208,0,草莓布丁🌷🐰❤️🇨🇳,163,1222,39,383,383,6509,0,_
209,0,沙雕小冷,0,11,22,0,0,1099,0,_
210,0,晓發,0,26,12,0,1,50,0,_
211,0,咿呀,0,1056,9,0,0,15542,0,_
212,0,九九和79,2,451,26,0,0,0,0,_
213,0,蕾蕾,222,1111,45,100,104,3025,0,_
214,0,神秘男孩,0,168,22,0,0,444,0,_
215,0,(•̀⌄•́)草莓酱🍓,1,3860,51,0,0,15359,1,00后哟10后别给脸不要_
216,0,杨小静,23,699,78,1,3,8044,0,_
217,0,芗、曾h,0,581,4,0,0,6117,0,_
218,0,。l,605,127,177,31,32,0,1,清醒  自律 知进退_
219,0,晗翼,31,22,14,11,11,26041,0,_
220,0,用户4089205239542,24,1035,12,11,11,2003,0,_
221,0,思s,232,1621,66,0,0,0,0,_
222,0,简.翠 Burma jade,3242,538,352,156,158,937,1,心存感恩_
223,0,3w,0,15,35,0,0,119,0,_
224,0,止水～如镜,181,60,44,0,0,0,0,_
225,0,流不尽的回忆,362,1781,76,47,48,1539,1,很多时候只要你努力了，现实就会给你想不到的结果_
226,0,昔情,91,296,36,0,0,0,0,_
227,0,ღ᭄ꦿ °VIএ⁵²º᭄,1682,712,127,158,158,0,1,我开心比什么都重要_
228,0,漂泊,19,113,24,4,5,692,0,_
229,0,十夜👑,22,750,17,17,17,13802,0,_
230,0,用户1571570442809,0,160,2,0,0,2239,0,_
231,0,77777,0,393,33,0,0,0,0,_
232,0,浅笑心柔235758695,24,359,29,5,6,1965,0,_
233,0,头像的星星,50,2659,62,18,18,2970,1,100个粉丝我露头我爱我粉丝打我可以，打我的粉丝不行爱你们_
234,0,独特,138,125,48,13,13,409,0,_
235,0,pyy,696,4456,288,67,67,28859,1,我是一个🤦‍♀️👨‍👩‍👧‍👦女孩非常宠粉哟140粉丝露脸_
236,0,HZF,0,8,3,1,1,5,0,_
237,0,jgwpmt,33,29,13,4,4,0,0,_
238,0,嘟嘟嘟,34,123,18,5,5,1817,0,_
239,0,梦壹,0,44,0,0,0,0,0,_
240,0,龄听阿星,25,589,31,4,4,849,1,感谢抖音爸爸提供绿色正能量平台抖音宝宝我们能相遇就是感恩♥️_
241,0,卿负我,0,144,4,0,0,303,0,_
242,0,周敏🎀,28,516,30,7,7,217,0,_
243,0,小小妞,0,17,1,2,2,5,1,热情这个东西毕竟很脆弱 被忽略几次以后 就再也提不起来了_
244,0,ikun 傲暄儿,522,431,137,35,36,53133,1,一身酷_
245,0,小影超爱笑,1228,3615,128,78,78,54392,1,找到另一个不一样的自己……_
246,0,🐙章鱼哥🐙,16,190,27,4,4,522,0,_
247,0,燕子,198,831,257,14,14,399,0,_
248,0,周星星,33,236,37,2,2,2414,1,v：1957889766武术训练装备：zxl010629_
249,0,夏夏,838,942,183,71,77,7857,0,_
250,0,木棉花的冬眠,178,117,45,20,20,7834,0,_
251,0,不可思毅鸭♥,194,3862,478,7,14,0,1,做一个精致的猪猪女孩_
252,0,袖子,4,802,22,1,1,11353,0,_
253,0,来只成果,6,880,52,1,2,4399,1,请我喝可乐吗？加冰加柠檬！_
254,0,十七.,0,33,8,0,0,83,0,_
255,0,妙妙妙🦩,403,42,216,12,13,571,1,点赞👍➕关注！！_
256,0,False._,0,2358,1,0,0,0,0,_
257,0,闲出屁国公主,24,17,5,7,7,231,0,_
258,0,等你许久🖤,0,125,4,0,0,96,0,_
259,0,菲菲,178,27,47,90,91,936,1,往后余生都是你…_
260,0,小萱萱,696,53,93,31,32,0,1,生活一定要五颜六色但不能乱七八糟_
261,0,甜甜，甜甜。,48,1235,54,4,4,9089,0,_
262,0,用户4020162678790,0,181,5,0,0,0,0,_
263,0,十三先生,0,167,60,0,2,2395,0,_
264,0,阿微不爱笑,14,2956,56,1,1,2093,1,潜力股呢🤣_
265,0,Hypocritical,0,10,1,0,0,1639,1,安全感对于胆小鬼来说太重要了_
266,0,小榕,1946,184,262,6,6,5714,1,相遇是缘分，谢谢你们的关注！😘拒绝私信_
267,0,起床气的小恶魔😈,1843,123,478,49,49,145,1,平凡致极 却又可爱非常 89号角色级演员➕舞蹈Dancer的😈 每天10点30开播_
268,0,布童凡想,12,315,11,2,2,8925,0,_
269,0,メ稀饭你的笑,0,313,32,0,0,1262,0,_
270,0,龙龙,6,688,93,1,1,72,0,_
271,0,柠檬🍋酸不酸,14,25,18,4,4,479,1,后来才发现并不是所有的喜欢都会有结果，终究要明白遇见就已经很难得_
272,0,未羽无伤,0,5,0,0,0,57,0,_
273,0,遗失的美好,0,105,11,0,0,159,0,_
274,0,七顔初夏(剪映),34,121,13,0,0,0,0,_
275,0,我叫MT,132,253,42,17,18,0,0,_
276,0,phoebe    .,30,99,29,0,1,124,1,林深时见鹿._
277,0,鬼瞳,18,121,12,6,6,3341,0,_
278,0,晴馨剪辑,0,95,3,0,0,0,0,_
279,0,♡ۣۖิ猫ۣۖิ七ۣۖิ,0,5,35,0,0,0,0,_
280,0,小羽,0,143,19,0,0,479,0,_
281,0,锦蓉～～🌚,28,813,10,3,3,2411,0,_
282,0,无,0,193,2,0,0,882,0,_
283,0,清明。,0,827,8,0,0,1327,0,_
284,0,萌萌的小可爱,7,5001,43,2,2,17182,0,_
285,0,心愿,4,18,22,1,1,516,0,_
286,0,懵懵懂懂 的小青春,38,40,17,8,8,445,0,_
287,0,霸气的小姐姐,1431,4747,2082,75,76,7253,1,日落余晖，待你而归！_
288,0,活出女生的骄傲i,206,136,109,14,14,238,0,_
289,0,妞,48,56,7,13,15,2374,0,_
290,0,周佳怡,18,307,7,10,10,599,0,_
291,0,宋建新,131,95,71,3,3,232,0,_
292,0,z泽,0,176,15,0,0,18937,0,_
293,0,人心橙橙,1162,2390,114,142,142,36635,1,刘些宁张新成天生一对_
294,0,SJH,122,1639,206,7,7,4169,0,_
295,0,用户8003155753857,0,662,1,0,0,820,0,_
296,0,小腾腾啦,50,58,11,29,29,974,0,_
297,0,北王,8,1037,70,0,2,56539,0,_
298,0,小君泽,7961,148,1767,17,18,0,1,这―大家好，我是小君泽里―我的麻麻是笑笑是―我的爸爸是君泽小―做我粉丝宠你吖❤君―不要一次性赞我所有作品泽―宝藏女孩:杉杉主―谢谢你的关注吖页―不处关系，就这酱紫呐―本人是女的！女的！5月18日开学，周末会更新的_
299,0,努力！向上！奋斗！,38,83,129,2,2,238,0,_
300,0,無欲無求,1773,2930,159,169,169,8818,1,死生契阔，与子成说 执子之手，与子偕老_
301,0,Laura,23,660,41,1,2,9595,0,_
302,0,用户758015020,0,3609,11,0,0,0,0,_
303,0,老司机,0,229,4,0,0,230,0,_
304,0,大乘妙法莲华经   妙吉,0,1491,23,0,0,1683,1,心🙏外无法，法外无🙏心_
305,0,♞,26,906,39,5,5,4490,0,_
306,0,谨,3,86,1,1,1,2055,0,_
307,0,..,0,549,110,0,0,1271,0,_
308,0,好姐,9,207,21,0,0,0,0,_
309,0,😊,0,359,4,0,0,10158,0,_
310,0,小迪,38,322,23,11,15,656,0,_
311,0,开心宝贝,51,1049,24,47,47,94,0,_
312,0,欧阳！！！,61,805,83,10,15,1412,1,深圳福田区新洲九街益生中医馆_
313,0,阿斯顿,1,2138,10,0,0,0,0,_
314,0,水瓶中的鱼,0,144,6,0,0,123,0,_
315,0,妍,1198,880,184,28,28,5871,0,_
316,0,用户185038136625,318,2245,37,44,44,3149,0,_
317,0,天生傲骨怎能服输,0,1990,6,0,0,3,0,_
318,0,用户153044211979,2142,3214,831,107,114,3970,0,_
319,0,。大师哥,14,1147,12,37,37,2459,0,_
320,0,小雪儿,88,3849,131,0,0,0,0,_
321,0,萝卜,30,2177,22,7,7,13968,0,_
322,0,李欣燕,888,637,175,70,71,2546,1,谢谢你的关注和爱心_
323,0,牛奶面包,0,330,17,0,0,610,0,_
324,0,可爱的小猫咪,50,1528,19,20,20,1785,1,我是一个小学生，我希望能得到大家的小红心和关注。_
325,0,邱婕昕,1012,396,98,473,474,762,1,平安喜乐_
326,0,麟,6,413,15,0,4,1074,0,_
327,0,我就是我独一无二,209,50,35,34,35,1453,1,不吃你的不喝你的管的着吗你_
328,0,许小英,69,3725,86,30,30,5953,0,_
329,0,哪咤与敖丙,28,1497,14,7,7,13046,1,李君科_
330,0,艺苒,42,1231,11,9,11,6574,0,_
331,0,风亿寒,0,3718,16,0,0,8770,0,_
332,0,魔方小格,51,3869,50,3,11,6160,0,_
333,0,用户6734356658945,0,2376,30,0,0,3514,0,_
334,0,………,475,8,141,0,1,13,0,_
335,0,心墨,0,1784,3,0,0,5058,0,_
336,0,苹果啦🍬,314,184,48,33,33,1621,1,农夫山泉有点甜，不爱苹果有点悬哦(´-ω-`)_
337,0,……,3,767,232,0,0,0,0,_
338,0,用户8608344561019,13,847,18,6,6,239,0,_
339,0,夜很美,1771,188,136,100,101,699,1,做的无愧于心，刚刚好_
340,0,乍见之欢,1,50,16,0,0,0,0,_
341,0,莎莎💦⛄️,71,303,17,31,31,320,1,谢谢你的关注。_
342,0,嘟嘟嘟,0,5,5,0,0,53,0,_
343,0,龙腾独爱,87,3775,220,3,42,13803,1,我找到那个认定的人了。_
344,0,嗯好,0,126,0,0,0,181,0,_
345,0,我性空山,0,595,34,0,0,2165,0,_
346,0,陆佥事,0,2374,62,0,0,0,0,_
347,0,其实®,8254,56,2779,22,23,527,1,我对你的感觉和你对我是一样的_
348,0,郭美平,31,114,48,1,1,624,0,_
349,0,韩潇剪辑,8356029,1665,272731,123,143,0,1,巧乐兹创意_
350,0,欢迎前男友,518,1486,67,0,0,0,0,_
351,0,小太阳,0,42,2,0,0,9,0,_
352,0,苦渡,0,2094,6,0,0,22728,0,_
353,0,怡心居美缝剂美边线批发,70,4078,163,4,4,11647,1,怡心居美缝美边线批发15750074954_
354,0,小猪不哭,2,325,4,2,2,125,0,_
355,0,白昼甜苏,35,116,24,15,15,1024,0,_
356,0,取个名字好困难,8,2277,92,4,4,0,1,节课你的呢你到家_
357,0,维尼,48,181,77,6,6,4535,1,90后夫妻记录生活点滴_
358,0,原味可可,369,83,50,65,67,418,0,_
359,0,水灵大美女,8,873,7,1,1,753,1,我前桌是翟某某_
360,0,霸气狮子座。,256,640,17,58,59,11278,0,_
361,0,柚子通讯,47,1946,83,16,16,10043,0,_
362,0,用户5415124849615,0,12,0,0,0,13,0,_
363,0,雪里雪里,201494,30,2394,70,84,0,1,在陪一个女孩冲出重围没有事，别艾特_
364,0,酷库影视剪辑,24393,52,7138,77,80,361,1,感 谢 抖 音 ， 感 谢 平 台 ！传播正能量，推荐精彩剧情每 日 三 更 ， 感 谢 关 注 ！_
365,0,小老鼠。,13,56,8,20,20,555,0,_
366,0,凌芝💫,0,365,10,0,0,663,0,_
367,0,小强    小强,0,19,3,0,0,242,1,淦_
368,0,柠萌@(͒˶´⚇`˵)͒,0,3085,113,0,0,3474,0,_
369,0,你的小雅姐姐！,112,238,61,10,11,1319,0,_
370,0,泽泽最好呆,108,428,6,72,72,4369,0,_
371,0,小宇超乖,0,172,5,0,0,892,0,_
372,0,简,0,1547,11,0,0,2651,0,_
373,0,二十.,180,294,138,11,11,0,0,_
374,0,啊哈剪辑,3,194,0,1,1,0,1,🍓走过路过，不要错过🧸总会有你喜欢的剧，关注我吧_
375,0,☺依你  lx,6,13,13,1,1,0,0,_
376,0,用户5100213557855,1,873,11,0,0,0,0,_
377,0,用户490565237039,10,536,1,8,10,1383,0,_
378,0,⭐️,36,38,17,4,4,236,0,_
379,0,♥,28,1582,33,31,31,1353,1,如果我的粉丝超过100万我就吃😁变_
380,0,=_=_=_=_=_=,18,80,23,3,3,46,1,吃鸡和联盟_
381,0,阿萋萋萋,48,120,20,7,7,0,1,巅峰赢来虚伪的看客，黄昏见证真正的信徒_
382,0,没有两个鸡腿不许和我说话,9,145,65,5,5,1820,1,wb:没有两个鸡腿不许和我说话_
383,0,东华帝皇,132,2159,75,21,21,15052,0,_
384,0,DQ叶秋,61,4994,44,24,26,8980,0,_
385,0,寒絮,256,1553,93,40,40,4625,0,_
386,0,淇宝,185,180,19,50,50,1779,1,平平淡淡_
387,0,不美不萌又怎样,3,538,7,2,2,803,0,_
388,0,璀璨中的凋零,0,2413,14,0,0,7121,0,_
389,0,木兮,0,3141,55,0,0,0,0,_
390,0,离心,289,5000,122,23,24,4623,0,_
391,0,米奇妙妙屋💞💞,4369,2119,1133,137,157,6284,1,别人怎么对我，是我的因果。我怎么对别人，是我的修为。_
392,0,宠着佳怡,150,286,36,14,16,8210,1,深爱着佳怡_
393,0,曾温琪,6649,2007,445,114,143,5091,1,沉默不是没有情绪 是感觉没有再说的意义_
394,0,琳子,1,257,18,1,1,255,0,_
395,0,小夏的妹妹。,0,1410,5,0,0,290,0,_
396,0,Goddess~!,33,86,8,2,2,1022,1,嘿……_
397,0,温柔的白桃🍑,1,2795,35,3,3,2707,0,_
398,0,用户455078166248,0,638,0,0,0,1130,0,_
399,0,文💋,178,825,112,13,13,20081,1,一辈子便是永远_
400,0,哈哈笑,6,180,15,1,1,242,1,愿你经历岁月磨难，归来依旧放肆张扬！_
401,0,傲娇徐,1337,917,151,0,0,0,0,_
402,0,zww,0,110,4,0,0,0,0,_
403,0,QJC,10,2872,91,6,6,9685,0,_
404,0,私藏❤️,0,1927,7,0,0,1501,0,_
405,0,用户2746638476051,0,3073,19,0,0,2102,0,_
406,0,Xy,47,2392,49,0,0,0,0,_
407,0,痴人说梦,0,531,10,0,0,2096,0,_
408,0,南有浅夏,1968,770,193,0,0,0,0,_
409,0,一只废柴。,134,76,67,0,1,165,1,。_
410,0,得之ｗǒ幸,270,1515,82,3,3,422,0,_
411,0,我还有半条命、要不也给你？,60,711,140,8,8,647,1,微信18067062276嘉兴水产批发_
412,0,Ahs珊珊_,27,658,68,3,3,0,0,_
413,0,你的样子。,0,59,1,0,0,0,0,_
414,0,🌸    一生所爱🌸,1722,425,223,104,145,1438,0,_
415,0,忏悔者,18,59,26,0,0,0,0,_
416,0,方圆✨,2,592,358,0,1,0,1,朋友不是先来或者认识最久的那个人而是来了以后再也没走的人_
417,0,주용,24,77,36,2,2,787,1,满心不甘 无能为力_
418,0,A*Mun,0,254,14,0,0,181,0,_
419,0,沉迷,15,101,15,2,2,1423,1,止于唇齿  掩于岁月_
420,0,😊,378,1751,158,0,0,0,0,_
421,0,萌萝丽莎,1324,911,150,113,130,4241,1,随缘😈_
422,0,寂寞先生,6,320,51,6,6,327,0,_
423,0,喵小萱吖,0,135,2,4,4,14,1,虎牙主播喵小萱吖。一个对食物有点执着和偏执的吃货。欢迎大家来直播间和我一起分享美食心得。💕_
424,0,女骑士～杭州大甜甜,33312,204,5033,84,85,0,1,崩天崩地崩憨憨没错！我就是被崩的杭州大甜甜vx：1119068192_
425,0,已重置,0,61,4,0,0,208,0,_
426,0,朵可爱,37664,274,4140,88,88,60,1,感恩遇见❤️_
427,0,宠辱不惊，闲看庭外花开花落！,0,84,12,0,1,1638,1,为了自己活着了，也是为了爱的人活着_
428,0,用户5597006247789,0,468,1,0,0,52,0,_
429,0,DZ,2479,99,387,9,9,139,0,_
430,0,Boa,0,38,64,0,0,126,1,A funny single is better than a love tha_
431,0,thy。,23,74,3,7,7,308,1,苏喂苏喂苏喂。。_
432,0,岁千,4,6,4,1,1,304,0,_
433,0,妈咪妈咪,54,1564,23,3,95,4047,0,_
434,0,阿娇,605,199,172,23,26,216,1,人生就像一把秤 ，秤的太重容易自大秤的太轻容易自卑。_
435,0,小九九i,0,119,11,0,0,0,0,_
436,0,陌路繁弧✔终成伤,540,414,192,49,49,5570,1,生活总会逼着你坚强的_
437,0,🐈,559,1756,145,69,69,11930,1,笑而不语🍥_
438,0,菲菲,1705,114,157,105,105,0,1,一个努力生活为了星星的人_
439,0,行者,3,806,31,0,2,7995,0,_
440,0,九,2230,334,1659,0,0,0,0,_
441,0,跑跑跑的七哥。,1,194,9,0,0,0,0,_
442,0,renascence,0,74,27,0,0,24,1,最好的风水在人心🌸_
443,0,LLLLLLL,0,58,4,0,0,1626,0,_
444,0,臭美乔一,681,349,112,43,43,11199,0,_
445,0,星星泡饭,0,31,9,0,0,0,1,Cdh_
446,0,大笑,0,66,8,0,0,0,0,_
447,0,somnus（no）,227,39,34,32,32,185,0,_
448,0,瑶瑶,117,117,34,0,0,0,0,_
449,0,多次拒绝张建恒,337,138,25,7,7,8218,0,_
450,0,小黄鸭,252,137,55,59,59,1449,1,我牙疼_
451,0,L,0,63,19,0,0,184,0,_
452,0,小结,117,785,57,10,10,40551,0,_
453,0,🍒 🍒,237,436,20,0,0,0,0,_
454,0,七分甜小草莓🍓,3,201,5,0,0,86,1,一切都会如期而至..适应就好_
455,0,小泰泰,0,186,1,0,0,2246,0,_
456,0,times🍃,0,154,27,0,0,0,0,_
457,0,A Tng 婷💕,610,91,130,36,36,726,1,❤️别把自己弄得太狼狈  得不到回应的热情要懂得适可而止🍃_
458,0,☀,0,184,19,0,0,7641,0,_
459,0,Piser,862,176,328,122,124,1136,1,美丽的缔造者。🌸🌸_
460,0,乖乖崽~,472,116,283,56,57,477,0,_
461,0,baby_yang😘,7608,195,217,30,30,818,0,_
462,0,用户2432632042911,0,1230,20,0,0,1103,0,_
463,0,嘎嘎嘎(*˘︶˘*).｡.:*♡哈,12,248,33,0,0,0,0,_
464,0,🖤蕭蕭🖤,8,1719,37,14,14,7434,1,1996 ins:iv.xix.mcmxcvi_
465,0,手机用户73915258174,324,93,53,64,64,1520,1,泡泡_
466,0,菊子吖👸👸👸,6549,2219,329,44,44,26259,1,...._
467,0,初夏薄凉ら,0,2826,52,0,0,3148,0,_
468,0,费尔瑞,3,627,13,0,0,0,0,_
469,0,🐳 安静,30,30,11,2,2,0,1,Lucky 🐈_
470,0,用户9955364268743,0,3676,33,0,0,1405,0,_
471,0,Rose🎊、,39,14,9,5,5,221,1,成熟是苦难中最稳重的礼物❤️_
472,0,手机用户87781821905,53,297,15,32,32,520,0,_
473,0,yoyoDai,81,121,52,14,14,172,1,向阳而生……_
474,0,爱笑的小眼睛,256,213,46,38,38,9072,1,认真的做好每一件事，过好每一天_
475,0,纠结小女人。,39,7,11,10,12,435,0,_
476,0,👌,159,226,56,20,20,434,0,_
477,0,何亦,3,124,8,1,2,279,0,_
478,0,哦哦哦.,0,104,11,0,0,197,0,_
479,0,zutter,48,271,15,8,10,9069,0,_
480,0,❤,137,164,39,7,10,386,0,_
481,0,用户6510196465,0,3486,3,0,0,5460,0,_
482,0,你的太阳,0,445,0,0,0,0,0,_
483,0,圈子不同别硬融 ！,0,15,7,0,0,48,0,_
484,0,李漂亮,99,73,71,8,8,97,1,🎈_
485,0,101,0,2178,45,0,0,2454,0,_
486,0,一米阳光,0,43,4,0,0,93,0,_
487,0,dudududud,2,81,6,1,1,9927,1,🏀🏀🏀_
488,0,莎宝,2602,132,422,45,45,5816,1,逢人不必言深  孤单本是常态_
489,0,罗文君,0,660,10,0,0,5080,0,_
490,0,暗香疏影水清浅,251,216,39,38,38,469,0,_
491,0,是🤩星✨星✨呀💫,1480,1493,309,57,61,28154,1,🎐 No one and me ✨_
492,0,Gianni,155,775,92,14,14,2907,0,_
493,0,駺魜,0,137,10,0,0,2602,0,_
494,0,用户2626555888868,16,67,4,16,16,240,0,_
495,0,🍉。,0,56,51,0,0,34,0,_
496,0,Euphie,0,146,28,0,0,5365,0,_
497,0,better me,421,450,91,35,43,2896,0,_
498,0,绝情池水的伤i810,6080,582,261,1266,1267,31216,0,_
499,0,♥♥,0,1525,14,0,0,299,0,_
500,0,__南风知意,0,272,3,0,0,0,0,_
501,0,〰 佳＋〰,231,34,21,73,73,107,0,_
502,0,宁诺,78,889,32,13,13,0,0,_
503,0,小不点,0,1117,20,0,0,3778,0,_
504,0,最初的温柔你跑我就追丽萍,0,104,7,0,0,179,0,_
505,0,先爷_,178,207,48,77,137,893,0,_
506,0,粤R……,2726,168,137,8,10,572,1,没有个性何来签名_
507,0,用户749031001,0,35,1,0,0,0,0,_
508,0,豪轩,0,830,38,0,0,8460,1,愿你往后无忧_
509,0,猪猪,0,3214,3,0,0,97,0,_
510,0,传说,76,1580,82,14,14,12203,1,路是自己走出来的_
511,0,彭刘杨路武昌外贸店（娟籽）,1283,2708,475,134,134,4010,1,自由_
512,0,小屁儿,241,241,83,29,29,5184,0,_
513,0,王王的妹妹,0,271,29,0,0,1250,0,_
514,0,sunshine,0,47,5,0,0,1142,0,_
515,0,栀酒,10,44,20,1,1,535,0,_
516,0,廖娟,1886,367,359,100,100,3772,0,_
517,0,曾菇凉,0,8,2,0,0,20,1,冲鸭！_
518,0,😘,307,248,130,17,17,0,0,_
519,0,༺默༒笙༻,0,32,4,0,0,601,0,_
520,0,|｡･㉨･)っ💜,9,116,6,3,4,170,0,_
521,0,用户5620547268438,0,55,0,0,0,109,0,_
522,0,肖雅淇（虞美人）,88,3335,160,7,7,9950,0,_
523,0,🐱,401,75,43,0,0,0,0,_
524,0,最后一个影子,9,18,16,2,3,532,0,_
525,0,顾清,6,188,15,0,0,0,0,_
526,0,没有尾巴的玫瑰,86,42,39,17,29,1733,0,_
527,0,用户5721419779029,37,939,5,28,28,1197,0,_
528,0,Jewels,30,2302,64,1,3,4309,0,_
529,0,lucky,0,66,5,0,0,0,0,_
530,0,嶽,30,414,59,3,7,4061,0,_
531,0,Franz,0,22,3,0,0,263,0,_
532,0,扯淡,0,152,8,0,0,329,0,_
533,0,^ω^苏明子£,0,102,1,0,0,819,0,_
534,0,生如夏花🌸,52,304,54,17,19,95,0,_
535,0,想吃很多冰淇淋,0,240,15,0,0,0,0,_
536,0,(｡･ω･｡)ﾉ♡,85,62,30,15,17,1269,0,_
537,0,小主,148,541,44,13,13,3364,1,认识就够了，余生就算了，以前不打扰，以后不会了_
538,0,香霖堂,8,371,111,0,0,0,0,_
539,0,小 C c,152,38,33,22,23,274,1,生活的理想就是为了理想的生活！！_
540,0,错落,0,378,13,0,0,68,0,_
541,0,Johnny,2,345,28,1,1,59,0,_
542,0,小小兔,59,86,23,0,0,0,0,_
543,0,姬存希护肤,1127,61,63,431,433,3330,1,自己随心！不要太累_
544,0,罗大么儿,2145,606,435,84,87,490,1,……_
545,0,命运自有其时间表,38,2335,80,4,5,3700,0,_
546,0,包子Mio,959,802,14,6,15,3981,1,远山长慕寒鸦声渡，长长久久是岁慕天寒。_
547,0,zero,13,250,20,2,3,2181,0,_
548,0,Half drunk,11,95,27,0,0,0,0,_
549,0,安予一,38,1291,23,8,8,29602,1,简简单单，开开心心就好_
550,0,恬恬妈妈,151,91,37,15,15,167,0,_
551,0,妮妮,0,248,6,0,0,0,0,_
552,0,温馨提示我不爱你_,0,782,8,0,0,514,0,_
553,0,用户370502148660,0,1,5,0,0,45,0,_
554,0,云想衣裳花想容，春风拂槛露华浓,1,309,30,0,3,39872,0,_
555,0,龍發財,0,610,1,0,0,8170,0,_
556,0,婷哥哥,9,32,9,2,2,350,1,受过伤害的人才会选择自欺欺人_
557,0,莫语,0,136,4,0,0,523,0,_
558,0,洛洛,149,49,68,30,31,478,0,_
559,0,乐乐,1,491,5,0,1,798,0,_
560,0,任夢雅雅雅雅雅.,47,1526,22,4,4,3715,1,爱在细节 不爱也是 心动于细节 崩溃于细节._
561,0,小情绪,10,89,8,4,4,343,0,_
562,0,诺尔登,16,358,69,3,5,504,0,_
563,0,凛宸,60,2352,29,21,26,3213,1,想接触我，可以关注我哦。♥希望你们会喜欢我的配图。_
564,0,靠天靠地不如靠自己づ°,0,62,0,0,0,0,0,_
565,0,诺宇,0,3126,8,0,0,10811,0,_
566,0,睛琳,30,2544,99,2,2,19772,0,_
567,0,...,37,843,23,6,6,4147,0,_
568,0,用户5947714355324,11,1051,4,18,18,1209,0,_
569,0,Snoopdoggg!,584,585,125,9,10,0,1,跨过星河迈过月亮去迎接更好的自己_
570,0,仅此而已,5,262,46,1,1,0,0,_
571,0,爱你深远及久远,12,3343,29,0,0,0,0,_
572,0,神灯 神灯,100,783,33,6,6,30766,0,_
573,0,vivi.@,328,282,88,122,122,4079,0,_
574,0,番茄维他命,13,196,9,6,6,1063,1,一名多年的小米粉，如果你也是米粉，可以一起安排安排。我为小米代言，如有需要，请联系我。👉V：Move258258 (注明来意!）_
575,0,星辰.,2856,49,161,0,0,2345,1,蓝蓝的天空飘着雪花，漂亮的皮鞋露着脚丫，你我的相识是个神话，请您温柔地回个电话！_
576,0,你的沫呀沫💘,12,39,19,5,5,38,0,_
577,0,这样的名字都占用,0,1226,16,0,0,2492,0,_
578,0,看不穿人的本人性,0,65,8,0,0,0,0,_
579,0,用户6100209657312,0,473,0,0,0,652,0,_
580,0,就是我,469,124,114,51,51,439,0,_
581,0,叶紫红,177,623,36,87,87,947,1,80后。_
582,0,小艳,137,1701,88,18,185,0,1,爽_
583,0,yuan,9,60,13,1,1,255,0,_
584,0,为爱放弃天长地久,51,1067,34,24,24,338,0,_
585,0,稚念,0,191,1,0,0,13614,0,_
586,0,手机用户79800748810,154,233,58,28,29,1210,0,_
587,0,@🌸   黄小姐。,6685,121,2008,83,83,0,1,该用户已关注你_
588,0,別忘記微笑i,0,89,13,0,0,517,0,_
589,0,萱呐个萱,0,1162,14,0,0,1625,0,_
590,0,青春之约,12,136,17,1,1,5498,1,每个人心里都有一个死小孩_
591,0,芈睿,59,1420,99,6,6,442,1,人生就是波澜起伏_
592,0,乖猫🐈安妮,1685,697,253,157,158,0,1,善良的人狠起来，你连下跪的机会都没有🤗_
593,0,☀️,0,9,0,0,0,0,0,_
594,0,NiangNiang,9,8,8,2,2,3,0,_
595,0,什锦味的月饼_,73,328,18,4,4,1651,0,_
596,0,浅❦水,58,3137,128,0,0,0,0,_
597,0,堕落,1,1573,19,1,1,30881,0,_
598,0,宁柒,0,3962,50,0,0,10018,0,_
599,0,Wc.第园小飞,0,120,24,0,0,63,1,大不了的事就别看_
600,0,言出必行,24,150,59,2,3,1690,1,感谢你们能关注。_
601,0,哈尼,11,345,61,1,1,1337,0,_
602,0,💋拽丫头,58,44,64,2,6,1567,1,花花世界，何必当真_
603,0,真心人i,0,24,1,0,0,69,0,_
604,0,えん,7,282,15,1,1,4455,0,_
605,0,悟,0,45,4,0,0,443,0,_
606,0,晚歌,42,4799,34,6,6,698,0,_
607,0,那又如何,229,97,106,25,25,335,0,_
608,0,用户6669770041511,0,15,0,0,0,38,0,_
609,0,靓靓,3897,712,1005,97,104,12345,1,我在等世上唯一契合灵魂_
610,0,小小只,20,191,19,4,4,670,0,_
611,0,﹏沫。,0,9,0,0,0,32438,0,_
612,0,婧云,22,4188,56,2,2,19638,0,_
613,0,今生唯一，只因有你！,0,20,3,0,0,183,0,_
614,0,Kevin,0,532,1,0,0,1709,0,_
615,0, ERChing,0,72,0,0,0,31,0,_
616,0,心陌661,0,59,9,0,0,716,0,_
617,0,00000000000000000000,3,145,3,1,1,1693,0,_
618,0,hvvv,0,160,12,0,0,0,0,_
619,0,吾心,0,1040,23,0,0,0,0,_
620,0,user5032990605801,0,191,4,0,0,5571,0,_
621,0,老二家的汤媛,0,1868,9,0,0,3694,0,_
622,0,汪撒撒,0,153,1,0,0,0,0,_
623,0,嘿～,77,98,14,9,9,0,1,哦豁_
624,0,啦啦啦！,2,634,1,1,1,27,0,_
625,0,鹤轩,0,3470,18,0,0,12564,0,_
626,0,💫天使女孩💫,11,5000,36,2,2,30096,0,_
627,0,最闪亮的一颗小星星,18,531,39,9,10,7564,1,遇见你真好_
628,0,我是奇葩  我自豪,10,60,21,2,3,147,0,_
629,0,木木,0,41,1,0,0,719,0,_
630,0,听、悲伤的曲,20,188,45,0,0,961,1,水是鱼的守护神。_
631,0,棒糖,5,100,23,1,1,333,0,_
632,0,手机用户67482109520,22,589,26,5,5,314,0,_
633,0,像风一样悲伤,306,1053,91,22,22,612,0,_
634,0,用户7976066116689,14,38,2,13,13,171,0,_
635,0,用户5991952135029,0,1236,4,0,0,22,0,_
636,0,我是你的小闺蜜,3638,520,328,238,239,18172,1,我是你的小闺蜜_
637,0,思雅,5,2739,16,1,1,8348,0,_
638,0,小桃爱次糖,2,1265,11,1,1,1207,0,_
639,0,kong#,2149,353,1199,23,23,2340,1,别太依赖别人 自己又不是废物_
640,0,11,0,241,5,0,1,5560,0,_
641,0,用户5037205745993,0,385,4,0,0,3656,0,_
642,0,麦兜兜,52,45,26,8,8,137,0,_
643,0,Lisa,0,111,10,0,0,131,0,_
644,0,肖肖肖肖小姐*,151,93,65,24,24,72,1,🌝_
645,0,果然,5,101,12,1,1,297,0,_
646,0,张,1182,497,42,317,317,21784,0,_
647,0,唯^O^熙,74,32,21,14,16,267,1,简单点……_
648,0,用户6852616902087,0,68,2,0,0,218,0,_
649,0,仔仔女女Ω,0,78,31,0,0,533,0,_
650,0,红尘铁粉,0,3788,10,0,0,6552,0,_
651,0,温酒斩华腾。,55,367,10,20,20,325,1,我王者吃鸡贼六。_
652,0,小雯雯,7,633,6,0,0,0,0,_
653,0,玫瑰小熊。🐻🐻,4,1217,16,2,2,1516,0,_
654,0,入戏三分,1490,532,627,145,145,1495,0,_
655,0,M,37,25,25,12,12,141,0,_
656,0,疙瘩,0,67,5,0,0,0,0,_
657,0,鱼仔仔,4,2314,19,2,2,7714,0,_
658,0,小倪,63,166,47,10,10,768,1,😇😇😇_
659,0,向升 黄,0,38,4,0,0,53,0,_
660,0,凌晨看见44次日落,0,544,0,0,0,0,0,_
661,0,帆,0,2454,8,0,0,7,0,_
662,0,腿毛先生,5,4181,59,0,41,27236,0,_
663,0,loser,2,2216,0,0,2,10065,1,远方的人想着静悄悄的家_
664,0,李贝,380,275,39,0,0,0,0,_
665,0,大婷。,28,137,28,10,10,69,0,_
666,0,用户988361403201,0,706,17,0,0,2614,0,_
667,0,顾辞,0,320,14,0,0,0,0,_
668,0,晴空,292,30,97,0,0,0,0,_
669,0,短发飘飘不及腰i,45,62,20,10,10,214,0,_
670,0,拂晓,0,2416,127,0,0,0,0,_
671,0,琦仔,51,1461,51,6,6,1289,1,山西_
672,0,李哈哈努力减肥ing,0,289,7,0,0,634,0,_
673,0,0921号女孩,0,86,0,0,0,0,0,_
674,0,新年,0,2558,43,0,0,2137,0,_
675,0,用户chen1234,209,235,30,25,28,430,0,_
676,0,Yandy,4,795,26,2,2,845,0,_
677,0,Y。,2873,2326,187,31,31,3147,1,过往不究 未来可期_
678,0,Autism,1,123,6,0,0,0,0,_
679,0,星语心愿,100,129,15,19,19,1204,0,_
680,0,用户635024777744,93,2542,39,48,48,4544,0,_
681,0,冷溢淰泩,0,308,10,0,0,170,0,_
682,0,用户1105261793720,0,61,1,0,0,296,0,_
683,0,用户277809,59,3471,41,23,25,9274,0,_
684,0,宝贝,0,879,42,0,0,2712,0,_
685,0,茶靡沫,199,205,86,16,17,973,1,我不喜欢下雨天，但是我喜欢下雨的声音_
686,0,利利,956,676,115,587,587,1868,1,路过点点关注_
687,0,用户7457926345110,0,27,0,0,0,50,0,_
688,0,指尖泪凉。💔,203,2195,64,19,37,1435,1,ㄣ静静地等待，忘记的那天，任凭眼泪洒落，直到 麻木，直到 放下。_
689,0,用户8489334514166,0,1546,15,0,0,0,0,_
690,0,Loners小美。,0,190,23,0,0,0,0,_
691,0,灿灿@黑白,0,1135,9,0,0,323,0,_
692,0,小甜心,0,1832,20,0,0,836,0,_
693,0,爱痞@,0,498,0,0,0,4548,0,_
694,0,杉杉诺诺珊珊诺诺，集团,1576,901,448,252,253,4628,0,_
695,0,鲤鱼影视,11,52,7,3,5,67,1,推荐指数⭐⭐⭐⭐⭐_
696,0,LCY。,161,23,147,28,28,56,1,热爱生活 开心有趣 努力赚钱 保持善良wx:qie893344535_
697,0,崔崔,187,438,52,106,143,433,0,_
698,0,醒☜灵,1,610,17,0,1,445,0,_
699,0,chica,86,4989,29,12,12,2579,1,也许是真的老了，一切求稳，比起心动，我更喜欢心安，好不容易爬上了岸，再掉坑里的事就留给勇敢的人。人生，留三分贪财好色，以防与世俗格格不入，留七分一本正经，以图踏踏实实谋此生。_
700,0,用户1344545718328,62,2300,11,17,17,5578,0,_
701,0,拢龙的小可爱,0,112,19,0,0,919,1,底线朱一龙_
702,0,ヾ(´∀｀。ヾ),25,818,84,2,4,74146,0,_
703,0,是柒屿呀,1,67,19,1,1,6505,0,_
704,0,苏词梦想,0,91,0,0,0,2,0,_
705,0,@-@,235,30,36,28,28,326,0,_
706,0,IQ. EQ为零,764,493,191,11,12,0,1,所有结束都只为了新的开始！_
707,0,手机用户66027044703,0,27,5,0,0,180,0,_
708,0,小可爱,131,1660,32,30,30,7392,0,_
709,0,小丘呀,269,491,32,0,22,0,0,_
710,0,北野,1,155,36,0,0,9810,0,_
711,0,一代大坑,0,2713,30,0,0,4292,0,_
712,0,木呆猫,0,198,14,0,0,0,0,_
713,0,迪超迪超,0,124,7,0,0,1297,0,_
714,0,用户2708980418039,0,16,0,0,0,47,0,_
715,0,柠檬橘子,69,123,22,8,8,0,0,_
716,0,77777,7,140,19,0,0,0,0,_
717,0,幻影,0,2805,19,0,0,7879,0,_
718,0,😈MC大魔王,0,706,51,0,1,2,0,_
719,0,下雨天吃冰糖葫芦,0,122,42,0,0,2451,0,_
720,0,猪猪侠🐷,136,777,131,14,14,14630,0,_
721,0,LOAOA,1247,110,74,118,118,1950,1,记录生活❤️_
722,0,极简,0,1007,11,0,0,3688,0,_
723,0,亲亲亲亲亲亲亲亲亲亲亲亲,0,1213,20,0,0,130,0,_
724,0,用户5312466949858,0,2352,10,0,0,1440,0,_
725,0,小思,194,3711,162,43,45,7492,0,_
726,0,黑黑黑黑波,3,23,7,1,1,31,0,_
727,0,Cie,4,395,15,1,1,1020,1,长大了，习惯了…_
728,0,阔耐🍥,147,346,22,21,30,1123,1,喜欢请回答系列电视剧的都是内心善良，充满希望，拥有正能量的，可爱的美女帅哥。_
729,0,庸人自扰,0,272,33,0,0,0,0,_
730,0,我的头像，为她而改,2,4027,47,0,2,36655,1,嘻嘻_
731,0,搁置,9,61,21,2,2,49,0,_
732,0,用户2967359851122,8,789,6,4,4,2799,0,_
733,0,小白兔,0,1669,2,0,0,1,0,_
734,0,瓶子,83,50,31,0,0,0,0,_
735,0,____Chen👣,1748,187,783,44,52,0,1,顺顺利利！_
736,0,啄凌,0,130,0,0,0,0,0,_
737,0,魏爷,14,80,4,5,5,2474,1,QQ3030158967_
738,0,芋泥啵啵奶茶,403,266,120,51,52,1152,1,傲娇小姐姐_
739,0,放·棄,185,4156,20,16,17,430,1,微博：叶清息_
740,0,H,0,24,13,0,0,2147,0,_
741,0,森屿海巷,42,519,23,12,12,3463,0,_
742,0,桂秋。,82,190,19,31,31,338,0,_
743,0,皮卡丘！,0,172,11,0,2,946,0,_
744,0,迷你世界⭐粉萌,111,514,33,0,0,0,0,_
745,0,13572485,0,14,0,0,0,88,0,_
746,0,嚴,0,312,1,0,0,84,0,_
747,0,孤烟,0,32,3,0,0,1599,0,_
748,0,未命名,0,646,0,0,0,0,0,_
749,0,2020.4.25.呵呵,36,2223,26,15,15,21545,1,2020.4.25_
750,0,浪半岁,0,792,23,0,0,9187,0,_
751,0,@顾曦,50,679,37,5,5,5328,1,让我原谅是容易的。但……再次信任，就没那么容易了。_
752,0,小鱼儿,22,352,25,1,1,1331,0,_
753,0,世界很大 但我只想看看你,1666,134,188,152,153,5258,1,珍惜一切来之不易的幸福_
754,0,咕咚卅,0,1456,1,0,0,3512,1,一二三_
755,0,Chilambbb,161,70,99,6,6,224,1,96年双鱼座 🙃_
756,0,温柔的女神,6,1424,7,1,1,899,1,曾经我是一个被婚姻折磨发疯的女人如今我是一个进入二婚之中温柔的女神如果你还在被婚姻折磨欢迎你来咨询我我带你走出婚姻的沼泽_
757,0,做最好的自已,52,54,20,0,0,0,0,_
758,0,晓晓,34,2337,30,7,7,7418,0,_
759,0,ZHONG.,11586,404,2068,149,149,27,1,世人万千 再难遇我_
760,0,晨曦☀,0,42,9,0,0,112,0,_
761,0,凝萌,0,3562,23,0,0,23304,0,_
762,0,不知道叫啥,0,359,12,0,0,965,0,_
763,0,樱田妮妮,223,43,28,39,39,60,0,_
764,0,星冰乐,0,2280,4,0,0,4506,0,_
765,0,用户177226094,0,234,5,0,0,527,0,_
766,0,👑,96,41,35,12,12,288,0,_
767,0,魔蝎,3,1185,2,4,4,230,0,_
768,0,用户2417182683757,150,2131,58,42,42,1780,1,能否给我一生的浪漫。。。_
769,0,米拉,1205,182,277,53,128,1190,1,米拉_
770,0,正儿八井,7073,725,255,444,449,12091,0,_
771,0,已重置,0,86,7,1,1,251,0,_
772,0,习惯,0,118,21,0,0,1370,0,_
773,0,用户5476737810985,0,12,5,0,0,58,0,_
774,0,🎀随遇而安,288,195,68,33,37,1934,0,_
775,0,瞪到你··,2,55,50,1,1,350,0,_
776,0,"Simple love,",3,9,24,1,1,402,1,前任终究是前任 不打搅是教养_
777,0,陈美君,967,3334,499,54,55,329,1,一个人的成长比成功更重要_
778,0,听闻,136,396,507,8,8,5759,1,任何关系都不要把自己搞得太累 如果不快乐就结束吧_
779,0,be the best200107,1347,3709,69,0,0,0,0,_
780,0,( •ิ_• ิ)大男孩々♚,0,383,8,0,0,20684,0,_
781,0,江林的日月,0,3197,39,0,0,0,1,鲸落于海  星沉于洼  风隐于密林                              蝉鸣漏进夏至 想让世界所有温柔                                      住进你眼里                                               ( ͡°❥ ͡°)⭐️星🈷✨( ͡ _ ͡°)ﾉ⚲ ♫_
782,0,唐小乐☀,32,241,22,3,3,7105,0,_
783,0,不要熬夜了哦,1357,215,165,158,158,3385,1,好好生活，一切都会更好的._
784,0,s旧,146,158,53,15,15,448,0,_
785,0,✪ω✪香菜,123,75,61,10,10,959,1,先苦后甜_
786,0,贫民窟小男孩,0,603,57,0,0,4315,1,我喜欢你，从一而终，认真且怂。_
787,0,o爱你哟！,30,115,22,6,6,472,0,_
788,0,percent,1,224,30,1,1,0,1,好看的皮囊千篇一律，有趣的灵魂万里挑一_
789,0,用户7496715554212,0,1061,3,0,0,108,0,_
790,0,雪花🌸,23,2015,92,7,7,7280,1,育黎中心学校_
791,0,春花小姐❤️❤️,1916,1538,103,382,382,8436,1,ygggjjbhh:kh_
792,0,Crystal,19,95,11,9,26,10905,0,_
793,0,MC~幻影,618,1311,112,50,51,9432,1,本人已有妹妹，姐姐妹妹：墨仙月姐姐：@夜笙璃梦小号三指周二蛋_
794,0,ಡ简单ಡ,145,277,28,17,17,0,1,ಡ我习惯了不该习惯的习惯           ಡ却执着着不该执着的执着_
795,0,仙辞,1138,2945,902,45,45,0,1,柠檬很酸🍋本人是金鱼，元潇，曲琦，将将，甜筒，颖火虫，蜜蜂，爱丽丝，盐粒，露珠，紫米，蜜鞠。@仙呓我错了_
796,0,神秘人,30,2740,22,4,5,683,1,我从来不骂人，因为我骂的不是人！_
797,0,风尘之者,0,3910,6,0,0,4794,0,_
798,0,饼干有意思妹,35,95,30,5,5,614,1,趁还年轻，我不将就_
799,0,冷月清秋,0,77,11,0,0,2944,0,_
800,0,不做低头族🇨🇳💖💕,74,338,18,10,10,3014,0,_
801,0,666,5,363,47,1,2,4858,0,_
802,0,北辰.,0,311,16,0,0,0,0,_
803,0,fancy,188,501,74,20,20,2881,0,_
804,0,心似烟火♥,7,1309,12,3,3,2778,0,_
805,0,用户332699804,65,4549,96,10,10,5811,0,_
806,0,彩虹糖果,31,1258,18,6,6,1068,0,_
807,0,凉生,13,425,55,3,3,681,0,_
808,0,用户5267104792554,0,12,0,0,0,22,0,_
809,0,Queen,1488,13,121,4,4,642,0,_
810,0,石小姐,1215,1880,836,36,36,1805,1,人生何必如初见，但求相看两不厌_
811,0,辉,0,822,19,0,0,143,0,_
812,0,从心,0,18,3,0,0,24,0,_
813,0,李梦婷,1242,880,93,549,549,26676,0,_
814,0,提莫小队长,643,383,144,2,2,0,1,旅行是背满行囊的流浪_
815,0,霸道的女生,0,4900,97,0,0,9223,1,我本人脾气不好   但我讲义气绝对不出卖朋友     我很护短的我的闺蜜谁也别想动一下    闺蜜有我护着也别想动我想用命守护的人我的底线就是闺蜜   朋友    兄弟你一但触犯我的底线   后果不堪想象    友情提示    后果自负_
816,0,张玉芳,20,53,12,2,2,9703,0,_
817,0,肥宅欣欣酱🐷,424,342,94,19,23,0,1,👩该用户关注了你_
818,0,三毛流浪记,26,83,26,10,10,421,0,_
819,0,..,59,32,42,0,0,0,0,_
820,0,余雪梨Shirley*,128,204,62,19,20,504,1,…  ♥︎_
821,0,玲,34,597,40,6,6,1490,1,乖宝宝哦！_
822,0,L1anJ1ngWen,94,36,50,5,5,54,1,你要去相信，没有到不了的明天。_
823,0,😝NaNa😝,255,480,31,80,80,1422,0,_
824,0,forgotten,51,183,81,2,2,15690,0,_
825,0,用户5234622738199,15,786,6,3,3,28298,0,_
826,0,CH.l,1,2725,34,1,1,2946,0,_
827,0,魔鬼中的天使@,124,265,39,19,19,407,1,谢谢你的关注_
828,0,小静,328,251,90,52,53,1103,1,知足者常乐_
829,0,.,0,428,4,0,0,1898,0,_
830,0,小月芽儿,16,68,8,6,7,133,0,_
831,0,呵呵,121,198,12,63,65,10,0,_
832,0,取名字好难,2,207,12,0,1,416,0,_
833,0,凡凡的小可爱ớ ₃ờ,4,30,9,0,0,5114,0,_
834,0,小妹🌸,1100,3534,167,0,0,0,0,_
835,0,小叶子,282,3795,77,61,61,8632,1,邓峰造级，无语伦比❤️永远爱伦伦_
836,0,那些曾经,286,1603,435,10,11,0,0,_
837,0,慧,86,367,34,3,3,0,0,_
838,0,肉肉妈咪,188,85,48,19,22,448,0,_
839,0,Wendy,13,478,43,6,7,954,1,不忘初心，方得始终_
840,0,小馨馨🍓,17,360,94,0,0,0,0,_
841,0,泰拳小姐姐,177,713,40,85,85,183,1,一个美丽可爱的女泰拳教练，哈哈哈😄😁😄_
842,0,不吃香菜°。,46,263,82,4,4,141,1,好心不如好嘴_
843,0,单亲妲己,12845,200,759,722,724,7276,1,183184疼爱就是我不讲理 你也让我几分_
844,0,沈不乖ꦿ༊,30434,394,164,183,251,8731,1,曾经小鹿也乱撞过.现在小鹿长大了.走路贼稳！情感文案屋——♡_
845,0,yangWL,272,328,1282,13,13,2110,1,心若计较，处处都是怨言_
846,0,珍惜*现在,46,1325,15,4,4,18529,0,_
847,0,你才到碗里去🙄🙄,1244,1800,74,0,0,0,0,_
848,0,Bringtal,25,20,42,4,6,26,1,天天开心～一起加油_
849,0,般   若,459,175,53,32,34,1816,1,无法改变的事情，就必须自己学会接受事实。_
850,0,阿潘,26,34,21,9,9,120,1,喜爱德云社未知全貌  不予置评❤️_
851,0,🎷,0,61,9,0,0,69,0,_
852,0,小锦歌🍒,20236,47,149,13,13,0,1,不必再找没有故事也没有酒_
853,0,DL,0,163,49,0,0,261,1,不断学习，完善自我！_
854,0,向日葵🌻,160,133,53,22,22,1101,0,_
855,0,🍃ㄣ匆匆呐哖,528,175,126,0,0,0,0,_
856,0,把心照亮,174,77,57,25,28,967,1,静下心来，慢慢走_
857,0,曹荣华,0,2437,16,0,0,5848,0,_
858,0,o࿐🎀 QwYKo,23488,4154,1110,1548,1557,16654,1,热情这个东西耗尽了，就只剩下疲乏和冷漠……_
859,0,摩登范,37,3541,40,4,52,27003,1,支持小宁 越来越好喲_
860,0,暗者，明也,0,107,1,0,0,411,0,_
861,0,小妮子…,148,76,12,0,15,1968,0,_
862,0,，,547,174,60,61,61,773,1,My husband，JINDEJUN_
863,0,🇨🇳天使的翅膀🐰,509,2979,69,132,132,29445,0,_
864,0,Yedda Yang,838,368,287,96,98,3081,1,年轻是我们唯一拥有权利去编织梦想的时光！_
865,0,柯逸原,22,488,22,12,12,3893,0,_
866,0,卿卿小真女,35,1287,18,4,5,1653,1,♉️ Taurus ♉️ ⚜️ 金牛座 ⚜️💐 潮州人 💐🇨🇳 华人华侨 🇨🇳🇰🇭 Simple yet daydreaming 🇺🇸🔒 Openly in Relationship 🔒💝 Belong to Taing Family 💝_
867,0,A&嗯哼大王！ ,953,78,91,105,105,330,1,我姓魏，却不能给你安慰❤️_
868,0,湘湘58,0,21,3,0,0,0,0,_
869,0,风语,0,2076,54,0,0,6317,1,红尘多可笑，痴情最伤人_
870,0,Helen,0,60,2,0,0,0,0,_
871,0,123321,0,163,1,0,0,270,0,_
872,0,哦？ヾ(●´∇｀●)ﾉ哇～,0,3059,20,0,0,0,0,_
873,0,星落如雨,0,18,5,0,0,49,0,_
874,0,橘子烊子,0,5,0,0,0,0,0,_
875,0,季鸢尾,0,52,4,0,0,190,1,下半生要自爱，自信，自强。_
876,0,指尖上的星空,111,15,16,0,0,0,0,_
877,0,不该☆,118,933,57,21,24,595,0,_
878,0,吴顺燕,55,195,67,9,10,61,1,很幸福_
879,0,雯Pig雯,0,1234,14,0,2,2124,1,天气不似预期，但要走，总要飞。_
880,0,用户5731959617061,0,567,3,0,0,576,0,_
881,0,三只熊,6,1234,2,0,0,0,0,_
882,0,可乐',0,3946,27,0,0,4896,0,_
883,0,呱唧呱唧哈,0,6,0,0,0,36,0,_
884,0,许凤清,11,56,36,2,3,330,1,越努力越幸运😘_
885,0,小新不小心,139,112,38,12,14,944,1,万象更新，万物可期_
886,0,媛,333,1988,96,54,54,1849,0,_
887,0,用户5812023210776,0,701,1,0,0,5142,0,_
888,0,Miss 鱼饭饭,14,83,26,1,1,296,0,_
889,0,語誮詩,72,107,47,17,17,619,0,_
890,0,A机器猫👑,250,191,47,140,140,927,1,命运多舛，痴迷淡然_
891,0,涛哥哥,148,425,118,0,0,0,0,_
892,0,shk,0,443,9,0,0,0,0,_
893,0,Miss芳菲,11,238,13,2,3,508,0,_
894,0,开心点,59,101,10,0,0,0,0,_
895,0,用户234738617166,0,27,0,0,0,65,0,_
896,0,原来不想,5,846,20,2,2,1373,0,_
897,0,江宝宝,52,34,38,6,6,398,1,满天星河只为遇见你❤️_
898,0,ly,8,499,29,3,3,5878,1,就这样吧，随意就好_
899,0,用户6900718901977,0,1266,0,0,0,1747,0,_
900,0,远行舟.,0,918,2,0,0,4881,1,今年夏天又四十度了._
901,0,昔栀,14,80,6,3,3,477,0,_
902,0,专业抬棺,0,32,10,0,0,4185,0,_
903,0,財谜小慧,6,48,10,1,1,225,0,_
904,0,蛋糕盒,30,844,13,1,1,10030,0,_
905,0,💍,0,42,17,0,0,0,0,_
906,0,伶,0,46,0,0,0,109,0,_
907,0,UNlG一王五亿九千九百九十九一博,0,499,8,0,0,1315,1,W丫B._
908,0,💫Mrs.zhu👼ㇿ,20,109,9,5,5,124,0,_
909,0,我要当一个好闺蜜,0,426,6,0,0,0,0,_
910,0,琉璃梦幻❤洛家✨✨,32,2681,42,21,21,4356,1,٩(◕‿◕｡)۶ ٩(◕‿◕｡)۶ ٩(◕‿◕｡)۶ ٩(◕‿◕｡)۶_
911,0,W&Y哈哈,15,148,6,25,25,208,0,_
912,0,你的未来,14,705,0,9,9,17932,1,只可惜我没有迎来和你热烈的夏天🌕_
913,0,忠诚粉丝。,5,3185,16,3,3,0,0,_
914,0,Josnhdhdnsnow,0,78,8,0,0,140,1,哈哈哈_
915,0,花女,1,2677,51,0,0,13737,0,_
916,0,℡樰 😜 ♂,40,252,38,5,5,149,0,_
917,0,池糖.🍒,23670,495,722,82,95,0,1,—08，追星——EXO，不bp——底线：芽/欣/欣——粉丝名：奶糖🐰——希望早日到一千——已有主——快点号：04877755——快点同名—_
918,0,大狗子,22,114,3,42,43,1682,1,我什么时候没有骗过你！_
919,0,迪士尼在逃公主👸🏻,89,142,11,0,0,0,0,_
920,0,阳,0,214,15,0,0,0,0,_
921,0,7⃣,0,357,0,0,0,0,0,_
922,0,再看我就吃掉你,42,49,33,7,8,650,1,世界那么大，我要去瞅瞅_
923,0,李家女孩🍀,6,294,6,2,2,842,0,_
924,0,再拽的網名終究被備注,0,50,14,0,0,1587,0,_
925,0,ganminjie,0,373,14,0,0,201,0,_
926,0,豆祺,0,1165,46,0,3,3424,0,_
927,0,什么都不是,5,1693,15,5,5,6804,0,_
928,0,二丫,20,566,12,7,7,4245,0,_
929,0,用户9724793099799,0,433,1,0,0,6468,0,_
930,0,用户84426724886,0,638,0,0,0,34,0,_
931,0,徐丽珊@,113,1541,23,33,33,2110,0,_
932,0,ZyZ,29,1453,16,3,3,652,0,_
933,0,用户8367123589109,0,163,1,0,0,817,0,_
934,0,赖文杰,0,401,3,0,0,885,0,_
935,0,用户3262338632752,0,78,1,0,0,17,0,_
936,0,胡氏三姐弟,38,4521,40,6,7,406,1,我是酷女生🐭_
937,0,丹丹1202,12,182,4,6,6,165,0,_
938,0,dy6lfcqre96h,18,928,30,4,4,1518,0,_
939,0,莫毅强.,0,743,160,0,0,41,0,_
940,0,"Yibing,♥",101,1619,58,2,2,7717,1,QQ  2408980811_
941,0,WYH,82,148,73,4,4,2680,0,_
942,0,皛,0,140,12,0,0,641,0,_
943,0,🔥柏焰,360,22,1346,20,20,64,1,家庭好帮手就是我，选好物就找柏焰，柏焰带你不走歪路，努力奋斗的小朋友某猫:柏焰V:fcet888_
944,0,教我飞行员,9,520,14,1,1,1067,0,_
945,0,玥玥（｡ò ∀ ó｡,0,3248,55,0,0,6040,0,_
946,0,若洛就是若小洛,38,2807,33,5,5,4743,0,_
947,0,只剩回忆,14,343,96,2,22,8876,0,_
948,0,罗昌利,12,3263,21,4,4,6685,0,_
949,0,๑ 夜微凉 ๑,95,20,36,18,19,669,0,_
950,0,秦，,0,473,1,0,0,1921,0,_
951,0,用户8862617313571,4,931,6,4,4,1095,0,_
952,0,min,4,1160,20,1,1,1739,0,_
953,0,离辰,89,1922,15,15,15,2402,0,_
954,0,头号可爱💙,18,32,8,2,2,0,1,I我所爱_
955,0,我的意中人是个盖世英雄591,0,2148,3,0,0,8440,0,_
956,0,青柠,1,2996,37,0,0,0,0,_
957,0,抹茶珍珠奶茶,0,643,4,0,0,3121,0,_
958,0,鱼和羊,131,348,42,34,35,1274,0,_
959,0,我爱网易云,0,87,6,0,0,0,1,都走/.别看了/.都走吧/.散了吧/.散了吧/._
960,0,Smile_萱萱,4,919,10,1,1,6146,0,_
961,0,勾^ _ ^,0,424,4,0,0,210,0,_
962,0,轻♀描,2,1075,13,1,1,1,0,_
963,0,前面有坑你跳吗？,0,344,0,0,0,209,0,_
964,0,Ay,23,31,36,2,2,296,1,ay♥_
965,0,旧若,23,4421,90,2,4,0,0,_
966,0,守护最好的她,0,666,5,0,0,1906,0,_
967,0,用户2426326579093,4,883,13,4,4,686,0,_
968,0,西红柿,0,415,5,0,0,133,0,_
969,0,玲玲,63,283,50,29,30,2815,0,_
970,0,。。。。。,1,180,40,0,14,315,0,_
971,0,😈忍,5,253,23,1,1,1165,0,_
972,0,用户3388095125396,0,25,0,0,0,223,0,_
973,0,花花编辑,12,333,35,4,4,440,0,_
974,0,有你的谨年，才安好,0,4947,106,0,0,5199,1,不再思念，可伤痕依然在心间。_
975,0,哈哈哈哈哈币,0,378,5,0,0,2733,0,_
976,0,雨过天晴,0,3008,15,0,0,6135,0,_
977,0,磊,0,1495,58,0,0,0,0,_
978,0,迷你世界✨雪佳咦,0,122,2,1,1,41,1,这也是我的号我有三个号另一个号进不去了_
979,0,繁星下的邂逅,8,3630,19,1,2,9750,0,_
980,0,biu,0,157,25,0,0,1437,0,_
981,0,射手(≧▽≦),73,4633,24,55,55,2351,1,"像射手一样,射出蓝天._"
982,0,用户9347164529434,1,353,4,6,6,35,0,_
983,0,🍦zyx🍦,0,1351,18,0,0,10012,0,_
984,0,颖宝的小粉丝,0,462,5,0,0,188,0,_
985,0,……,1,1669,17,0,0,50829,0,_
986,0,璨璨不菜.⁽⁽ଘ,0,3145,25,0,0,8314,0,_
987,0,无☔️的夜,12,1465,38,14,14,1055,0,_
988,0,疯子,0,2746,64,0,0,0,0,_
989,0,闫晓雅,0,427,4,0,0,311,0,_
990,0,齐展,1,1553,16,1,1,1254,0,_
991,0,LYT,0,291,3,0,0,3785,0,_
992,0,念卿,3,27,6,0,2,149,0,_
993,0,星河,0,1481,15,0,0,5301,0,_
994,0,鹿橘k,0,183,33,0,0,249,0,_
995,0,柠萌加醋＆,5,106,4,4,4,250,0,_
996,0,浅忆,53,4581,86,17,18,27678,0,_
997,0,燕子,0,4823,35,0,0,15845,0,_
998,0,凉城,3,3207,16,3,3,4328,1,我愿用我百生百世的寿命，换在座各位，余生没有遗憾，只求不来人间💔💔💔💔💔💔💔💔💔_
999,0,李丽,22,2230,64,3,3,2324,0,_
1000,0,@我亲爱的蹄忒,0,116,7,0,0,218,0,_
1001,0,1169010030,45,904,47,14,14,358,1,好久不见，别来，无恙。_
1002,0,遗失行囊的旅者,131,780,106,0,0,0,0,_
1003,0,一团狗粑粑OVO,0,1974,20,0,0,5755,0,_
1004,0,Sofia,1629,260,145,137,138,2700,1,爱拼才会赢_
1005,0,wxs?,17,2084,16,14,14,0,0,_
1006,0,美好的回忆,137,180,37,41,41,792,0,_
1007,0,妍iii.🧸,19221,4065,1295,1254,1265,0,1,玩吃鸡爱搜楼顶🧣：75度的妍宝吃鸡，V区：白给甜甜圈OVO备注妍妍没有小号，其余冒充者_
1008,0,LYF,0,4563,26,0,0,0,0,_
1009,0,醒着做梦,0,118,8,0,2,2877,0,_
1010,0,雨中泪,5,901,8,2,2,2935,0,_
1011,0,🙈麦兜💞🇨🇳🍭,0,3080,0,0,0,0,0,_
1012,0,ww.,3,1818,3,1,1,3600,1,我相信奇迹，也相信梦想_
1013,0,星河不入眼,0,2659,6,0,0,34106,0,_
1014,0,一蓑烟雨,0,160,9,0,0,7978,0,_
1015,0,Ftdddh,10,3766,9,2,2,7239,0,_
1016,0,迪迪DD哒,0,234,3,0,0,0,0,_
1017,0,持枪萝莉,0,1658,22,0,0,0,0,_
1018,0,竹之梦,808,868,160,113,117,1175,0,_
1019,0,✪▽✪,0,2975,14,0,0,0,0,_
1020,0,清凉夏风,45,361,15,8,8,3299,1,做一个开心快乐的小朋友_
1021,0,没头脑,72,206,16,0,0,3271,0,_
1022,0,枯心人,0,1146,5,0,0,21047,0,_
1023,0,诗予,23,769,13,12,13,214,0,_
1024,0,十一,61,54,24,13,16,229,1,愿我们来日方长，愿你我指日可待_
1025,0,总有一天，我会长大,593,3239,95,64,64,25742,0,_
1026,0,【唱鸭】-欧尼酱～,12,1743,13,7,10,14385,0,_
1027,0,星河微凉,0,5000,59,0,2,29347,0,_
1028,0,爱情不是什么好东西,0,35,3,0,0,39,0,_
1029,0,P迷,9,123,1,0,4,0,0,_
1030,0,xbd,0,1626,9,0,0,4324,0,_
1031,0,家有四宝,0,1608,68,0,0,6188,0,_
1032,0,宸轩,0,80,0,0,0,498,0,_
1033,0,🍀凡心,0,13,1,0,0,27,0,_
1034,0,最好的,35,538,42,6,6,7539,0,_
1035,0,漫梦如幻🌸🌸,1608,2866,353,178,178,14330,1,只要你关注我，我就关注你，你赞我一个我就会赞你10个。你赞我的多，我就给你点赞，比你多2倍。_
1036,0,孙佳琪,0,372,0,0,0,8,1,没对象_
1037,0,二,0,35,2,0,0,0,0,_
1038,0,阿强,0,275,11,0,0,0,0,_
1039,0,小绾.,5,668,15,1,2,14279,0,_
1040,0,少加珍珠多加你,0,1749,3,0,0,1946,0,_
1041,0,迗使再z噁洅右_,52,467,40,7,16,88867,0,_
1042,0,幻灵神王,1,3575,33,1,1,12656,0,_
1043,0,Y   M   Y,0,17,9,0,0,154,0,_
1044,0,带着吉他🎸去旅行,22,160,4,5,5,9066,0,_
1045,0,悠莫,51,203,31,11,11,447,1,给平淡的生活加点料_
1046,0,月日＾＿＾        💚,973,1093,87,19,19,0,1,AWay留不住的东西就用力扔远一点。Passevdy世人万千再难遇我。_
1047,0,用户294616503927,0,151,3,0,0,0,0,_
1048,0,用户824345115347,0,731,4,0,0,1427,0,_
1049,0,情味,102,401,45,31,31,1510,0,_
1050,0,一片空白,50,3520,57,45,45,3608,0,_
1051,0,",",0,116,10,0,0,0,0,_
1052,0,任嘉伦的爱豆,2,1667,2,0,0,0,0,_
1053,0,一生一世只爱小鞠,1096,5000,885,176,177,2612,1,学习，双榆树乡中心校_
1054,0,天天开心😃,382,3113,187,13,13,10481,0,_
1055,0,用户5918349361010,0,692,1,0,0,1069,0,_
1056,0,你若安好我勒了个去,3,4912,47,0,1,10971,1,你赢，我陪你君临天下。你败，我陪你东山再起！_
1057,0,用户8005782588216,0,110,9,0,0,5789,0,_
1058,0,用户7330515999,0,648,1,0,0,5298,0,_
1059,0,肖战的铁粉,4,4031,49,2,2,9568,0,_
1060,0,小咭味哆,9,2140,71,1,1,5453,0,_
1061,0,超人,0,2033,0,0,0,0,0,_
1062,0,吃鸡小能手,0,932,5,0,0,1779,0,_
1063,0,Echo,0,25,28,0,0,5144,1,念念不忘     必有回响_
1064,0,里不甜,150,512,37,31,34,3299,0,_
1065,0,哈哈哈哈哈哈哈哈哈哈,6,128,6,0,0,0,0,_
1066,0,嘻嘻,0,15,4,0,0,18,0,_
1067,0,X、,0,12,30,0,0,21495,1,X、_
1068,0,斗神，一叶之秋,3,2821,134,0,4,12715,0,_
1069,0,.,0,108,36,0,0,0,0,_
1070,0,WANGFEI,104,295,74,14,14,181,0,_
1071,0,简简单单小幸福💰,595,73,55,131,132,1887,1,快快乐乐每一天，每一天都快乐_
1072,0,星辰白昼,0,1001,6,0,0,1085,0,_
1073,0,崽崽美食,0,91,14,0,0,178,0,_
1074,0,丶ω 丨瀅瀅,64,96,16,27,27,113,0,_
1075,0,你的宝贝,182,1952,59,27,28,11769,1,你就像夜空中的星星，在天空闪耀，温暖了我的心_
1076,0,杉杉来了,2,1986,1,1,1,1024,0,_
1077,0,一个人一座城,26,32,37,1,1,6049,0,_
1078,0,爱💗吃吃,9,63,11,6,8,308,0,_
1079,0,Dummer,0,1685,33,0,0,2871,0,_
1080,0,心正路子野,7,41,5,5,5,136,0,_
1081,0,Dorom,0,387,3,0,0,220,0,_
1082,0,毁灭枪手,4,123,21,1,1,164,0,_
1083,0,苏黎世,0,106,3,0,0,0,0,_
1084,0,Heart  cooling_♥,2,2960,214,0,2,16501,0,_
1085,0,泽宁,118,3153,266,2,2,0,1,至今思项羽，不肯过江东。_
1086,0,你游戏里的好友凌晨一点你游戏里的好友,0,323,2,0,0,400,0,_
1087,0,是小程同学啊！,177,1203,66,8,9,44221,0,_
1088,0,凉辰梦瑾空人心。,0,1159,28,0,3,742,0,_
1089,0,不负年华,4,1135,7,4,4,1186,1,一生不喜与人抢_
1090,0,皮皮虾,364,3157,87,90,90,5301,0,_
1091,0,黁黁,0,1240,1,0,0,1049,0,_
1092,0,有事鍾無艷沒事夏迎春。,83,459,10,86,86,3389,0,_
1093,0,橙子糖,1,2819,20,0,1,3596,0,_
1094,0,离离,403,213,68,45,48,3092,0,_
1095,0,7.2,75,39,13,13,13,155,0,_
1096,0,@HAN,24,3125,47,3,3,11161,0,_
1097,0,星辰❤倩影,0,4239,237,0,0,362,0,_
1098,0,用户5650905867841,0,123,1,0,0,1564,0,_
1099,0,愿,0,503,5,0,0,190,0,_
1100,0,小盆盆,118,418,70,16,16,2692,0,_
1101,0,IV Liverpool,0,1187,2,15,15,589,0,_
1102,0,用户8042580962540,0,450,1,0,0,1474,0,_
1103,0,周青梅我是江西人宜春市幸福美满,1361,5001,367,96,120,13087,1,开一_
1104,0,那么，恭喜你 ~   💛,16769,381,713,539,613,0,1,"你🦋值得拥有最好的。—— ""厚德载物""。_"
1105,0,蓝小蕊,0,1393,8,0,0,7000,0,_
1106,0,彭泽祥,0,211,12,0,0,469,0,_
1107,0,佐佐木星野,3,268,8,1,1,1143,0,_
1108,0,李烁,6,2264,7,2,2,35889,0,_
1109,0,南路人,0,124,4,0,0,127,1,努力变好  值得你爱_
1110,0,落地请开手机,24,2324,82,0,0,0,0,_
1111,0,Supreme_ King,1,63,1,1,1,156,0,_
1112,0,和平精英丶瑞瑞,6,327,1,2,2,379,0,_
1113,0,じ☆ve无极尊〃ヤ,23,819,16,5,5,18031,1,丨丨'_
1114,0,牛,0,360,24,0,0,1447,0,_
1115,0,可爱又迷人的反派,4405,128,396,58,60,0,1,该用户关注了你_
1116,0,...,0,993,39,0,0,366,0,_
1117,0,小盐影视剪辑,0,85,1,0,0,0,1,🚦抖音，记录美好生活💞🚦感谢抖音平台！感谢官方💞🚦坚持创作高颜值、超燃🔥片段💞🚦用心剪辑，感谢关注，从此不再剧荒🔥_
1118,0,曾枅心,99,168,28,34,34,557,0,_
1119,0,人生如戏 全靠演技,172,208,64,28,29,1259,0,_
1120,0,玲宝—,202,310,33,85,90,719,0,_
1121,0,黄家三小姐,109,260,18,46,51,700,1,做一个刚刚好的自己_
1122,0,无妨爱我淡薄,0,17,3,0,0,89,0,_
1123,0,甜茶,66,69,49,11,11,0,0,_
1124,0,用户6252498977,0,625,0,0,0,0,0,_
1125,0,用户5736034134763,337,969,26,110,110,7092,0,_
1126,0,霖霖诶,3395,376,414,43,45,19903,1,威海威海别问了哥哥们姐姐们_
1127,0,茶语  清梦,29,1975,56,0,0,0,0,_
1128,0,3b,3,117,1,1,1,1,0,_
1129,0,小敏不吃鱼,234,271,73,7,9,0,1,你又来看我啦_
1130,0,迪迪,96,104,31,16,16,161,0,_
1131,0,Dream,1095,706,129,155,156,5977,1,草在结它的种子，风在摇它的叶子，我们站着，不说话……就十分美好！_
1132,0,ycc,70,361,37,5,5,323,1,A cool girl💋_
1133,0,ZHOUMIN,0,4908,19,0,0,556,1,“你说一个从爆脾气变成温柔的女孩可怕，还是一个从温柔变暴脾气的女孩可怕呢？”_
1134,0,！,4,1899,10,0,0,0,0,_
1135,0,野子,12,215,19,1,2,514,0,_
1136,0,🦄Huuuuui、,905,155,65,20,20,5125,1,在北京长大现在在🇨🇦读大学可以加v：Huuuuui19_
1137,0,雯 雯,328,4084,140,39,39,2685,1,女人不需要倾国倾城   只需要一个男人为她倾尽一生💋_
1138,0,Sonder,549,410,219,0,0,5791,0,_
1139,0,小娅莉forever,36,96,46,3,3,0,0,_
1140,0,Emize,0,4988,16,0,0,4022,0,_
1141,0,我在等月亮哦,1,52,2,0,0,0,0,_
1142,0,HANDSOMEBOY20170,0,363,15,0,0,666,0,_
1143,0,橙子,29,233,20,6,6,2418,1,要好好努力，为了更好的相遇_
1144,0,春娇姓🐟,0,155,137,0,0,0,0,_
1145,0,淡抹～悲伤,486,2939,99,0,0,0,0,_
1146,0,空白,362,401,86,29,30,1200,0,_
1147,0,最最,11,165,52,3,4,59,0,_
1148,0,猫公馆,232,2884,133,79,79,206,0,_
1149,0,娇阳,2,382,4,4,4,53,1,我妈姓杨，我叫杨哥，我有努力_
1150,0,T,0,546,10,0,0,36103,1,简单_
1151,0,已重置,3,27,7,5,5,17,0,_
1152,0,lovy 艳子,13261,1335,2118,102,106,2760,1,欢迎大家的关注 喜欢我的可以来我直播间聊天  直播时间 早上9点 下午4点 晚上九点   谢谢大家的支持_
1153,0,XIONG﹉JQ,761,203,155,46,46,0,1,☞自由的生活 简单的爱情 中意的人_
1154,0,阝东 陳🤭,792,283,81,8,8,812,1,心和胃总要被填满_
1155,0,zjzj,21,123,41,6,6,72,1,🌸_
1156,0,宜兴王小花💕,6277,868,891,522,522,228,1,心有所想 眼及之处皆是远💕_
1157,0,CcXx,45,904,30,2,2,529,0,_
1158,0,Jια нσσι.,0,976,5,0,0,382,0,_
1159,0,叮当猫🙈,701,401,140,29,30,3187,1,我们各自攀登 然后山顶相见 我祝你前途似锦 也祝我前途无量_
1160,0,可乐,27,309,20,9,10,899,0,_
1161,0,锦鲤妹妹/,145,90,124,14,14,0,1,国家打击乐器十级专业退堂鼓选手_
1162,0,Fang,173,3221,99,72,87,3113,1,👧很爱吃的95猪猪女孩_
1163,0,开心果,0,1590,35,0,0,1823,1,过自己想要的生活，加油_
1164,0,热爱是你.,55,61,59,3,3,0,1,.                    “人间忽晚 山河已秋.”._
1165,0,冷暖自知,67,490,33,48,60,220,1,得之我幸，失之我命。_
1166,0,💙糖糖宝贝💙,35,50,69,7,9,191,1,ᴵ ʰᵒᵖᵉ ʸᵒᵘ ᶜᵃⁿ ᶜᵒⁿᵗⁱⁿᵘᵉ ᵗᵒ ˡᵒᵛᵉ ᵐᵉ_
1167,0,Candy,501,4636,8,149,631,15357,1,哈哈哈，放飞自我_
1168,0,王者欣💕,4998,495,2682,24,24,4219,1,于亿万人中万幸得以相逢_
1169,0,南湘的猫,26,1834,23,5,28,8456,1,没有音乐就没有感觉_
1170,0,几寸欢喜。,13,22,6,1,1,39,0,_
1171,0,✨✨,0,147,19,0,0,49,0,_
1172,0,月亮好像心动了,251,739,76,71,72,15781,0,_
1173,0,用户8567702339540,0,219,1,0,0,0,0,_
1174,0,呂呂,1589,6,2261,122,122,0,1,谢谢你长的那么好看还关注我❤️_
1175,0,淼垚 晶石,165,303,26,28,165,1492,1,喜欢简单，越简单越好_
1176,0,别 闹 了,3,54,9,1,1,577,0,_
1177,0,金宝珞,18,1097,17,5,6,1034,0,_
1178,0,南城旧梦💫,31,117,10,21,25,0,1,岁岁平安_
1179,0,麦吾兰666,0,751,0,0,0,1212,0,_
1180,0,🔜不孤独的🔛孤独患者🔚,55,1460,22,15,15,4786,0,_
1181,0,奇妙的风,18,29,9,0,0,0,0,_
1182,0,洛露,0,214,18,0,0,0,0,_
1183,0,天蓬元帅,237275,1195,62307,95,177,0,1,❤️❤️感谢大家帮我点赞❤️❤️我会努力更新，谢谢大家的支持。❤️❤️视频每天都会更新❤️。                                                   ❤️❤️👉sibu542177069❤️❤️❤️❤️谢谢大家❤️❤️❤️❤️感谢官方大大❤️❤️_
1184,0,孙小丫,0,232,21,0,0,114,0,_
1185,0,Hi-小老弟,3,186,541,0,0,0,1,一个梅西的业余球迷 ！_
1186,0,凡人,4,77,3,2,2,630,1,阳光开朗，只要够努力，自己想要的都会如约而至_
1187,0,玲妹妹.,15301,257,2113,102,103,2537,1,²º¹9♥️⋅ 往事清零、愛恨隨意 ◡̈°_
1188,0,小星星⭐,25,1171,34,3,5,14244,0,_
1189,0,一枚可爱的小仙女,83,95,58,12,13,0,0,_
1190,0,我记得我帅过,0,17,16,0,0,203,0,_
1191,0,Kristy,10,390,35,11,11,0,1,我期望 人生有厚重 惜真_
1192,0,小可爱轩宝,65,2164,194,7,7,3740,1,我的地盘，我做主！☃️⛄️_
1193,0,Llx-,8,537,20,0,0,0,0,_
1194,0,鐵,0,2228,52,0,0,0,0,_
1195,0,白泉(田小七),0,485,14,0,0,307,1,我叫田小七_
1196,0,佟年,33,885,24,8,8,4530,0,_
1197,0,妹妹剪辑手,108,39,37,4,36,137,1,❤️感谢抖音和官方让我们在这里相遇并成为朋友……📺用心精剪每一帧精彩片段……✊每天持续更新中……💾评论区中每天都会和大家互动……_
1198,0,Teddy boy,54,1898,103,22,22,1638,1,没有收拾残局的能力，就别放纵善变的情绪，安排！_
1199,0,REN🎈X,50,78,29,8,9,257,0,_
1200,0,仿佛,9,10,4,1,1,141,0,_
1201,0,穿错了婚纱岂会美,1021,40,122,55,55,0,0,_
1202,0,HaHa&Nana,0,97,19,0,0,94,0,_
1203,0,L延容,57,32,25,7,7,144,0,_
1204,0,李孑,44,166,37,6,6,374,0,_
1205,0,王雅婷,287,1963,86,117,117,3876,1,王雅婷是一位小学生_
1206,0,余生与你,68,82,10,14,17,1136,1,抖音，记录美好生活_
1207,0,宁毅,51,260,18,0,0,0,0,_
1208,0,是你的贝贝,0,59,10,1,1,994,1,爱你哟❤️_
1209,0,_229931,0,538,6,0,0,975,0,_
1210,0,冉冉,3,47,4,0,0,278,0,_
1211,0,🎀NaNa,385,101,81,32,46,3396,0,_
1212,0,Co   ~,256,338,79,19,21,244,0,_
1213,0,用户2015871529704,0,30,1,0,0,27,0,_
1214,0,残梦,0,22,6,0,0,35,1,纵使你化身白骨，余生也会为你守候。_
1215,0,清凉薄荷。,2,2068,4,1,1,720,0,_
1216,0,小太阳,82,305,19,14,48,3869,0,_
1217,0,昵称已重置,864,4018,31,100,100,23541,0,_
1218,0,小熊软糖,71,1222,48,7,7,1657,0,_
1219,0,🌤泡泡中的✨精致猪猪女孩🐽,12,2271,82,8,9,3863,1,等我有了100万粉丝🌹🌹我就露脸❗️❗️✨✨💖_
1220,0,回忆渲染悲伤,0,850,2,0,0,27,0,_
1221,0,用户468933279,0,112,2,0,0,270,0,_
1222,0,寒光,0,8,11,2,2,94,0,_
1223,0,elaine101,0,4690,56,0,0,8149,0,_
1224,0,冷筱奕,0,9,0,0,0,1,0,_
1225,0,crush,0,301,60,0,0,2907,0,_
1226,0,毒药💙,454,502,75,34,35,5983,1,越美好越害怕得到。_
1227,0,独白,0,75,1,0,0,129,0,_
1228,0,yu,23,600,45,3,5,0,0,_
1229,0,乐乐,24,1485,12,16,16,4931,0,_
1230,0,乖乖听话哈,257,225,97,20,42,5032,0,_
1231,0,宝宝,271,1375,163,68,68,648,1,晴天_
1232,0,邓伦和杨紫的粉丝,0,749,19,0,0,2391,0,_
1233,0,无,115,958,36,19,20,1434,0,_
1234,0,吉米,16,1047,14,11,11,5362,0,_
1235,0,如果可以,198,459,80,32,46,2414,1,假如可以，我想珍惜第一次的你_
1236,0,FⅰnKeYπ,85,709,15,32,32,2189,1,本人已有闺蜜。本人喜欢的动漫:斗罗大陆，狐妖小红娘。本人喜欢的明星:关晓彤没了，别往下看了。🌝🌝_
1237,0,哦哦哦哦,0,216,1,0,0,116,0,_
1238,0,Mq,0,818,60,0,0,549,1,希望我的一生平平安安，简简单单，没有波澜_
1239,0,幸福相伴,3,216,3,1,1,2055,0,_
1240,0,阿琦影视剪辑,6667,1775,915,20,30,0,1,🤝感谢关注！感谢官方！💖感谢抖音官方提供的短视频平台💖原创剪辑 如有侵权 联系删除~_
1241,0,用户6516553519,0,22,3,0,8,1802,0,_
1242,0,AL-4. 8,3,381,12,1,1,16602,0,_
1243,0,浮生,1,2734,83,0,11,5049,1,那些因为缘分而来的东西，总有缘尽而别的时候！_
1244,0,无悔的诺言922,0,938,31,0,0,6533,0,_
1245,0,梅梅,43,1164,29,13,16,4996,0,_
1246,0,凉稚（傻喵家☃月壹）,50,33,10,0,0,0,0,_
1247,0,gbghjfbg,0,2395,10,0,0,15134,0,_
1248,0,小阳光,0,1387,11,0,0,1638,0,_
1249,0,か,63,80,10,5,16,719,1,"我相信自己足够坚强,但不是所有的伤我都能抗_"
1250,0,孤傲少年,3,1473,17,5,5,2515,0,_
1251,0,Sang本本Sang,223,648,19,35,360,4543,0,_
1252,0,用户9715814518452,0,5000,32,0,0,376,0,_
1253,0,? 超人,0,61,12,0,0,1098,0,_
1254,0,用户3305813263004,0,105,1,0,0,431,0,_
1255,0,小仙女,124,139,43,42,44,247,1,愿你被这个世界温暖相待_
1256,0,凌晨的酒,2,150,13,1,1,1338,0,_
1257,0,12345678,0,1277,4,0,0,4131,0,_
1258,0,@☞,5,2891,44,1,1,6002,0,_
1259,0,用户7928354437868,0,1120,1,0,0,459,0,_
1260,0,想,0,153,13,0,1,337,0,_
1261,0,╰☆仰望☆峰oO,4,77,4,2,2,1968,0,_
1262,0,豪哥,41,90,14,25,25,850,0,_
1263,0,用户5717022618990,0,151,1,0,0,531,0,_
1264,0,用户7630706122167,0,60,2,0,0,3328,0,_
1265,0,stmaidxinxin,0,774,19,0,0,0,0,_
1266,0,厉贞汝,740,1903,67,264,265,21902,0,_
1267,0,马紫宸940,0,5001,31,0,0,354,0,_
1268,0,王少杰,229,5000,181,4,5,32108,1,暗恋也是一种爱 但爱的结局总是心痛_
1269,0,用户6667221241851,0,105,4,0,0,325,0,_
1270,0,小乔安在,0,3202,25,0,0,274,0,_
1271,0,肉在碗底,0,38,7,0,0,0,0,_
1272,0,育儿,0,102,0,0,0,89,0,_
1273,0,城南花已开シ,13,308,9,2,3,1647,1,Meet  you  like   the  wing🍀_
1274,0,love😂,92,663,13,0,0,0,0,_
1275,0,我的荷尔萌,447,3915,132,100,100,17263,0,_
1276,0,用户6179731095182,0,837,0,0,0,570,0,_
1277,0,肖枫,0,41,2,0,0,48,0,_
1278,0,甲乙丙丁,31,142,17,7,9,0,1,来日方长_
1279,0,龍鳯921,0,1216,3,0,0,1876,0,_
1280,0,氟西汀.,0,2856,64,0,0,51471,0,_
1281,0,草苺味的小布丁🍓🍓🍓,1972,1955,218,145,145,9541,1,本人今年九岁，双子座，很好交朋友_
1282,0,隔壁老王@,0,2971,9,0,0,2130,0,_
1283,0,用户1983884448675,0,521,4,0,0,188,0,_
1284,0,夏♡沬烟～雨,5,2271,10,4,4,5320,0,_
1285,0,Aaron,18,2120,51,9,9,19777,1,喜欢Vlog的学生党_
1286,0,用户2836817156561,0,1545,20,1,1,1929,0,_
1287,0,。。。。,0,1753,10,0,0,0,0,_
1288,0,用户2556789774608,17,335,4,5,5,1290,0,_
1289,0,宗介,0,95,5,0,0,39,0,_
1290,0,南音影视,0,15,0,0,0,0,0,_
1291,0,👿,0,82,7,0,0,1552,0,_
1292,0,我是你爸爸,17,1862,5,8,8,21553,0,_
1293,0,胡子乐。,9,1858,7,6,6,527,0,_
1294,0,野王（留留）@,0,402,39,0,0,589,1,做人低调_
1295,0,用户5206999776586,0,1217,5,0,0,9890,0,_
1296,0,恩熙呐🌟,178,4958,82,11,16,64798,0,_
1297,0,鑫,106,103,29,29,30,8557,0,_
1298,0,冷陌怎么啦,0,1976,7,0,0,0,0,_
1299,0,可爱,14,632,3,13,13,916,0,_
1300,0,用户519428,0,150,6,0,0,12,0,_
1301,0,雪梨没雪,4,1770,8,9,9,918,0,_
1302,0,荒诞,0,346,10,0,0,392,0,_
1303,0,用户1410406656980,0,850,2,0,0,702,0,_
1304,0,相信自己_2ouew,94,800,63,11,11,149,1,你脚下的路，没人替你决定方向，你得自己定； 你心中的痛，没人替你疗伤，你得自己调整。 经历流年聚散，体会人情冷暖，经历物是人非，必须学会自我疗伤！ 有苦自我释放，有泪欣然品尝。 风吹雨打可知生活，苦尽甘来定懂人生！人生就是要靠自己，不要有任何依赖， 路要自己走，福要自己创造！_
1305,0,ヅ坏気,2,3072,13,0,0,0,0,_
1306,0,💙浅笑💙💙微凉💙（小螃蟹）💙,7,1501,52,2,2,2042,0,_
1307,0,生活就像一合巧克力，你永远都不会知道,265,162,60,67,67,339,1,生活很苦，没有你更累。_
1308,0,依依,0,1004,29,0,0,8718,0,_
1309,0,秋天树林,2,1272,3,3,3,2198,0,_
1310,0,小咣当～伊小陌,2,13,2,2,2,31,0,_
1311,0,家有俩宝贝💋,88,130,54,8,8,825,1,女子本弱，为母则强。_
1312,0,用户5164347284918,0,2896,10,0,0,4484,0,_
1313,0,箼笍,0,596,6,0,0,1705,0,_
1314,0,子皿,13,1290,17,5,5,0,1,映秀十年事，生者庆余年_
1315,0,三岁呢,4,794,8,1,2,6165,0,_
1316,0,零栀,0,728,20,0,0,28330,0,_
1317,0,昊,0,443,11,0,0,8821,0,_
1318,0,用户6370797201391,0,1723,5,0,0,4235,0,_
1319,0,WANGZI,8,507,45,2,2,1422,1,我一笑而过🤫🤫🤫_
1320,0,蘋安璽樂,3,88,3,11,11,3886,1,Happy jiu OK._
1321,0,話行,10,2419,34,2,2,4577,0,_
1322,0,穷光蛋,6,76,3,1,1,258,0,_
1323,0,壹拾肆,1,636,3,0,0,21953,0,_
1324,0,用户5655665586531,117,187,17,15,15,494,0,_
1325,0,唯一,126,425,32,0,0,0,0,_
1326,0,楠烟。,0,432,26,0,0,0,0,_
1327,0,静悄,0,239,14,0,0,6734,0,_
1328,0,~三岁木~,0,164,26,0,0,6281,0,_
1329,0,胡萝卜,0,2828,19,0,0,8851,1,喜欢唱歌，跳舞，弹钢琴_
1330,0,喵锅,0,3482,14,0,0,1098,0,_
1331,0,一世为战，不变初心,68,494,11,28,28,2639,1,一个要用一生一世爱肖战的女孩_
1332,0,蝴蝶结更好,25,933,4,14,14,2269,0,_
1333,0,无敌的我迷路了,69,726,13,19,19,22384,0,_
1334,0,唐武林,0,304,0,0,0,83,0,_
1335,0,Thintime200802,0,2649,2,0,0,7620,0,_
1336,0,桔子座,0,1312,1,0,0,1995,0,_
1337,0,Joan,0,316,2,0,0,570,0,_
1338,0,春风十里送人头,0,450,33,0,0,623,0,_
1339,0,月光🌈,0,1126,15,2,2,19007,0,_
1340,0,倒悬的橘子,0,263,1,0,1,8626,1,希望你的眼睛一直笑，想要的都能得到～～_
1341,0,人间朝暮.,183,370,33,3,3,32149,1,十八楼楼粉.陪他们从籍籍无名到光芒万丈！_
1342,0,qzuser,0,87,3,0,0,9208,0,_
1343,0,茗柒$墨元,1,2520,6,6,6,10770,0,_
1344,0,冰凌,3,823,7,3,3,322,0,_
1345,0,小孩纸,29,777,20,4,4,635,0,_
1346,0,黎明前最黑暗,217,1027,39,7,7,38200,0,_
1347,0,杨紫涵韩534,230,525,23,26,29,0,0,_
1348,0,用户8955243699162,0,4345,5,0,0,6924,1,肖烟四起，为战而来_
1349,0,他啊她呀,39,224,19,6,6,473,1,你见感情放过谁！_
1350,0,YJ窗外的雨滴滴落,224,1039,91,31,31,2691,0,_
1351,0,单身真快乐,0,2937,57,0,0,3617,0,_
1352,0,用户1407410984042,2,3191,27,0,3,2330,0,_
1353,0,贫穷.,0,344,4,0,0,2954,0,_
1354,0,ENd.,692,669,32,8,8,24930,1,脾气不好占有欲强长的难看不喜勿近🐧168589028_
1355,0,。,131,2082,74,6,10,6432,0,_
1356,0,大庆小宝哥,0,2440,26,0,15,56,1,老老实实做事，踏踏实实做人。_
1357,0,幸福的一生,16,462,13,25,25,539,0,_
1358,0,小琦,106,911,12,32,32,736,0,_
1359,0,你若化成风    我幻化成雨,0,420,18,0,0,71220,0,_
1360,0,用户7168944576930,0,17,0,0,0,14,0,_
1361,0,清辞,0,308,7,0,0,2230,1,老孙来也_
1362,0,吾买尔,268,2365,104,13,13,4704,0,_
1363,0,用户9706129766199,9,1,4,1,1,4,0,_
1364,0,唐婷婷,56,420,49,25,26,774,0,_
1365,0,婧胖胖,354,340,63,10,10,2445,0,_
1366,0,真真,138,2588,115,23,23,4690,1,^O^_
1367,0,婧婧睡着了,0,65,20,0,0,1028,0,_
1368,0,三个石头,0,870,5,0,0,11291,0,_
1369,0,ZXN,248,216,56,0,0,0,0,_
1370,0,lalaqingzheng,0,44,5,0,0,493,1,吴磊老婆是我_
1371,0,ZYW,335,2579,44,21,21,23249,1,被哈士奇啃过的嗓子_
1372,0,親親@寶貝,49,3538,31,4,4,7661,0,_
1373,0,末日崩塌,0,3838,203,0,0,6452,0,_
1374,0,用户2875323086001,0,93,1,0,0,163,0,_
1375,0,HX🌸grace,119,189,42,35,36,460,0,_
1376,0,顺其不自然,8,311,29,1,1,357,0,_
1377,0,回来啊晨,0,198,84,0,0,312,1,佛系少年_
1378,0,依恋,54,398,52,9,9,3844,1,想做你的枕边书，怀中猫，意中人。_
1379,0,比爱👄,236,1128,63,60,60,4919,0,_
1380,0,刘哥,141,838,16,0,0,0,0,_
1381,0,热心市民小周,0,2531,14,0,0,30354,0,_
1382,0,夏沫离殇,0,1371,6,0,0,2191,1,一个女孩_
1383,0,幽灵,3,404,12,2,2,878,0,_
1384,0,Gentle,55,170,11,8,8,7055,0,_
1385,0,“断桥烟雨”～,141,2759,75,35,35,26446,0,_
1386,0,~醉か殇~,0,33,15,0,0,464,1,"l like you, but  just like you!_"
1387,0,ShouV,0,82,11,0,0,0,0,_
1388,0,ぷ持续飞行ξ,0,900,0,0,0,5594,0,_
1389,0,fallen stars✨,14,1092,14,3,3,6840,0,_
1390,0,沉浮于世的微尘,372,1468,51,72,72,7898,0,_
1391,0,冷~雨,7,825,12,0,0,0,0,_
1392,0,用户4507023545228,0,78,5,0,1,117,1,想做一个恶人_
1393,0,Roe学妹,9,926,10,2,2,1439,1,差以毫厘，谬以千里。_
1394,0,马溪玥,0,1439,7,0,0,983,0,_
1395,0,小陈很难受,0,11,16,0,0,2924,0,_
1396,0,一个人,2,1139,14,1,1,3544,0,_
1397,0,萱儿影视推荐,248,10,62,19,19,0,1,🌈✨一个心地很美的快乐女生💗🌈✨看电影阔以关注我💗🌈✨感谢各位支持我的小美女，帅哥们💗🌈✨感谢抖音平台💗_
1398,0,等你许久,14,497,22,2,2,1802,0,_
1399,0,甜蜜女孩,34,1353,18,101,102,1506,1,甜蜜女孩_
1400,0,柠檬恋人。,0,2309,7,0,0,13529,0,_
1401,0,蜜糖泡芙,549,2093,58,129,129,819,0,_
1402,0,寻,0,26,7,0,0,2,1,天空的颜色斑斓得眩目，一旁安静的摩天轮饰演着安静。_
1403,0,用户3288929955561,0,1796,4,0,0,3115,0,_
1404,0,染冉,0,14,19,0,0,77,1,本人姓张，名嘛，不晓得嘞_
1405,0,患尴尬症的小西柚,0,347,21,0,0,983,0,_
1406,0,学俊💞,883,151,90,60,62,1702,0,_
1407,0,天翔,0,37,2,0,3,30,0,_
1408,0,射手座爱霸气,426,3168,119,63,64,9890,0,_
1409,0,夏沫？,0,2983,78,0,0,3196,0,_
1410,0,已重置,5,3195,16,1,1,4125,0,_
1411,0,星夜,2,213,0,2,2,687,0,_
1412,0,用户3543259412264,107,3916,45,52,69,7741,0,_
1413,0,浪漫人生,352,646,50,22,23,1316,1,家凤_
1414,0,風哥哥,0,13,24,0,0,41787,0,_
1415,0,『人醒梦亦碎』,0,131,10,0,0,100,0,_
1416,0,浅雪（浅家）（芽家）（己退）,176,4964,113,24,25,4704,1,100w粉的时候会发我唱歌的视频_
1417,0,爱铭颖的羽,12,4425,12,3,3,30889,1,底线:金铭，丽颖，五合院超级喜欢《爱情公寓》！爱粉不易，真心为你。_
1418,0,诗蕊宝贝,39,2234,52,39,39,5722,0,_
1419,0,人间欠我一颗糖,0,5,23,0,0,7761,0,_
1420,0,你家冉大人i,0,61,2,0,0,112,0,_
1421,0,雪花飘飘,181,606,8,0,0,0,0,_
1422,0,Vivi_An^,101,314,30,15,15,852,0,_
1423,0,夏梦凉兮,169,558,60,21,21,4538,1,"世界这么大,却碰巧让我遇到了你！_"
1424,0,阿杜同学,99,995,245,14,14,988,0,_
1425,0,用户2474207601692,0,3866,25,0,0,6038,0,_
1426,0,koX,1,4950,141,0,1,0,0,_
1427,0,李文艳😛😛😛,4,88,1,2,2,134,0,_
1428,0,⛈You,32,32,7,9,9,18863,0,_
1429,0,丁慧琴,0,2688,14,0,0,4592,0,_
1430,0,坠入这人世间,0,63,5,0,0,818,0,_
1431,0,淡淡黄晕,13,578,16,4,5,0,0,_
1432,0,柠檬恋人,0,1494,19,0,0,111,0,_
1433,0,战战女友粉,0,176,8,0,0,930,0,_
1434,0,srush,0,197,20,0,0,674,1,感情从来不缺接班人_
1435,0,老肥,100,126,36,9,9,431,1,🐷_
1436,0,茶柯一.,27,801,39,1,1,0,1,☁坐标China_
1437,0,日子,0,369,52,0,0,0,0,_
1438,0,小憨梨心心,2246,1335,95,187,190,27075,1,星辰恬静美好 ，一直都在。_
1439,0,橘里吖,0,246,3,0,0,0,0,_
1440,0,傲娇你莹,11,1081,17,2,2,1892,0,_
1441,0,fjl,0,1019,57,0,0,1299,0,_
1442,0,天竺,0,1667,4,0,0,135,0,_
1443,0,悠悠球小曹,159,173,23,23,23,360,0,_
1444,0,哎呀花呀,381,231,79,31,52,10956,1,心态放平 😇 不为日子皱了眉  💆别为日子低了头 ❤️_
1445,0,可爱的我,1733,3107,411,135,135,14934,1,谢谢你的关注_
1446,0,星羽✨超可爱,0,56,2,2,2,2179,0,_
1447,0,XYangel,0,67,7,0,0,96,0,_
1448,0,追赶时光,0,4173,36,0,0,7626,0,_
1449,0,草莓味少女🍓,0,6,0,0,0,50,1,QQ：3380184980_
1450,0,邮风少女,74,2473,15,5,164,5825,0,_
1451,0,路飞太郎,0,172,10,0,0,94415,0,_
1452,0,Tracy,214,105,27,2,2,177,1,Pursue pace_
1453,0,超爱海南航空（飞友）（已退抖）,590,2938,275,99,102,16783,1,300粉丝直播最近可能我会跟一些和平精英的视频_
1454,0,@L.,0,456,5,0,0,4634,0,_
1455,0,Q&Q,10,55,7,3,3,3681,1,等花归来，花开再会_
1456,0,用户4027337844121,0,3750,21,0,0,819,0,_
1457,0,冯琪峰,108,1529,310,0,0,0,0,_
1458,0,周伟琪,0,104,7,0,0,5015,0,_
1459,0,小宝宝,113,275,33,140,140,1245,1,水瓶座_
1460,0,佳期如梦,0,1672,13,0,0,30926,0,_
1461,0,Mr.刘,23,2667,34,4,4,8231,1,我是一个新人，希望大家多多关照_
1462,0,madi的🐶,0,716,3,0,0,304,0,_
1463,0,小熙是BLINK,78,218,55,4,4,29185,1,BLACKPINK IN YOUR AREA.LisajenniejisooROSÉ_
1464,0,用户2034536836526,8,517,48,2,2,3629,0,_
1465,0,sunset,687,4814,234,128,128,87577,0,_
1466,0,@以德服人,164,957,136,10,11,39697,0,_
1467,0,混世小仙女(闺蜜),83,1829,96,55,55,4578,1,我是一个只爱拍嘴的女生，我叫王佳慧！  我还有个亲弟弟，叫王佳智， 也会经常出现在视频里。我和弟弟有时也爱拍一些跳舞的视频。 但我和弟弟都不喜欢露脸。_
1468,0,艳,23,173,5,62,62,2232,0,_
1469,0,全糖,7,43,17,1,1,278,1,独自生活也可以很好哒💫_
1470,0,王牌男人,0,184,23,0,0,133,0,_
1471,0,漫思茶,0,164,1,0,0,2922,1,阳光_
1472,0,"""愺莓菋""",0,62,1,0,0,256,0,_
1473,0,染幻学姐,377,4204,121,125,125,7396,0,_
1474,0,N⊙,0,65,4,0,0,0,0,_
1475,0,青春那一瞬.........,108,321,36,22,23,7619,0,_
1476,0,@苏然,318,479,29,0,0,0,0,_
1477,0,迎风破阵,0,1547,21,0,0,5287,0,_
1478,0,觉觉,0,341,43,0,0,0,0,_
1479,0,黄森森HS,27,73,14,14,14,609,0,_
1480,0,用户6374555090,0,129,6,0,0,1172,0,_
1481,0,快乐少年,0,213,9,0,0,354,0,_
1482,0,已重置,964,3520,208,134,135,12494,0,_
1483,0,刘子俊,0,1926,28,0,0,9249,0,_
1484,0,七汐学妹（芽家粉丝）甜儿家族（粉丝）,220,3918,105,63,63,23988,0,_
1485,0,用户9083956164965,12,2982,64,2,2,4336,0,_
1486,0,米饭,1,2056,5,1,1,3216,0,_
1487,0,心心,70,989,34,11,12,0,0,_
1488,0,Gun神,8,194,7,7,7,438,0,_
1489,0,用户7000624517743,0,4359,10,0,0,127,0,_
1490,0,李现,71,583,29,17,17,587,0,_
1491,0,用户46238393,2,2081,8,2,2,4960,0,_
1492,0,嘉纹,77,4278,12,31,31,2073,0,_
1493,0,浅汐浅忆,14,2350,74,3,3,6527,1,闺蜜:有了喜欢:皮卡丘（不唯一）一星期会发视频的微信:QQ:迷你号:_
1494,0,幸福宝贝儿,0,1620,6,0,0,132,0,_
1495,0,白屹驰,0,394,20,0,0,770,0,_
1496,0,殇雪,0,415,2,0,0,0,0,_
1497,0,王诗琪,102,4999,68,8,8,13128,0,_
1498,0,张翔泯,3,1058,10,3,3,741,0,_
1499,0,清欢°,0,33,0,0,1,251,0,_
1500,0,user463377507808,1,381,29,1,1,1527,0,_
1501,0,王良文爸爸,0,3018,2,0,0,4474,0,_
1502,0,Yohoo雾境之外,176,3853,39,23,25,6148,1,记录生活_
1503,0,陈十七（大号）,214,286,13,47,47,583,0,_
1504,0,圣剑审判,0,3095,43,0,0,8154,0,_
1505,0,最帅的黑帝,0,3007,15,0,0,2436,0,_
1506,0,小千,0,25,0,0,0,0,0,_
1507,0,❤️❤️❤️,0,4027,8,0,0,0,0,_
1508,0,孟柏,1,3946,55,0,0,52418,1,嗯……在校学生…………………………………………………………………………☺😃😄😝😜😉😂😂😂😂😂😂😂😂😂见谅😂_
1509,0,汤项地,0,1419,11,0,0,9189,0,_
1510,0,不知道你像我,0,531,9,0,0,565,0,_
1511,0,郝忠华,0,4968,18,0,0,10390,0,_
1512,0,用户3399207512988,0,257,1,0,0,1045,1,百觅_
1513,0,沬沬@,4,39,37,0,0,44,0,_
1514,0,希芸,0,2752,36,0,0,197,1,张九堂_
1515,0,iland,0,732,0,0,0,0,0,_
1516,0,花开半夏法师08,0,115,13,0,0,94,0,_
1517,0,生死皆输,0,555,12,0,0,1249,0,_
1518,0,L,55,1347,129,1,1,7945,1,😄😄😄_
1519,0,刘海,33,810,16,9,13,75,0,_
1520,0,我叫阿童木,700,299,94,66,70,780,1,阿童木的每一天🚙_
1521,0,用户6660455694556,51,1101,33,9,11,9584,0,_
1522,0,忆,15,1526,20,3,4,3326,0,_
1523,0,由希,0,139,22,0,0,81,0,_
1524,0,毛線球,0,49,71,0,0,6147,0,_
1525,0,HERMONE 慕斯娅,0,4141,84,0,0,3512,1,刘氏集团千金二小姐。_
1526,0,Lzrrr.,0,662,44,0,0,8356,1,高一，高一_
1527,0,一碗红烧肉,5,97,10,2,2,255,0,_
1528,0,方少,0,818,14,0,0,644,0,_
1529,0,若尘,0,173,7,0,0,235,0,_
1530,0,若枫,60,2025,36,5,74,4854,1,平常心对待每一件事，用心爱自己爱的人，做自己喜欢的事_
1531,0,吃鸡小视频,697,514,44,185,185,11941,0,_
1532,0,我人字拖甩爆你,3,2181,8,3,9,6192,0,_
1533,0,智慧彼岸😇,267,266,108,27,29,138,1,。。。。。。_
1534,0,北巍,1,2381,25,0,1,307,0,_
1535,0,双建林,0,3477,25,0,0,6249,0,_
1536,0,十点差三分%,0,659,5,0,0,887,0,_
1537,0,用户3421442806484,0,138,8,0,0,445,0,_
1538,0,@@萍🧚‍♀️,9,46,9,3,3,178,0,_
1539,0,沫/颖火虫,0,3517,20,0,0,73,1,你眼中的星辰大海，是我从未见过的灿烂星河，而我在你眼里是如此的渺小……_
1540,0,柠檬小鱼🐟,0,56,4,0,0,103,0,_
1541,0,酒辞,1,555,12,0,1,2789,0,_
1542,0,用户398921580618,13,3499,18,2,2,373,0,_
1543,0,初晨,0,11,19,0,0,889,1,不一样的自己，做自己的英雄_
1544,0,恶鬼难受,4,907,2,3,3,2170,0,_
1545,0,用户3485928845550,0,3744,15,0,0,14556,0,_
1546,0,徐家小徐,0,65,28,0,0,0,0,_
1547,0,馨儿,6981,52,755,136,137,0,1,生活不简单，尽量简单过。     喜欢普洱茶可以加vx——【x055017】_
1548,0,哥活的比你爽,0,410,23,0,0,611,0,_
1549,0,陳丶,24,64,67,1,1,412,0,_
1550,0,用户7918018135454,0,37,2,0,0,234,0,_
1551,0,高@,45,4255,57,12,12,3869,0,_
1552,0,↖别动爷的女人↗,412,842,115,13,13,5269,0,_
1553,0,木易吉吉,0,953,2,0,0,694,0,_
1554,0,qzuser,0,301,2,0,0,249,0,_
1555,0,颖颖真可爱,0,263,21,0,0,1688,0,_
1556,0,❤️杨紫,6,1307,21,4,4,303,0,_
1557,0,用户7017912821857,76,984,71,14,14,2337,0,_
1558,0,用户5868596637092,54,137,33,6,6,1101,0,_
1559,0,。I,0,4523,15,0,0,8458,0,_
1560,0,水木年华,0,2103,16,0,0,1862,0,_
1561,0,pan👿,11,210,5,3,5,0,1,散伙本是人间常态…你我又不是什么例外…_
1562,0,一起来,25,4204,20,4,4,29337,0,_
1563,0,蜜橘🥑,186,623,54,41,43,0,1,江山不换韩芸汐，此生不负鞠婧祎💙💙💙古有秦王护芸汐，今有蜜橘保婧祎💙💙💙正统偶像鞠婧祎，一心一意只为你💙💙💙蓝大衣，白毛衣，你是我的鞠婧祎💙💙💙蓝海猖狂，护鞠为王💙💙💙_
1564,0,三,54,102,112,9,9,562,0,_
1565,0,雪,11,317,11,4,4,240,0,_
1566,0,清甜,0,38,1,0,0,73,0,_
1567,0,👍✌,221,193,69,30,36,0,0,_
1568,0,陆婷婷,39,272,33,11,13,189,0,_
1569,0,用户7473870619402,0,101,0,0,0,120,0,_
1570,0,是小可爱呀,24,554,46,7,7,1639,1,永爱锦衣之下宝藏男孩:任嘉伦、许凯宝藏女孩:谭松韵、鞠婧祎_
1571,0,百分之十三,12,1637,17,2,6,9165,0,_
1572,0,落儿呀呀呀,158,186,64,27,27,11131,1,保持善良～_
1573,0,用户4043355951572,1,369,5,1,2,787,0,_
1574,0,用户6219234939757,0,127,7,0,0,13,0,_
1575,0,和也,0,1218,76,0,0,0,0,_
1576,0,今天要早睡,253,9,95,0,0,99,1,万事胜意_
1577,0,九离,0,574,46,0,0,202,1,我十拿九稳就差你一吻_
1578,0,信仰,31,2569,47,4,4,7964,1,随你之心而晃动丶_
1579,0,琉璃塔（掉粉中）,1003,2468,205,89,90,5944,1,有最好的兄弟还是个男的，拍的作品都比较沙雕，请原谅最喜欢玩吃鸡和平精英，我的世界迷你世界，谁可以玩可以加我呀，11岁_
1580,0,檬亚曦,786,530,179,22,22,539,1,人生短短数十载，最要紧的是证明自己，不是讨好他人_
1581,0,℡懒懒DE猪,0,1896,17,0,0,18948,0,_
1582,0,用户4359042196296,0,895,3,0,0,41,0,_
1583,0,浩',0,539,8,0,0,7917,0,_
1584,0,GENG﹉,0,575,25,0,0,29145,0,_
1585,0,郭,29,876,19,5,5,480,1,快乐成长_
1586,0,用户9601209808564,0,121,1,0,0,90,0,_
1587,0,悟空RHY,0,70,0,0,0,1499,0,_
1588,0,啥也不是,9,1000,4,7,7,10775,0,_
1589,0,韩剧小妹💙,0,50,0,2,2,232,1,💕超喜欢追韩剧的小妹💕实力宠粉，你敢留我敢评💕非专业剪辑_
1590,0,用户50865261118,0,4023,43,0,0,5024,0,_
1591,0,蒋。。。,0,157,10,0,0,0,0,_
1592,0,柠檬,9,788,6,2,2,5922,0,_
1593,0,新起点@扬帆起航,375,112,89,23,24,514,1,始于心甘情愿    终于愿赌服输_
1594,0,小嫣然,668,1745,81,0,0,0,0,_
1595,0,用户5180667353110,0,1310,2,0,0,3207,0,_
1596,0,瑾儿,50,223,47,14,19,10181,1,稻米出没！！！_
1597,0,刘狸夜火,118,4673,37,48,48,17221,0,_
1598,0,橘猫,0,10,0,0,0,35,1,昊昊_
1599,0,爱丽丝,10,1734,12,1,1,6927,0,_
1600,0,木羽少年,3,70,14,1,1,524,1,。。。_
1601,0,用户4416949204302,11,2083,31,4,4,2035,0,_
1602,0,DM,0,510,5,0,0,0,0,_
1603,0,ゝ喵小喵ヽ\_,43,80,17,22,23,742,0,_
1604,0,用户1400466221901,19,4662,4,4,4,17974,0,_
1605,0,莫伤,0,1381,12,0,1,6322,0,_
1606,0,藏到蟹壳里面👀,43,88,61,5,6,0,1,彼岸花_
1607,0,我爱你,0,2939,5,0,0,6370,0,_
1608,0,宋战伟,200,1176,53,10,10,2246,0,_
1609,0,用户8489287134799,0,77,6,0,0,251,0,_
1610,0,一生只爱你一人,74,4826,73,10,10,19744,1,人生是一种承受，我们要学会支撑自己！_
1611,0,sun太阳,59,3635,51,26,26,63189,1,玲珑骰子安红豆，入骨相思知不知_
1612,0,张均梅,1,3486,17,1,1,543,0,_
1613,0,Broken凉城,2,3129,29,1,1,6733,0,_
1614,0,。。,5,644,33,0,3,0,0,_
1615,0,相伴℡,0,166,11,0,0,1937,0,_
1616,0,满天星辰1116,0,1705,11,0,0,2322,0,_
1617,0,简单,0,998,41,0,0,1148,0,_
1618,0,屿儿.,2648,56,102,19,20,3017,1,听星星的心跳✨_
1619,0,可爱的小果冻,4,1196,20,2,2,2963,1,我非常宠粉，你评论我会立马回复你。_
1620,0,Augenstern,0,9,2,0,0,50,0,_
1621,0,用户93214048942,0,3544,20,0,0,11395,0,_
1622,0,柚果,0,1395,12,0,0,5271,0,_
1623,0,玉玲珑,35,140,24,0,0,0,0,_
1624,0,Weirdo,8,108,2,2,2,234,0,_
1625,0,梦兮💫花已落,104,3216,128,21,21,8790,0,_
1626,0,珊baby啊,41,187,16,0,0,1556,1,DCS的小公主_
1627,0,携,9,297,32,0,0,0,0,_
1628,0,小云南,34,1521,12,24,24,2612,0,_
1629,0,浅陌初心,54,17,44,8,8,932,1,农夫山泉有点甜，不爱李现有的悬_
1630,0,放学、别走让你叫爸爸,0,613,0,0,0,5088,0,_
1631,0,🌸-🌸,30,220,6,1,1,789,0,_
1632,0,🌸三月欣欣🌸水果味硬糖。,222,1149,6,0,0,0,0,_
1633,0,忘记的回忆,0,2836,8,0,0,0,0,_
1634,0,用户789545226840,0,1277,1,0,0,2069,0,_
1635,0,毁我爱他，你真奇葩♛,12,1084,36,2,2,2957,0,_
1636,0,shu✨✨桃桃,700,1260,118,175,175,3658,1,我和弟弟是一起长大的，为什么妈妈总是偏心？_
1637,0,霜雪千年,4,3639,27,1,1,11046,0,_
1638,0,叶婷,94,44,23,25,25,331,0,_
1639,0,小邓姐姐,0,1016,9,0,1,291,0,_
1640,0,一一丫丫,5,166,32,1,1,97,0,_
1641,0,用户5845567643585,0,52,4,0,0,0,0,_
1642,0,豆～豆,1733,212,136,97,98,6686,1,本人酷爱美食，和老公一起经营一家特色石锅菜店！！！👩‍👩‍👦👩‍👩‍👦👩‍👩‍👦欢迎大家来品尝哦🐱绝对满足您的味蕾🌹🌹🌹_
1643,0,지렁이-芮安✨,3,1324,17,1,1,451,1,本人11岁处关系： 两个妹妹🍑一个CP🍒（已有闺蜜）想处什么私信_
1644,0,一壶浊酒话悲凉,0,1100,6,0,0,705,0,_
1645,0,✨七💖穗✨,32,1674,30,8,9,6297,1,巨蟹座     女生😀(已有闺蜜)还是个少年！！！(四年级)关晓彤铁粉😘玩和平精英没了🌚_
1646,0,往后余生.♚,0,2995,75,0,0,4584,0,_
1647,0,白衍行,87,4369,117,11,55,12751,1,高尚是高尚者的墓志铭～_
1648,0,蓝海猖狂，护凯为王。,2,4496,14,1,1,6596,1,你保护世界，我保护你。_
1649,0,用户5444740387763,1,28,4,0,1,170,0,_
1650,0,自渡,589,197,49,79,79,5231,1,悲喜自渡，Ta人难悟_
1651,0,☞柠檬★不萌☜,49,125,12,16,16,2133,1,但愿日子清净，抬头遇见的都是柔情。_
1652,0,君莫笑,0,2802,6,0,2,6959,0,_
1653,0,518520,0,39,1,0,0,194,0,_
1654,0,甜死你个臭烘烘,0,4137,31,0,0,12270,0,_
1655,0,迷幻,0,1401,31,0,0,9476,1,夏天快乐，来日方长_
1656,0,莫非。,36,328,58,0,0,0,0,_
1657,0,冬日梦境,70,362,15,12,12,364,1,七月与安生_
1658,0,Giao哥鸭!,696,2960,194,0,0,0,0,_
1659,0,Moon,309,2410,111,45,46,10026,0,_
1660,0,我爱我家,1,2496,11,4,4,3588,0,_
1661,0,忧忧,0,28,8,0,0,762,0,_
1662,0,赵璐,0,1162,4,0,0,208,0,_
1663,0,三月水贵。,0,604,3,0,0,1335,0,_
1664,0,痕 指纹,0,4609,31,0,0,1421,0,_
1665,0,蒲公英的约定,0,61,0,0,0,0,0,_
1666,0,茜茜公主👩👩👩,30,3269,25,167,167,526,0,_
1667,0,陈伟,21,1387,19,19,19,3836,0,_
1668,0,❤️,12,410,14,4,5,2591,0,_
1669,0,ice🍓,0,213,0,0,0,0,0,_
1670,0,榴莲牛奶,0,84,0,0,0,289,0,_
1671,0,草莓味软色糖,24,1605,34,5,5,0,0,_
1672,0,旧城旧巷等旧人,0,43,1,1,1,202,0,_
1673,0,哈,0,75,2,0,0,621,0,_
1674,0,星辰,0,1093,12,0,0,303,0,_
1675,0,用户7500341056272,0,490,4,0,0,252,0,_
1676,0,gcubhg,1,1862,4,0,0,0,0,_
1677,0,王思𥈠,0,3670,27,0,0,7288,0,_
1678,0,@不纯小菇凉,91,62,114,31,35,82,1,爱情总是没有开始就结束了_
1679,0,期秒,3,68,0,6,8,126,0,_
1680,0,七畿,0,124,0,0,0,831,0,_
1681,0,用户3095550726778,0,527,1,0,0,169,0,_
1682,0,。陈先生。,3,412,23,0,0,0,1,"After all these twists and turns, there will always be a future.（度过这曲折总会有以后）_"
1683,0,月亮不亮了。,0,300,15,0,0,0,0,_
1684,0,春天的人儿,120,2902,22,65,65,3143,1,关注我，我宠你带你玩遍游戏_
1685,0,∷,48,324,18,13,13,25959,1,┏┛┻━━━┛┻┓┃｜｜｜｜｜｜｜┃┃　　　━　　　┃┃　┳┛ 　┗┳ 　┃┃　　　　　　　┃┃　　　┻　　　┃┃　　　　　　　┃┗━┓　　　┏━┛　　┃　史　┃　　　　┃　诗　┃　　　　┃　之　┃_
1686,0,屁用,0,126,4,0,0,627,0,_
1687,0,这条gai最靓的崽,7,224,7,1,19,812,0,_
1688,0,winnie1014,0,1564,2,0,0,12921,0,_
1689,0,.,0,3613,14,0,0,0,0,_
1690,0,〖醉梦〗,3,189,35,0,1,2969,1,糖糖好吃_
1691,0,黄庆菲,31,1620,15,10,10,237,0,_
1692,0,与你习惯.,0,110,17,0,0,1393,0,_
1693,0,用户1951150355812,0,188,1,0,0,615,0,_
1694,0,奶茶盖盖,0,1052,9,0,0,16964,0,_
1695,0,♥浊酒尽余欢♂,0,506,1,0,0,1195,0,_
1696,0,我,0,77,13,0,0,96,0,_
1697,0,孙国强,0,615,3,0,1,1318,0,_
1698,0,라 마 차인👿😈,0,64,4,0,0,87,1,没有比你更聪明的 🧠               只有比你更努力的💪🏻_
1699,0,茉莉花yml,92,423,21,11,19,1987,1,就算无人所爱，我也死性不改。_
1700,0,pig,5,2040,5,1,1,10246,0,_
1701,0,流觞🎀,0,1294,3,0,0,10896,0,_
1702,0,用户1523319209608,0,1255,4,0,0,457,0,_
1703,0,！迪子哥+M莉！,0,2005,13,0,0,2745,0,_
1704,0,用户5131065326292,0,1065,10,0,0,674,0,_
1705,0,温热,188,162,44,42,43,619,1,愿你如阳光  明媚不忧伤_
1706,0,屈美美，天蝎座，(已黑化),362,1100,57,1,1,8332,1,我是一个小学生，上学中。_
1707,0,用户6506345933578,0,4602,12,0,0,8098,0,_
1708,0,日落星辰,0,2709,37,0,0,23361,0,_
1709,0,小蜜桔,66,2564,196,7,7,3322,0,_
1710,0,钊-仔,244,471,159,28,28,4952,0,_
1711,0,哈,0,199,0,0,0,398,0,_
1712,0,半夏微凉,0,223,2,0,0,4879,0,_
1713,0,日,0,699,53,0,0,7840,0,_
1714,0,三岁就跟霸气,0,2068,16,0,0,5381,0,_
1715,0,神仙李欢喜啊,0,74,74,0,0,0,0,_
1716,0,🐹精英小能手🐹,248,1999,74,65,65,4448,0,_
1717,0,开心一天。,10616,825,740,119,144,34719,0,_
1718,0,晨星,83,3264,14,17,22,13486,0,_
1719,0,吃饱了,0,64,0,0,0,43,0,_
1720,0,用户2516449988340,10,725,1,6,6,2708,0,_
1721,0,T·W·X,0,1125,19,0,0,9198,1,08年  五年级_
1722,0,不可爱小朋友,0,250,0,0,0,35,0,_
1723,0,小公主,31,1583,29,7,7,1604,0,_
1724,0,用户8446431060115,0,131,0,0,0,1146,0,_
1725,0,xux,0,1300,24,0,0,6981,1,熊  ，敢战吗！！！_
1726,0,巧克力弟弟✌,0,277,23,0,0,0,1,感谢在茫茫人海中关注我！🙏🙏_
1727,0,啦啦啦啦,0,73,5,0,0,694,0,_
1728,0,qnjbunh,134,732,30,0,0,0,0,_
1729,0,依然家的小宝贝,0,21,0,0,0,977,0,_
1730,0,！,3071,405,153,155,344,0,0,_
1731,0,吃掉月亮🌙,29,166,6,8,8,1007,1,新抖音 之前账号不用了_
1732,0,用户1367188023005,0,680,2,0,0,738,0,_
1733,0,恶魔,2,2686,3,2,2,4653,0,_
1734,0,谭莹莹,96,65,37,12,12,1054,0,_
1735,0,秋季红尘,156,4453,337,40,40,4202,0,_
1736,0,Quiet,0,2276,67,0,0,24488,0,_
1737,0,A^chen先生,93,109,56,0,0,0,0,_
1738,0,王锡,0,3574,18,0,0,4278,0,_
1739,0,忘川😁,0,43,1,0,0,264,0,_
1740,0,茗,16,288,36,3,3,952,0,_
1741,0,小仙女。,3919,1882,679,221,223,19046,0,_
1742,0,我的未来。,0,1604,25,0,0,3719,0,_
1743,0,厱.,0,89,2,0,0,58,1,去追去闯，去乘风破浪_
1744,0,•﹏•,0,3681,63,0,0,9311,1,男娃_
1745,0,昵称已重置,0,42,2,0,0,56,0,_
1746,0,马慧茹,552,1331,88,49,49,7006,0,_
1747,0,用户8927431720157,5,1758,8,7,7,755,0,_
1748,0,用户1802684354023,0,111,0,0,0,3008,0,_
1749,0,用户7930664382886,0,856,1,1,1,116,0,_
1750,0,ar,10,3444,6,15,15,2255,0,_
1751,0,尋有緣Ｒéπ,0,111,6,0,0,0,0,_
1752,0,余温,0,264,18,0,0,12063,0,_
1753,0,孙子涵,0,566,10,0,0,8743,0,_
1754,0,用户8892023504431,0,622,0,0,0,395,0,_
1755,0,黑仔Y,1,3350,16,0,1,21457,0,_
1756,0,用户1907337987865,1,18,0,1,1,19,0,_
1757,0,限流橙子~,6,2026,25,1,1,4276,1,我要带你去花园_
1758,0,拾柒·北音,11,37,5,2,2,0,1,不回头不挽留_
1759,0,妳不够档次,80,32,27,34,34,144,1,人 咱看不懂就不看 感情 咱悟不透就不悟_
1760,0,霸道圣徒🚫,0,1332,63,0,0,34955,0,_
1761,0,念时光回流,38,329,27,0,0,0,0,_
1762,0,步步高时尚花艺。,1024,632,130,155,155,2661,0,_
1763,0,温忆,0,905,12,0,0,7127,1,用微笑面对现实，努力做好自己。加油，相信自己，雨过天晴会有彩虹。_
1764,0,燕子の玺,0,158,12,0,0,4693,0,_
1765,0,姜西西,8,324,14,1,2,966,0,_
1766,0,jupjnpjmw,0,1755,33,0,0,602,0,_
1767,0,小糖果,61,91,25,8,25,508,0,_
1768,0,殇羽,23,116,48,2,2,1690,0,_
1769,0,幸好,1,186,5,1,1,5039,0,_
1770,0,👉Tiger 👈,0,84,4,0,0,182,0,_
1771,0,轻舟,0,2050,16,0,0,1417,0,_
1772,0,吴锦坤,0,3934,15,0,0,6660,0,_
1773,0,半糖,0,292,23,0,0,3832,1,始于颜值，陷于才华，忠于人品_
1774,0,孤傲,0,1260,2,0,0,8919,0,_
1775,0,用户6073065241463,42,82,47,24,24,470,0,_
1776,0,十七闲客,0,563,3,0,0,1629,0,_
1777,0,用户4409179489675,0,412,3,0,0,1873,0,_
1778,0,毒柒柒,4,1687,18,1,2,903,0,_
1779,0,用户6606374052885,0,21,0,0,0,153,0,_
1780,0,小椅子,133,276,24,7,7,1018,0,_
1781,0,可爱了耿,12,62,18,2,3,689,1,做自己就好了_
1782,0,小朋友，,410,1670,98,92,92,1357,1,可不可以_
1783,0,走走。看看,5,264,5,1,2,11464,0,_
1784,0,(！/)-bts,117,274,12,12,12,1008,1,Qsenn_
1785,0,埠嫫,0,99,24,0,0,1861,1,哈哈哈_
1786,0,Casual,3,236,13,0,1,5147,0,_
1787,0,可人儿,83,464,37,8,8,0,0,_
1788,0,南笙,13,547,14,2,2,447,0,_
1789,0,小琳吖,7,1491,14,0,0,0,0,_
1790,0,森沫暖光,0,728,11,0,0,14904,0,_
1791,0,cici,0,47,2,0,0,0,0,_
1792,0,小漂亮,0,119,5,0,0,0,0,_
1793,0,🤖🤖🖕🏼🖕🏼,0,601,41,0,0,339,0,_
1794,0,user3105948451348,0,1358,7,0,0,4947,0,_
1795,0,樱柚,27,620,27,5,5,1445,0,_
1796,0,青柠有点甜✨,0,1936,4,0,0,4770,1,开心就好啦！_
1797,0,嘟嘟,47,3203,69,2,2,0,0,_
1798,0,喏訁巟訁i,0,42,3,0,0,387,1,要么别开始，要么别结束_
1799,0,柠檬,35,4172,24,6,6,32704,0,_
1800,0,L.猪,0,439,27,0,0,881,0,_
1801,0,白白,0,3048,9,0,0,240,0,_
1802,0,彼此擦肩,0,98,27,0,0,4243,0,_
1803,0,焦糖布丁,9,11,5,10,10,56,1,不懂世俗是一种幸福_
1804,0,可爱萌萌,5,2782,7,0,0,0,0,_
1805,0,秦声,3010,165,6,4,10,2097,1,北风己从南巷过，故人归来是几何_
1806,0,额... ...,0,1145,12,0,0,124,0,_
1807,0,Max雪,1914,57,287,44,45,786,1,活在当下_
1808,0,向荣,0,1390,5,0,0,200,0,_
1809,0,拥有。。,0,30,5,0,0,335,0,_
1810,0,柠糖,5,714,4,4,5,0,0,_
1811,0,用户9837658193103,0,77,1,0,0,41,0,_
1812,0,xds,0,69,22,0,0,12,0,_
1813,0,Lawfy,1,265,10,0,0,0,0,_
1814,0,幸福永远  6295518390356,423,4864,464,23,23,5829,1,快乐每一天_
1815,0,letten.突然出现（天灵现）,625,803,284,11,13,0,1,天现宝宝一枚，在云南，2008.08.11破壳，已有cp，闺蜜。_
1816,0,九咪,0,904,22,0,0,1946,0,_
1817,0,「傲世♡,71,116,27,8,8,1101,0,_
1818,0,Taylor_Lisa,99,585,269,2,2,0,1,霉霉_
1819,0,艳,658,1445,99,116,120,485,1,无论世界是否待你温柔，请保持住你的善良，好运会与你不期而遇_
1820,0,Z小姐💗,397,4843,137,25,25,0,1,做一个精致的小女人_
1821,0,雪雪❄️,42,39,10,10,10,83,0,_
1822,0,曦沫cw:,0,210,2,0,0,0,0,_
1823,0,男逗比和女逗比😍😍😍😍😘😘?,1014,2665,160,126,126,17841,0,_
1824,0,独孤,0,73,0,0,0,0,0,_
1825,0,欣,62,64,22,12,12,518,0,_
1826,0,天使变身守护你,360,939,97,129,130,1732,0,_
1827,0,堕神君（小省标东皇）,6,396,38,3,3,597,1,就是喜欢搓球啊_
1828,0,foam,0,824,5,0,0,0,0,_
1829,0,Caroline。,0,5,2,0,0,3,1,日出东方却落于西。_
1830,0,熊仔吃掉小月亮,0,90,4,0,0,1610,0,_
1831,0,鑫💋,33,325,22,8,8,2135,0,_
1832,0,依然,20,104,27,3,4,307,0,_
1833,0,小白,42,821,32,15,15,2573,0,_
1834,0,风雪中的杀手,0,160,3,0,0,760,0,_
1835,0,Angela.雅,33,3204,6,11,11,866,0,_
1836,0,浅忆,0,9,14,0,0,10754,0,_
1837,0,你的暴力女姐姐,347,378,110,125,126,4600,1,巨蟹座、不能穿红衣爱好:跳舞，唱歌💙宝藏男孩:姜冠南、郭俊辰 💜宝藏女孩:王玉霞、赵今麦_
1838,0,北辰南笙,0,353,18,0,1,23110,0,_
1839,0,用户1347266146868额亚瑟阿姨,60,781,9,25,25,324,0,_
1840,0,霜霜姐,14,2471,54,2,2,3737,0,_
1841,0,凡心,2,15,1,1,1,121,0,_
1842,0,昵称已重置,0,5,0,0,0,29,0,_
1843,0,Len,0,92,3,0,0,734,0,_
1844,0,不浪漫的浪漫,0,469,13,0,0,9190,0,_
1845,0,不善言辞,0,61,35,0,0,1932,0,_
1846,0,78996325140,9,2607,28,7,8,43510,0,_
1847,0,✨,0,59,1,0,0,3802,0,_
1848,0,用户26475071,65,182,13,0,0,0,0,_
1849,0,卡卡咖咖桛,2,2155,7,3,5,2404,0,_
1850,0,迷茫人生,0,2187,3,0,0,2890,0,_
1851,0,上瘾,0,132,4,0,0,86,0,_
1852,0,Zzz剪辑,706378,108,10377,21,21,0,1,慢慢更新中......原创剪辑   感谢关注(停更一段，会回来)_
1853,0,蕙质兰心。,225,1107,126,5,6,714,1,我爱我家。_
1854,0,好老,312,132,108,6,6,0,0,_
1855,0,怂怂,89,148,16,7,21,11559,1,世间万般皆苦，唯你明目张胆的偏爱便是救赎想成为你众所周知的欢喜_
1856,0,不弃青春,0,2064,4,0,0,1360,0,_
1857,0,行星中的流星,7,447,11,5,6,289,0,_
1858,0,🏐@崔🏊,106,163,28,0,0,0,0,_
1859,0,廖廖廖廖廖廖廖,19,112,14,11,11,110,0,_
1860,0,Rachel,30,285,27,0,0,0,0,_
1861,0,苏茉,10,343,15,2,2,2932,0,_
1862,0,可能不是我的一片天空,0,1940,11,0,0,18040,0,_
1863,0,老子要减肥,667,481,65,114,115,8793,1,减肥，老子想穿裙子👗老子想大吃大喝老子想过个愉快的夏天，老子不要做特例，减肥，不瘦不改名_
1864,0,EXO,4,243,2,0,0,0,0,_
1865,0,浮世三千,0,113,6,0,0,10605,0,_
1866,0,。,0,119,1,0,0,5995,0,_
1867,0,一闪一闪⭐⭐⭐,0,25,3,0,0,15420,1,比起喜欢更喜欢偏爱_
1868,0,卉卉姐姐,0,99,7,0,0,227,0,_
1869,0,啊暖暖,1293,73,221,113,123,12475,1,未来可期，人间值得_
1870,0,Dan에서만 당신을 생각한다,25,109,26,0,0,0,0,_
1871,0,小杨！,0,336,13,0,0,0,0,_
1872,0,用户7097798379564,2,59,1,1,1,237,0,_
1873,0,小青柠,0,42,1,0,0,21,0,_
1874,0,你的小可爱,30,395,117,4,4,489,0,_
1875,0,枯木难逢春,63,487,74,3,9,0,1,最是人间留不住，朱颜辞镜花辞树_
1876,0,北柠,73,657,5,26,26,1463,0,_
1877,0,看你如何逃过本尊的五指山,112,1514,134,25,27,7581,0,_
1878,0,嚯嚯超cool.❄️,25,145,5,9,12,176,1,算了吧._
1879,0,折木,0,2042,17,0,0,6223,1,无。。。。。。_
1880,0,乐于助人的Finn,0,93,29,0,5,35389,1,消遣时光_
1881,0,陪我搞怪i々,0,344,6,1,1,14,0,_
1882,0,宥俞.,0,1677,209,0,0,7693,1,你努力的瞬间是我们互相保护的时候✨_
1883,0,小玉🏀🏀🏀🏀,7,804,41,1,1,24857,1,初来乍到，了解一下？_
1884,0,顾名思义,0,30,4,0,0,1408,0,_
1885,0,柒染,1,634,1,0,0,0,0,_
1886,0,嘁,44,35,21,9,9,1928,0,_
1887,0,zhouzhou,0,3126,47,0,0,19016,0,_
1888,0,Ying@¥,0,1635,3,0,0,8679,0,_
1889,0,冷血的无情,42,305,65,9,17,28,1,一个很孤单，有人陪陪我吗？_
1890,0,小游心,38,4552,21,10,10,9631,0,_
1891,0,花千骨,5,1686,26,3,3,2219,0,_
1892,0,。。,0,1803,8,0,0,2601,0,_
1893,0,用户7662373170537,0,1164,20,0,0,11757,0,_
1894,0,なくすことのかつて,0,3226,15,0,0,0,0,_
1895,0,颜文泽,0,1592,6,0,0,2755,0,_
1896,0,谢,0,2713,39,0,0,20468,1,每个不满意的现在，都有个不努力的曾经_
1897,0,阿伟已经死了,2,135,29,0,0,7613,0,_
1898,0,伯纳乌风云人物,0,66,38,0,0,17420,0,_
1899,0,小朵朵妈妈,5,79,6,1,1,499,0,_
1900,0,Dissappear,248,3080,402,23,31,27321,0,_
1901,0,梦换,0,54,2,0,0,2836,0,_
1902,0,二白,1,154,7,0,13,13557,0,_
1903,0,Healer.,0,171,12,0,0,1377,0,_
1904,0,baci,53,20,18,8,8,0,1,🧸_
1905,0,用户502234987834,0,2863,4,0,0,2789,0,_
1906,0,伦家的老邓,0,169,43,0,0,24262,0,_
1907,0,QCA.鱿小鱼,1844,4262,297,441,443,27358,1,樱校沙雕王，沙雕我最强！不服来跟我比沙雕！🖕🏻👅我是沙雕鱿小鱼一一沙雕鱿小鱼_
1908,0,赖你一辈子,20,98,16,9,11,294,0,_
1909,0,橙子🍊,3,35,3,1,1,440,1,生活要多姿多彩的，赚钱不易_
1910,0,Ciao,2,439,8,2,2,83,0,_
1911,0,郝帅,39,4032,29,28,28,5561,0,_
1912,0,12.3,75,246,41,0,0,0,0,_
1913,0,梦魇,11,582,61,1,1,5268,0,_
1914,0,杨槊,90,2091,30,29,29,4086,0,_
1915,0,🧖‍♂️,29,2645,31,3,4,23355,0,_
1916,0,Tiger Kook,1,3280,130,0,6,17152,0,_
1917,0,问题少女,0,228,2,0,0,179,0,_
1918,0,t☆y,5,11,1,12,13,978,1,好物分享胃❤️:1101558943_
1919,0,@♡,0,338,1,0,0,4160,0,_
1920,0,顾念,0,1314,8,0,0,4411,0,_
1921,0,忘却(ง •̀_•́)ง,0,773,0,0,0,0,0,_
1922,0,Dzq,0,57,2,0,0,0,0,_
1923,0,@原来是肉包呀,229,157,69,21,22,257,0,_
1924,0,user502951512248,0,42,10,0,0,751,0,_
1925,0,豆豆陈,0,2622,18,0,0,4591,0,_
1926,0,无聊z,0,713,6,0,0,580,0,_
1927,0,沈倦爱我,1174,350,66,11,24,0,0,_
1928,0,小嘴-纯子,582,2732,134,100,101,164,0,_
1929,0,宝宝,0,68,5,0,0,504,0,_
1930,0,十点,26,3356,67,4,4,5205,0,_
1931,0,柚柚,0,435,1,0,0,30,0,_
1932,0,丹丹姐姐,60,2598,9,23,24,4667,0,_
1933,0,柠檬酸,2,977,27,1,1,6818,0,_
1934,0,魔法师🍃可玲🍃,14,200,21,1,2,1020,1,我是魔法师🍃可玲🍃_
1935,0,💀,0,4117,61,0,0,11158,1,好好学习 努力跳舞。_
1936,0,米有发,107,301,66,13,19,3749,0,_
1937,0,赚钱养花花,532,110,102,0,0,0,0,_
1938,0,韩万敏,107,13,6,27,27,125,0,_
1939,0,家和万事兴_1997,1,2997,75,1,1,8144,0,_
1940,0,G.,0,198,12,0,0,45424,0,_
1941,0,⌚⌚⌚,53,3196,28,44,44,4695,0,_
1942,0,宸宸and桐桐妈咪,38,886,31,4,6,9813,0,_
1943,0,李真达,0,2268,17,0,0,3542,0,_
1944,0,顾北微凉,0,2994,8,0,0,0,0,_
1945,0,用户4312124403786,8,73,9,8,8,247,1,唯愿安好_
1946,0,小艺艺,0,119,5,0,0,693,0,_
1947,0,阳光下的520,20,160,19,3,3,6244,0,_
1948,0,小熊软糖掉了,27,96,15,4,6,3666,0,_
1949,0,未晚,0,115,3,0,0,554,0,_
1950,0,猫侠,0,781,4,0,0,67,0,_
1951,0,阿尔法,0,2677,15,0,0,59,0,_
1952,0,大宁子,77,47,26,13,14,355,1,有喜欢的可以加V：18007318514_
1953,0,一,18,737,84,2,5,30662,1,老子不个性，所以不签名。_
1954,0,爱笑的小鱼,79,4959,207,20,23,18127,0,_
1955,0,唐莲子,58,247,18,15,97,28117,0,_
1956,0,田大雪！,681,147,94,74,90,0,1,要加油啦_
1957,0,用户833207,0,5,4,0,0,718,0,_
1958,0,Re,36,1107,36,5,5,3191,0,_
1959,0,小橙子汽水味,0,331,9,0,0,6819,0,_
1960,0,今晚有星星吗❤,1,1081,14,0,0,1247,1,不许州官放火只许俊凯爱我_
1961,0,小小猫,0,2976,13,0,0,4590,0,_
1962,0,煜炜Yih,0,4512,193,0,0,15,0,_
1963,0,。,0,37,21,0,0,0,0,_
1964,0,念一,0,1400,32,0,0,27648,0,_
1965,0,停,22,591,16,1,19,4631,0,_
1966,0,楽儿,1,1235,9,2,2,1947,0,_
1967,0,莹莹,277,228,71,100,101,1325,0,_
1968,0,用户6929307136730,0,1817,7,0,0,70,0,_
1969,0,匪石,3,2712,31,0,28,3119,0,_
1970,0,沫沫,4,114,9,1,1,351,0,_
1971,0,猎尘,0,3684,6,1,1,3589,0,_
1972,0,源源好乖,0,82,14,0,2,5837,0,_
1973,0,用户6851032745011,0,2011,11,0,0,0,0,_
1974,0,♥心璃♥,48,207,35,8,21,4702,1,潮汕人~_
1975,0,九gghc,0,1632,4,0,0,177,0,_
1976,0,婷💋丫头,0,42,3,0,0,315,1,想怎么过就怎么过！_
1977,0,T*ING,3,1312,30,0,5,28698,0,_
1978,0,LUUUUU.,1899,37,145,16,16,1938,0,_
1979,0,陌年微凉,4,460,46,0,0,0,0,_
1980,0,天线宝宝1019,0,2493,475,0,0,7006,0,_
1981,0,欢西,21,223,17,7,8,460,0,_
1982,0,用户1518674693534,0,912,5,0,0,1524,0,_
1983,0,Belief信仰_250796041,1,84,21,1,1,140,0,_
1984,0,用户7779931088325,3,2005,4,2,2,7948,0,_
1985,0,蓝星·渊雪,0,149,6,0,0,735,0,_
1986,0,美@好回忆,1980,167,188,121,121,1200,0,_
1987,0,用户5523885207908,0,599,7,0,0,1678,0,_
1988,0,꧁꫞꯭巴黎的雨꫞꧂,0,1653,26,0,0,11991,0,_
1989,0,lkun爱丽丝,18,4031,23,0,0,0,0,_
1990,0,简单！快乐]O[,0,87,4,0,0,10622,0,_
1991,0,年少时光,354,2266,50,20,20,22194,0,_
1992,0,甜甜,7,129,25,0,0,0,0,_
1993,0,六月§,56,797,56,9,9,2991,0,_
1994,0,AngelCat,0,551,18,0,0,7771,0,_
1995,0,小公主,161,887,12,75,75,603,0,_
1996,0,蜜桃果汁,0,2662,9,0,0,1765,0,_
1997,0,帅气的小男孩,812,540,44,136,136,2312,0,_
1998,0,孤独推荐个,0,100,5,0,8,2427,0,_
1999,0,烛阴,1,525,5,0,6,3718,1,嘻嘻哈哈。_
2000,0,嘟…,23,213,33,3,3,1136,1,这个城  这个时代  有好多再见  最终成为永别…_
2001,0,用户7429364632867,0,20,0,0,0,0,0,_
2002,0,Hyeri,0,697,9,0,0,6088,0,_
2003,0,雾中风雨,0,66,6,0,0,39,0,_
2004,0,蔡雅茹,17,1220,31,8,8,175,0,_
2005,0,德鲁大叔,0,685,23,0,0,1441,0,_
2006,0,旭升垂洋,75,33,14,4,4,12623,0,_
2007,0,啧啧啧,2,1052,42,0,0,0,0,_
2008,0,七爷,0,213,37,0,1,584,0,_
2009,0,DianaLydia,0,968,14,0,0,82,0,_
2010,0,悦悦DAYTOY,6,42,8,1,1,108,1,有趣的灵魂._
2011,0,爆米花🍿,1,4970,36,0,0,0,0,_
2012,0,RU,21,240,8,3,3,2090,0,_
2013,0,Superman,5,542,23,2,2,0,0,_
2014,0,1513719826,0,192,14,0,0,288,1,用自己的真心去对待每个人！只有不去做没有做不到的事，加油！_
2015,0,迷失的风景,7,4921,13,7,7,5113,0,_
2016,0,EX. SME for,40,131,34,5,5,2009,1,"oh, yeah, I'll leave in a_"
2017,0,飞的最矮的地球人,0,757,39,0,0,0,0,_
2018,0,肖博一君,0,36,2,0,0,107,0,_
2019,0,Mark🍀,0,50,8,0,0,101,0,_
2020,0,爱沐宁,16,344,14,4,8,224,1,余生，愿与阳光同在。_
2021,0,用户9859183178151,0,2477,2,0,0,5299,0,_
2022,0,代,0,63,17,0,0,212,0,_
2023,0,奈何,108,138,18,0,0,0,0,_
2024,0,靠窗.,0,61,2,0,0,1,0,_
2025,0,清晨,0,536,0,0,0,0,0,_
2026,0,凉薄.,0,407,16,0,0,0,0,_
2027,0,一袋草莓味薯片,70,181,18,9,9,0,0,_
2028,0,泽如凯风,6,11,7,1,1,208,0,_
2029,0,墨彰,26,207,10,11,13,680,0,_
2030,0,用户4658344381162,9,119,12,1,1,586,0,_
2031,0,源星系,0,986,16,0,0,45100,0,_
2032,0,why,8,105,10,5,5,491,1,喜欢她的笑_
2033,0,三木♞,1,238,1,10,10,648,0,_
2034,0,小小泥鳅,159,210,31,37,37,1108,0,_
2035,0,用户6110989167651,0,42,6,0,0,737,0,_
2036,0,F,158,345,56,101,102,190,1,"更多新款➕♈️F654663627,实时更新❤️_"
2037,0,用户4296174181480,0,9,0,0,0,100,0,_
2038,0,老子叫牛逼,1,474,19,0,0,77,0,_
2039,0,用户9463987193930,0,434,1,0,0,5141,0,_
2040,0,37℃的幸福,0,53,15,0,0,0,0,_
2041,0,seraphic,0,327,9,0,0,4326,0,_
2042,0,对阳光过敏,586,482,157,64,66,771,1,承蒙这个世界，你就是温柔。_
2043,0,十二个上弦月,0,619,13,0,0,8492,0,_
2044,0,兔兔图图徒徒,0,618,4,0,1,431,0,_
2045,0,沈素华,0,333,11,0,0,952,0,_
2046,0,世界有你,46,1357,21,9,9,0,1,开开心心_
2047,0,辞暮,0,36,11,0,0,275,1,我想你了_
2048,0,maomao,0,34,1,0,0,679,0,_
2049,0,♛^O^♛,68,2308,66,3,30,3290,0,_
2050,0,夏,0,2449,25,0,0,475,0,_
2051,0,源枌,0,155,18,0,0,1213,0,_
2052,0,刺激战场，老玩家。,3,4754,15,2,2,6295,0,_
2053,0,陌生人,0,2586,9,0,0,3280,0,_
2054,0,用户2254777223156,0,393,2,0,0,986,0,_
2055,0,......,0,19,2,0,0,2,0,_
2056,0,か微凉徒眸か意浅挚半♞,0,29,6,0,0,572,0,_
2057,0,张三岁的小店,0,659,3,0,0,1479,1,开间小店专属于你❤️_
2058,0,小曾又困了,834,1406,148,0,0,0,0,_
2059,0,谷欠,0,305,66,0,0,14710,0,_
2060,0,Zhihui。🙈,0,261,17,0,0,1075,0,_
2061,0,⊿,7,49,34,0,0,74,1,永远不要高估自己的位置_
2062,0,用户8812816728383,0,480,3,0,0,602,0,_
2063,0,用户128363810477,0,2029,4,0,0,199,0,_
2064,0,用户95131450711,0,4,0,0,0,58,0,_
2065,0,用户7196626918614,0,114,1,0,0,45,0,_
2066,0,时倾.,0,95,5,0,0,3712,0,_
2067,0,庚子柯柯,0,232,2,0,0,2168,0,_
2068,0,刘学亮,25,274,13,5,5,3154,0,_
2069,0,慕兮,2,148,9,1,1,2537,0,_
2070,0,小花儿开开,67,949,38,21,21,1352,0,_
2071,0,小眼睛才不小,148,23,19,14,19,632,1,我有自己的小宇宙_
2072,0,可口可乐-慧鑫,155,32,47,16,16,114,0,_
2073,0,🍀秀大大,3417,159,544,59,59,1311,0,_
2074,0,勿言.,2,85,12,6,6,494,0,_
2075,0,山河,98,20,16,8,8,1227,1,人山人海 别辜负相遇_
2076,0,以安,14,4590,67,4,4,5313,0,_
2077,0,http,61,2419,26,38,39,1941,0,_
2078,0,gyl,0,418,2,0,0,2,0,_
2079,0,炜,0,178,1,0,0,210,0,_
2080,0,AJ,33,20,52,1,44,0,0,_
2081,0,奶茶要加糖,1017,4977,450,8,9,0,0,_
2082,0,人生如若初见,1221,612,72,129,173,6559,1,要开心，快乐每一天_
2083,0,用户5145672426686,0,3,0,0,0,65,0,_
2084,0,爱吃的小胖子,24,102,7,8,8,826,0,_
2085,0,😊  💓  😊   💎,0,293,14,0,0,657,0,_
2086,0,lu_路,188,159,40,34,41,1079,0,_
2087,0,肥乡小P孩童装,1181,437,136,141,142,3622,1,小P孩童装微信CBb1235_
2088,0,肉肉💛ིྀ,36,108,20,32,32,898,1,♥️姊姊👧VX來啦🐣            ～～蹦xia個拉卡💃             🌈🙆‍♀️☀️👼🍑_
2089,0,毕裕仝,8,2942,30,8,8,206,1,我来自_
2090,0,37号刘青鹭,475,2404,58,73,73,14712,0,_
2091,0,LottaTing,14,270,21,3,3,349,0,_
2092,0,安安,3295,677,195,47,48,0,1,时间告诉我，无理取闹的年纪已经过了，该懂事了。_
2093,0,你是我偶像啊,282,51,28,2,36,5270,1,到头来只感动了自己_
2094,0,隔壁的老王,6,305,1150,2,2,4805,1,前途很重要    开始很期待过程很糟糕   结果很满足V 535032549_
2095,0,粤儿,122,238,47,1,1,0,0,_
2096,0,机智纯洁琳,11,3763,12,4,5,8507,0,_
2097,0,倔强菇凉,11,523,15,0,2,3106,0,_
2098,0,玖壹柒,985,1450,157,15,15,0,1,欢迎光临 小胡的朋友圈🎀_
2099,0,🚚..........ᴅᴜᴅᴜ！,0,26,8,0,0,9802,1,દ ᵕ̈ ૩ ☁️_
2100,0,_,7,112,8,0,0,0,0,_
2101,0,用户793129581064,0,3,0,0,0,32,0,_
2102,0,用户2740066379334,0,152,1,0,0,731,0,_
2103,0,回老家了哦哦哦么恶魔妈妈😂😀😎,14,3773,18,7,7,3889,0,_
2104,0,莉,0,19,2,0,0,50,0,_
2105,0,李先生𐂂,200,51,10,6,6,66,0,_
2106,0,hollow,0,87,2,0,0,232,0,_
2107,0,浅安时光@,11,2680,19,17,17,548,0,_
2108,0,优秀,0,65,4,0,0,539,0,_
2109,0,WYZ,975,753,149,58,58,20,1,你若盛开 清风自来_
2110,0,TheFatRat,0,4074,12,0,0,0,0,_
2111,0,😆哈李哈李😜,141,3338,43,16,17,15825,1,谢谢大家厚爱😝💕💞💓💗💖❤️哈李哈李抖音号是我本人哈哈哈😁😀😬😂😃😄😅😆😊🙂🙃☺️😍😘😜😝大家好⊙▽⊙_
2112,0,hi甜你品,11,30,6,12,14,706,0,_
2113,0,织鸢,10,190,34,0,0,0,0,_
2114,0,逍龙,0,1940,2,0,0,4100,0,_
2115,0,௸҉҉҉҉҉҉҉҉҉҉,572,390,235,43,58,319,0,_
2116,0,华晨宇,170,165,107,102,102,2025,1,宝√_
2117,0,用户8750568008195,0,24,1,0,0,105,0,_
2118,0,绿色麋鹿,0,1166,54,0,1,8820,1,谢谢你的关注_
2119,0,王乙芬,143,258,100,15,15,509,0,_
2120,0,一人之下,0,2081,15,0,0,430,0,_
2121,0,用户9184072319902,0,498,0,0,0,5985,0,_
2122,0,韶涵不可爱☁️［沙雕纸］,196,1192,215,6,6,0,1,🍉粉丝名:音乐🍒已有闺蜜🍢有兴趣的可以当我徒弟🍧本人是女生🍡多多指教_
2123,0,顾小九,0,471,14,0,0,12383,0,_
2124,0,ah_huh,48,55,8,0,0,0,0,_
2125,0,颖宝,13,2532,18,2,2,6881,0,_
2126,0,辰星心语374,0,263,19,0,0,0,0,_
2127,0,楠竹,0,2668,25,0,0,4063,0,_
2128,0,✨心仪赵姑娘✨,475,4375,317,21,27,0,1,-只对赵丽颖动心-只对三岁动心请不要一次性赞我所有作品。_
2129,0,用户2387308209397,11,310,9,18,18,993,0,_
2130,0,用户524230862735,0,2053,8,0,0,1145,0,_
2131,0,带你去旅行,62,108,51,12,19,983,1,人生从来都是用来挥霍，关键是看你如何挥霍_
2132,0,雪儿,0,3375,26,0,0,11046,0,_
2133,0,青衫墨雨,0,2063,66,0,0,4400,0,_
2134,0,用户2451461355922,0,68,0,0,0,161,0,_
2135,0,用户2079422073278,0,105,0,0,0,15,0,_
2136,0,胖墩超人,0,962,3,0,0,1426,0,_
2137,0,。,0,174,4,0,0,350,0,_
2138,0,桃酥萝莉,161,180,37,23,23,0,1,走過路過千萬不要錯過我🥳_
2139,0,水木花溪,0,110,8,0,0,0,0,_
2140,0,🌊,0,160,24,0,0,3067,0,_
2141,0,繁星❤欣欣,0,1917,7,0,0,4557,0,_
2142,0,幽竹渃殇,0,2797,84,0,0,45546,1,我若为风 天下无尘_
2143,0,@—@,1724,432,283,180,192,2129,1,开心生活每一天！_
2144,0,user9996219109326,0,2990,16,0,0,68,0,_
2145,0,离,19,389,12,0,1,12792,1,QQ号3082024962_
2146,0,昵称已重置,3,10,13,0,0,0,1,未来可期_
2147,0,Y📷,0,37,7,0,0,0,0,_
2148,0,一闪一闪亮晶晶,769,186,202,17,18,0,1,记忆中的某一瞬间总是能温暖整个曾经_
2149,0,你老婆有我乖吗,888,2652,273,40,40,0,1,98小狮子🦁️_
2150,0,是个正妹🍃,118,70,150,0,0,2237,0,_
2151,0,用户4187790192452,0,43,0,0,0,88,0,_
2152,0,筱 雅 ！,3047,303,279,26,26,3352,1,生活本就很累一点也不想接触心眼多的人！_
2153,0,瓶子🐶,230,41,37,0,0,0,0,_
2154,0,dacklin,119,636,31,21,21,0,1,Sprinkling every kindness every where I go_
2155,0,小花,0,37,9,0,0,57,0,_
2156,0,耶~,0,993,10,0,0,0,0,_
2157,0,糖宝宝,3570,504,1651,66,66,714,1,不在乎，别人能不能够在乎我，我自己开心就好，别人又不是我怎么知道我在想什么_
2158,0,张某某。,7586,1964,430,0,0,0,0,_
2159,0,呆余,1,666,15,1,1,43244,0,_
2160,0,朱思语是小可爱,18111088,524,1250436,185,203,7922,1,朱思语的奇妙人生合作v：359462007✨_
2161,0,👣,15,117,50,0,0,3841,0,_
2162,0,用户89359582760,175,634,46,53,53,1720,1,愿时光不弃，我们不散，且行且珍惜！^O^@💏_
2163,0,王硕,0,86,7,0,0,162,0,_
2164,0,Aomr,60,72,13,12,12,86,0,_
2165,0,❤你的梅梅,906,3484,187,96,98,774,1,深情不及陪伴_
2166,0,Nikii,13,992,9,7,16,0,1,啦啦啦啦_
2167,0,🐳    💋,84,2973,107,9,15,18223,0,_
2168,0,兴利达趣味玩具,367,521,126,69,69,3071,0,_
2169,0,小龟,0,1214,24,0,0,602,0,_
2170,0,永德谷舍公寓,3030,2081,772,300,302,6636,0,_
2171,0,xxww721,0,990,3,0,0,4451,0,_
2172,0,鲸落,52,890,30,14,18,66750,0,_
2173,0,。。。,0,143,4,0,0,0,0,_
2174,0,姐的世界自己做主,20,1163,5,14,14,1565,0,_
2175,0,Yang 阳羊,58,412,42,7,9,2569,0,_
2176,0,一颗蛋黄,7049,296,723,54,58,1227,1,🍓心向阳光 野蛮生长_
2177,0,合味道,0,2033,25,0,0,0,0,_
2178,0,_💜ᴍɪᴋɪ,243,211,172,12,13,0,1,🐷女孩一枚☀️平淡的生活热爱生活 记录美好𓆡𓆝𓆟𓆜𓆞_
2179,0,静静,1222,549,145,231,324,9317,1,两儿一女，幸福健康快乐_
2180,0,美义,61,4653,97,7,7,17357,0,_
2181,0,A野性雯叔,5132,362,2143,97,97,0,1,给我小心心 ❤️❤️_
2182,0,Zzz~,50,4988,131,3,3,0,1,如果仅有此生 又何用待从头_
2183,0,晶晶,0,51,7,0,0,134,0,_
2184,0,龙大龙,0,107,77,0,0,351,0,_
2185,0,心如止水。,94,159,37,1,1,0,0,_
2186,0,鄭,108,103,50,21,22,0,0,_
2187,0,QiqIonG-,239,1807,116,3,3,3856,0,_
2188,0,火影迷,0,332,23,1,1,33,0,_
2189,0,🙃,289,330,37,2,2,0,1,嘻嘻_
2190,0,💗,1351,480,40,273,277,0,1,不计较，不比较，不羡慕，过好自己就好。_
2191,0,Passerby,2,3005,10,0,6,0,0,_
2192,0,Shui,72,2598,40,21,21,359,1,Be Bold • Be Brave_
2193,0,886668,0,55,19,0,0,137,0,_
2194,0,鱼小飘🌅,3,162,10,1,1,365,1,96年   希望改变自己一直在路上的女孩子能给到你一些温暖和能量就是最开心的事情希望互相见证呀V :15170014929每晚8点直播❤❤_
2195,0,狮子座♌,0,1040,14,0,0,205,0,_
2196,0,已重置,167,20,19,0,0,0,0,_
2197,0,Nimo.,11984,4971,271,36,52,1180,1,18楼  秦霄贤  肖战 blackpink   王一博 EXO_
2198,0,黄丽蓓_,1,5,5,1,1,777,0,_
2199,0,我是潮州人,51,215,21,0,0,0,0,_
2200,0,包子,0,249,16,0,0,9929,0,_
2201,0,开心果,1612,1913,406,257,258,13029,1,答应我，毕业时不要流眼泪哦！_
2202,0,kkristen,0,391,7,0,0,1357,0,_
2203,0,初～心,0,26,0,0,0,30,0,_
2204,0,lazyjack,5,84,4,0,0,0,0,_
2205,0,💋原野美娅,1009,4510,382,78,79,12747,1,💓太过美好的东西从来都不适合经历，若失去便无法忘记。💓_
2206,0,九棺♡,0,19,13,0,0,1888,0,_
2207,0,用户209676145014,527,2006,105,55,55,15676,0,_
2208,0,🌿,199,88,81,10,11,0,0,_
2209,0,小辣椒,162,234,56,0,0,0,0,_
2210,0,红精灵🧚‍♀️,17341,168,451,40,47,7468,1,“永远有人更好 眼下即是最好 心动真的不是答案 心定才是”_
2211,0,希引力,66,138,28,10,12,92,1,爸爸爱妈妈爱姐姐爱弟弟❤️_
2212,0,尐 狐  狸🦊,46,109,23,19,19,160,0,_
2213,0,拥抱星星的月亮,11,1952,0,0,0,0,0,_
2214,0,佳,50,237,32,5,6,8687,1,你的我的他的_
2215,0,新欢,29,72,67,4,6,2726,1,要么忍要么滚_
2216,0,小鞠鞠(⑉°з°)-♡,4,693,2,1,1,0,0,_
2217,0,黎黎啊,10020,66,435,17,18,0,0,_
2218,0,❤️77,6171,124,229,45,47,1624,1,❤❤❤❤❤_
2219,0,盈盈一笑,1045,1743,168,6,6,2893,1,微笑是我给自己最好的礼物_
2220,0,Zoe小苏🍉,28,3633,70,10,10,3871,0,_
2221,0,@低头走路🚶喵,4885,4912,349,135,2354,9737,1,愿一切都好(✪▽✪)_
2222,0,香蕉船,0,13,7,0,0,70,0,_
2223,0,暄倪,0,362,3,0,0,0,1,吃吃吃_
2224,0,思雨,3,354,12,1,1,556,0,_
2225,0,旭麻麻,66,202,14,19,19,0,1,微信号，HLL1028194002_
2226,0,。🤩,0,2344,30,0,0,0,0,_
2227,0,萍姐,1354,517,259,58,58,3594,1,学会做你自己并学会优雅的放手一切不属于你的东西_
2228,0,12-🍓,0,78,10,0,0,0,0,_
2229,0,我叫 曾用心,305,377,51,125,125,1064,1,希望一切都来得及。不甘如此，就拼命。无所畏惧，无所不能，仅此而已。_
2230,0,姗姗来迟,13,325,14,2,2,1925,0,_
2231,0,用户5473032839444,0,121,2,0,0,202,0,_
2232,0,柯瑾。🌸🌸🌸,413,3413,393,24,25,27357,0,_
2233,0,以梦为马小璐,64,639,43,12,14,597,0,_
2234,0,🌈✨✨ 🦄️,551,1666,126,13,13,556,1,藏起来_
2235,0,刘小姐是个大魔鬼,12,45,5,5,5,502,1,努力和爱自己_
2236,0,兔儿姑娘😋,12087,1038,2337,3,4,0,0,_
2237,0,🖤Dr,387,182,56,0,0,0,0,_
2238,0,早安晚安勿忘心安Man,9,3742,19,0,0,0,0,_
2239,0,喵喵🐱🎆,310,368,123,20,20,537,1,人生是一个挣扎和修炼的过程每个🌹享受人生❤️_
2240,0,拾忆,5,1341,20,0,2,3724,0,_
2241,0,成全,68,85,28,13,13,508,0,_
2242,0,阿纯妹,70,243,39,14,14,923,0,_
2243,0,猪猪睡觉了哦,71,1030,38,0,0,0,0,_
2244,0,向日葵,140,2469,143,48,160,1590,1,世界那么大，我想去看看！_
2245,0,Relieved,247,781,219,29,29,21678,0,_
2246,0,hcy,0,706,9,0,1,1730,0,_
2247,0,🌞,22,232,10,0,0,0,0,_
2248,0,夏蛋蛋,0,2804,7,0,0,681,0,_
2249,0,Jennifer,4,309,15,2,2,103,0,_
2250,0,仙女下凡䄻纱,76,428,50,9,9,3968,0,_
2251,0,偲偲,13,490,7,28,35,544,0,_
2252,0,小番茄🍅,32,70,17,3,3,102,0,_
2253,0,我有我的小执着,373,1016,166,75,75,1618,1,爱笑的人运气不会差_
2254,0,贝壳风铃,8,414,22,2,2,5603,0,_
2255,0,你亲爱的好邻居,1,606,71,0,1,0,1,123_
2256,0,风情,0,33,2,0,0,41,0,_
2257,0,阳光女孩服装店.,513,1512,244,62,62,0,1,老店，阳光，2642_
2258,0,小正@么么哒～(^з^)-☆,332,874,61,0,0,0,0,_
2259,0,腹肌男孩,11,1981,36,4,4,7396,0,_
2260,0,王,2,804,24,1,1,2080,0,_
2261,0,用户882508413511,0,3,0,0,0,7,0,_
2262,0,倩倩💋💋💋,772,259,132,65,65,923,1,喝最烈的酒，蹦最嗨的迪，忘记想忘记的过去！_
2263,0,拉布拉卡hiusi,0,60,4,0,0,329,0,_
2264,0,vnigue,2,1971,12,4,4,885,0,_
2265,0,代胜,68,297,102,4,4,1000,0,_
2266,0,好儿,315,3400,231,0,0,0,0,_
2267,0,君君,14,15,8,4,10,819,1,😊😊_
2268,0,媛宁YN,85,472,31,16,16,2545,0,_
2269,0,@🍁丸子Baby 🐱🐱,707,806,223,75,112,0,1,记录美好生活#最大的心安是自律温柔和爱自己_
2270,0,lucky🤍🤍,81,75,39,2,2,0,0,_
2271,0,nini,8716,377,2008,145,147,2139,1,生活就是这样熬过了你就笑熬不过了你就再坚持_
2272,0,/,4,4251,216,0,5,5380,1,-干干净净'-电光耗子'_
2273,0,Sunnia,117,468,66,7,7,6399,1,做颗星星✨有棱有角  还会发光_
2274,0,X,0,99,22,0,0,102,0,_
2275,0,猴哥@,7494,7,780,7,7,142,1,日落._
2276,0,@小萝卜,543,279,61,172,174,1757,1,努力向着太阳绽放，_
2277,0,X,6622,149,314,165,166,0,1,无妨爱我淡薄 但求爱我长久_
2278,0,。？。。,0,110,14,0,0,321,0,_
2279,0,小嘚嘚,3609,231,72,40,40,2902,1,不要从别人口中认识我 因为她们一般都有口臭_
2280,0,嘟宝影视剪辑,337167,172,74400,34,44,137,1,✨不好意思呀 刚认识就喜欢你🥰✨点个关注呗！小宝贝🥰❤️感谢抖音给我们这么好的创作平台❤️感谢大家对我的支持粉丝团✨✨➡634590012_
2281,0,用户4638272874887,0,524,0,0,0,72,0,_
2282,0,划船不用桨,16,59,8,6,7,352,0,_
2283,0,姐不够疯只是够拽,82,931,38,17,17,382,0,_
2284,0,就此别过,0,307,7,0,0,175,0,_
2285,0,用户7976430789066,9,70,2,3,3,497,0,_
2286,0,花花的公子？？？,3,3942,9,4,4,8526,0,_
2287,0,愤怒的长歌,7,627,5,5,5,807,0,_
2288,0,❤💛💚💙💜,0,417,2,0,0,0,0,_
2289,0,这！这么！这么晚餐厅的,31,866,3,10,10,1586,0,_
2290,0,user5349593090953,0,615,1,0,0,179,0,_
2291,0,猫咪_231854723,1867,1336,261,256,257,638,1,善良猫咪喵喵_
2292,0,笨与占,0,588,20,0,0,297,0,_
2293,0,猫尾草o,59,49,29,12,13,404,1,当你开始爱自己的时候全世界都会来爱你。❤_
2294,0,王双燕,207,663,74,20,20,1193,0,_
2295,0,全世界只有一个吴皇,316,57,69,81,101,85,1,知足者常乐！加油！_
2296,0,猪宝宝,18,126,9,3,3,171,0,_
2297,0,信仰改不了信念5595,0,1338,6,0,0,14225,0,_
2298,0,-YY牛仔很忙,299,179,69,52,52,726,1,记录生活，记录你_
2299,0,禅234567313,416,955,73,81,81,1138,0,_
2300,0,用户4917934592023,0,5000,34,0,0,11478,0,_
2301,0,桃子🍑,5062,564,1246,159,159,0,1,爱我所爱❤️_
2302,0,zrroxi,55,3186,70,7,7,299,0,_
2303,0,祯mʚɞ🎈,49859,340,2465,85,94,0,1,吃好睡好 长生不老_
2304,0,蔡蔡,1887,3370,284,93,94,7791,1,你待我好，我会加倍的对您……_
2305,0,可爱的我,2,611,4,1,1,1461,0,_
2306,0,小舌头（影视）,4713352,142,430458,114,114,29,1,❤随心而剪，谢谢关注🏠创致文化_
2307,0,阿菲,94,264,59,7,7,391,1,冷暖自知_
2308,0,小小艾米呀！,59,874,26,26,26,2072,1,喜欢就关注一下哈(ღ˘⌣˘ღ)_
2309,0,阳红志,33,3524,187,0,27,781,0,_
2310,0,💋,5,4153,44,0,4,6480,0,_
2311,0,和你偷月亮🌙,642,70,26,2,2,0,1,❤️感谢你这么可爱还关注我💛日常分享壁纸表情包拿图👉:T147707_
2312,0,用户4765749503321,0,466,1,0,0,622,0,_
2313,0,用户1631999787700,0,352,2,0,0,1348,0,_
2314,0,小默影视剪辑,14428,130,3467,14,14,135,1,🎬爱好电影最爱剪辑🎬每日分享优质作品🎬感谢您的关注_
2315,0,用户3770732278097,143,2538,36,35,35,4202,0,_
2316,0,用户9673547595928,0,477,0,0,0,1990,0,_
2317,0,博阳宝贝。,30,2440,19,14,14,4038,0,_
2318,0,淋沐♛,0,2998,44,0,0,2642,0,_
2319,0,Anny,23,2840,139,4,4,3058,1,做一个坚强的女孩，好好爱自己_
2320,0,小浪浪🐽🐽,88,475,23,41,41,2201,0,_
2321,0,学霸只吃数学卷,637,708,59,81,81,4462,1,爱好跆拳道，成绩优，性格开朗爱笑。请多多关照，谢谢。😃😃_
2322,0,林駿田,0,662,0,0,0,1293,0,_
2323,0,用户8670590369932,16,239,18,1,1,550,0,_
2324,0,天使之翼℡,0,600,68,0,0,0,0,_
2325,0,紫儿,141,929,101,18,19,833,1,关注我我会回关的呦_
2326,0,灭天～神话,19,4483,44,3,3,237,0,_
2327,0,停留,1,17,3,0,1,105,0,_
2328,0,🦋,0,2831,40,0,0,0,0,_
2329,0,全小区最靓的仔,12,188,8,0,0,0,0,_
2330,0,用户8491794865061,0,2029,12,0,0,762,0,_
2331,0,啊麦,5,81,22,0,0,377,0,_
2332,0,柠檬🐹,38,5000,39,2,2,4610,0,_
2333,0,单身🐶,0,3324,22,0,0,3738,0,_
2334,0,你是我的小樱桃。,0,131,4,0,0,284,0,_
2335,0,是欣欣没错,500,3173,225,41,82,12553,1,孩子们的快乐就是这样，开心了就笑，不开心了就哭_
2336,0,杠精2,46,1479,21,10,10,17,0,_
2337,0,刺儿,24,3239,50,2,2,981,1,傻傻傻_
2338,0,拽住星星衣领.,9,75,1690,3,3,1131,1,天天要快乐哦_
2339,0,不要管我是谁。,0,156,2,0,0,427,0,_
2340,0,冬天,5,687,8,0,0,0,0,_
2341,0,用户8774534958324,11,1216,0,0,0,0,0,_
2342,0,清,0,1462,15,0,0,4309,0,_
2343,0,King.魂,1,1418,20,0,1,4003,0,_
2344,0,削之铅,0,1796,4,0,0,2643,0,_
2345,0,🍒,81,199,29,12,12,819,0,_
2346,0,做好自己,0,1948,7,0,0,2029,0,_
2347,0,谁的年少不轻狂，,72,3366,72,7,7,596,1,没有谁离不开谁，只有谁更需要谁_
2348,0,forever.,196,354,29,155,156,384,0,_
2349,0,Ivy. Z,80,52,35,11,11,0,0,_
2350,0,用户8883025143332,0,42,0,0,0,116,0,_
2351,0,破坏,0,726,6,0,0,19,0,_
2352,0,Autism,0,20,0,0,0,0,0,_
2353,0,qzuser,0,1719,2,0,0,747,0,_
2354,0,来了,59,1996,15,38,38,3359,0,_
2355,0,用户9124575218861,0,1023,3,0,0,172,0,_
2356,0,疯狂的小牛,26,260,11,9,9,214,0,_
2357,0,小孩子,0,535,2,0,0,835,0,_
2358,0,帅哥,101,794,11,26,29,1789,0,_
2359,0,用户4369662379759,0,2049,2,0,0,4171,0,_
2360,0,莎糖,6,593,21,2,2,343,0,_
2361,0,可,0,3381,2,0,0,4902,0,_
2362,0,阿,0,413,2,0,0,2887,0,_
2363,0,神,0,11,0,0,0,96,0,_
2364,0,涵,5,1191,7,3,3,2017,0,_
2365,0,小萌主,0,13,2,0,0,376,0,_
2366,0,小草莓🍓。,242,3023,69,25,25,3682,0,_
2367,0,💙小💙螃💙蟹💙,23,2318,16,8,10,3456,1,从开始到未来只为王俊凯_
2368,0,小公主,134,3959,162,16,16,687,0,_
2369,0,银月亮,0,314,0,0,0,2839,0,_
2370,0,玄武国第一刺客：柒,0,2951,27,0,0,7588,0,_
2371,0,我喜欢董文清。,166,913,26,10,10,2248,0,_
2372,0,书之气,0,272,23,0,1,212,0,_
2373,0,学习使我快乐,6,22,9,4,4,196,0,_
2374,0,朱泰宇,0,4186,30,0,0,692,0,_
2375,0,东晨,230,3230,140,23,24,2365,0,_
2376,0,孙悟空,5,2016,28,3,4,5417,0,_
2377,0,用户1785391865083,0,677,4,0,0,1050,0,_
2378,0,月月,8,742,3,14,14,3396,0,_
2379,0,久然,51,3728,52,4,4,9242,1,其实我只是个18岁的小哥哥，可以加我2168911376，谢谢，可以给我点赞吗？我也会去拍和平精英，谢谢。_
2380,0,用户8428308801992,3,1140,1,1,1,928,0,_
2381,0,小爷的人,4,3030,15,2,2,13530,0,_
2382,0,国际可爱部部长,8,1803,8,1,1,2524,0,_
2383,0,😈吴小胖,32,289,46,2,2,2619,0,_
2384,0,用户777650363879,0,650,3,0,0,1244,0,_
2385,0,不熬夜了,0,366,2,0,0,0,0,_
2386,0,芯怡,88,3638,34,39,39,10363,0,_
2387,0,黑了,16,4700,40,7,7,7799,0,_
2388,0,芙蓉_阡陌,3,1521,14,1,1,1064,1,只爱鞠婧祎我行我素，我鞠最醋敢欺负我鞠，我教你做人你是非常可爱的人，真应该遇到最好的人，我也真希望我就是鞠崽崽爱你，加油 (•̀ᴗ•́)و ̑̑宝藏男孩：孙泽源宝藏女孩：吕小雨_
2389,0,✨清颜不会打狙吖✨,40,784,23,12,12,1710,1,vx：18135175939_
2390,0,用户8666396021090,0,749,2,0,0,83,0,_
2391,0,ー个傻瓜。,183,2996,45,150,150,4264,0,_
2392,0,\_憨.先森  ii,7,37,14,0,0,0,0,_
2393,0,日落,54,1971,24,10,10,4593,0,_
2394,0,tan敏,0,1365,11,0,0,315,0,_
2395,0,读书，赏花开,82,54,39,16,17,88,1,品岁月悲欢离合，尝人生酸甜苦辣_
2396,0,用户218136,13,1227,18,1,1,3560,0,_
2397,0,魏无羡,30,4715,56,5,5,1239,1,不哭不哭，眼泪是珍珠，哭多了变猪_
2398,0,空城,0,931,8,0,1,1282,0,_
2399,0,用户2456370822952,0,1154,0,0,0,2136,0,_
2400,0,艾丽,2,191,11,2,2,1887,0,_
2401,0,大将,148,4282,114,48,48,7010,1,黄锦玉_
2402,0,用户4093933205083,4,136,2,4,4,1937,0,_
2403,0,小爷叫关节￥,4,777,26,2,2,1492,0,_
2404,0,星光,0,4608,15,0,3,5442,0,_
2405,0,哇！是李宏毅,10,1046,3,4,4,3186,1,我爱足球⚽️_
2406,0,小问号,11,341,5,5,5,680,0,_
2407,0,随心,16,98,21,2,4,344,1,随心_
2408,0,噬魂.,0,937,3,0,0,7616,0,_
2409,0,社会你琪姐(姐妹社会帮),57,4088,42,0,0,0,0,_
2410,0,Aug王牌精,123,1091,22,17,19,1169,0,_
2411,0,流星月光（ 已有闺蜜）,94,1706,28,74,75,2285,1,大家给我一个小红心，和一个关注吧！爱你们哟！_
2412,0,叶子⁽⁽ଘ😇ଓ⁾⁾,76,1789,11,28,29,275,0,_
2413,0,用户8371448972467,0,344,19,0,0,187,0,_
2414,0,苏山,0,1209,5,1,2,7747,0,_
2415,0,梦露家的西米露✨,91,2716,61,51,51,424,0,_
2416,0,kun♡ikun,18,515,20,5,5,454,0,_
2417,0,爱你一万年,307,724,22,87,87,3080,0,_
2418,0,吃货小老鼠🐭🐭,534,3020,122,133,133,19871,0,_
2419,0,不点赞抬你,42,933,22,14,15,3820,0,_
2420,0,niuniu,0,3298,15,0,0,5411,0,_
2421,0,おβ,0,453,0,0,0,843,0,_
2422,0,天现宝宝,120,393,30,177,177,517,0,_
2423,0,三日月,0,3904,22,0,0,713,0,_
2424,0,小草莓,315,875,151,29,29,0,0,_
2425,0,鸿,20,1503,7,0,0,0,0,_
2426,0,可爱,0,1120,3,0,0,936,0,_
2427,0,杨一人哥,10,1084,10,5,5,1639,0,_
2428,0,故里归长安。,0,999,11,0,0,20430,1,无聊啊_
2429,0,语晴,249,1573,54,30,32,1276,0,_
2430,0,家杰,0,2330,16,0,0,4255,0,_
2431,0,九言,0,604,1,0,0,939,0,_
2432,0,余生哦(超宠粉),87,1542,20,47,47,2356,1,粉丝超过一万，从里面选一个送手册_
2433,0,啊你好,8,1408,9,5,5,2985,1,我是万师。_
2434,0,猴王来也,8,2039,10,0,0,0,0,_
2435,0,奶酪,17,716,33,7,8,1004,0,_
2436,0,幽灵,17,3742,21,4,5,0,0,_
2437,0,雪佛兰之花,8,3342,16,2,2,7456,0,_
2438,0,你的小闺蜜,175,3865,31,42,42,6136,0,_
2439,0,刷王,0,1953,2,0,0,0,0,_
2440,0,kikuru,534,501,29,84,84,2379,1,改天是哪天？下次是哪次，以后？又是多久！_
2441,0,更新中 ......,35,1625,63,4,4,6048,1,需要保洁，月嫂，甲醛检测，玻璃清洗等等家政服务的朋友联系我！联系电话15180740636_
2442,0,宝宝,17,1550,15,5,5,669,0,_
2443,0,🇭🇺🏀🏀🏀🏀🏀🏀,0,597,2,0,0,252,0,_
2444,0,樱桃小丸子,0,1124,3,0,0,0,0,_
2445,0,雨过天睛,0,960,9,0,0,1155,0,_
2446,0,孤芳自赏,0,3121,17,0,0,279,0,_
2447,0,沐辰,0,1729,10,0,0,486,0,_
2448,0,落尘,0,17,3,5,5,62,1,盘她_
2449,0,吃货泰迪熊,0,889,2,3,3,288,0,_
2450,0,向往的生活,5,2204,31,1,1,3575,1,陈咏键_
2451,0,新月彤美妆总店2166650,49,2146,56,14,15,4408,0,_
2452,0,祝子雅,11,4672,66,3,4,7363,0,_
2453,0,宝藏男孩赖冠霖❤️,0,506,4,0,0,4396,0,_
2454,0,挚爱,0,2133,6,0,0,1682,0,_
2455,0,赵姝媛👄赵姝慧,0,1635,18,1,1,1642,0,_
2456,0,蔔蔔星,65,303,13,39,40,592,0,_
2457,0,孤独到老,10,2515,13,1,2,8145,1,……_
2458,0,崔铨(GT牛逼),39,436,3,14,14,1563,0,_
2459,0,用户8249445494444,0,3891,5,0,0,2119,0,_
