0,0,小夢想 大工程,13392,2911,1837,337,337,57164,1,用抖音紀錄喜歡的歌曲_
1,0,偶尔快乐,0,127,5,0,0,2937,0,_
2,0,唯意整体软装,13,294,37,4,4,87,1,手指青天，问前程；往后余生，多指教！_
3,0,SuperMI搞笑影院,3,23,1987,1,20,273,1,❤谢谢你们的关注❤每天持续更新❤每个作品均为原创❤感恩一路有你们的支持与陪伴_
4,0,沁离,0,91,0,0,1,495,0,_
5,0,松茸哥,27717,3936,1189,106,108,699,1,香格里拉松茸供应+批发！美食分享！滋补品分享！吃货♥松茸♥松露♥虫草♥食用菌♥供应链。业余经典电影片段分享。_
6,0,美少女壮士宇,56,7,11,10,10,66,0,_
7,0,小鱼儿,0,112,5,0,0,144,0,_
8,0,木子山珍,200,198,30,39,41,253,1,世界和平   风调雨顺_
9,0,用户4556735095321,259,213,71,11,12,1127,0,_
10,0,用户9460428419930,0,3,0,0,0,0,0,_
11,0,羊驼别吐我口水,0,40,3,0,0,0,0,_
12,0,烬戏心,0,972,42,0,0,3896,0,_
13,0,健         士（鑫锐健身工作室）,1610,3098,1029,53,53,5658,1,鑫锐健身工作室（朝阳大悦城罗马西区36—B2商铺）专注     专攻   一件事_
14,0,Vans-,0,277,5,0,0,146,0,_
15,0,无敌的 胡图图,0,29,0,0,0,44,0,_
16,0,*小迪*,41,438,100,6,7,1415,1,过分的善良会让你丢失  自己的价值和尊严.🤔_
17,0,宝贝贝爷,6430,622,406,65,68,0,1,高品质服装&珠宝资深买手_
18,0,哈哈啦啦,0,40,0,0,0,2,0,_
19,0,可为,7,1025,22,4,4,0,0,_
20,0,丫头,1336,283,331,93,94,3461,0,_
21,0,用户3208815901837,8,469,17,2,3,1338,0,_
22,0,最爱大白菜,1780,3771,217,179,3239,0,1,健康暴富_
23,0,大萌梦的梦,34,176,4,0,0,0,0,_
24,0,囧囧,0,476,79,0,0,269,0,_
25,0,leng呱,0,89,0,0,0,144,0,_
26,0,鲜蜂电影,85,118,115,68,98,279,1,海到无边天作岸 山登绝顶人为峰_
27,0,何生何以不悲伤,21,306,17,1,3,2678,0,_
28,0,我就是我,0,55,1,0,0,3807,0,_
29,0,无先森,0,2378,7,0,0,17589,1,😜😜😜😜😜_
30,0,绝地鸡神老王,0,72,0,0,0,3,0,_
31,0,🏳️🌈,0,2682,402,0,0,32501,1,♡_
32,0,我们之间,120,35,28,81,81,171,1,只愿你们平安健康快乐的长大、别无他求_
33,0,小梦FM98,10,76,28,2,2,3,1,❤感谢优秀的你关注我❤_
34,0,狮子尾巴,51,1225,105,3,5,0,0,_
35,0,要糖糖_391,22,71,24,3,3,3198,0,_
36,0,kevsvke,109,612,89,0,0,0,0,_
37,0,Tiffany🦄,10,1391,26,1,1,1183,0,_
38,0,我,0,43,4,0,0,109,0,_
39,0,我叫维c,0,251,2,0,0,0,0,_
40,0,星钢纹龙,5,719,68,2,3,4131,0,_
41,0,猫猫喵__,3,220,12,0,0,0,0,_
42,0,公主草莓🍓,3571,3468,234,391,1561,12753,1,是金子总会发光发亮的_
43,0,yanmuzzh  and  xn,52,803,118,0,0,0,0,_
44,0,信隆x科技,0,21,2,0,0,118,0,_
45,0,骕骦玄龙,0,2,0,0,0,11,0,_
46,0,用户6779696293313,0,181,17,0,0,143,0,_
47,0,榴莲萌萌爱学习,440,274,1658,23,76,0,1,有趣的语言 高效的沟通_
48,0,？,0,20,14,0,0,0,0,_
49,0,Tanya,5,781,12,1,1,1356,1,有父母就有家_
50,0,周平,18,190,4,2,2,2178,0,_
51,0,人之初,0,1315,165,0,0,1383,0,_
52,0,雅轩,0,217,9,0,0,893,0,_
53,0,sevenmoon,0,1124,27,0,1,1092,0,_
54,0,仙男下凡咯（china）,31,713,10,0,0,0,0,_
55,0,用户8601970666988,0,2507,0,0,0,696,0,_
56,0,逍遥自在,0,128,2,0,0,292,0,_
57,0,大可爱,98,195,34,10,10,0,1,话说多不如少，惟其事勿佞巧_
58,0,Zhangle hu ,104,897,86,17,19,1358,1,V.huzhangle988_
59,0,用户9843559304042,0,1188,20,0,0,2701,1,我是一个新用户_
60,0,❄️❄️,2704,42,82,328,329,2896,1,怦然心动只是刹那惊艳，柴米油盐才是一辈子的生活方式。_
61,0,冥炎,11,2135,6,8,8,6822,0,_
62,0,用户9229418866201,0,356,2,0,0,558,0,_
63,0,rui,0,218,1,0,0,1851,0,_
64,0,朵拉,59,231,13,5,9,3982,1,日常➕日常➕随心_
65,0,10岁@,578,2152,83,83,83,3347,0,_
66,0,小樱桃影视剪辑,0,20,1,0,0,18,1,✨影视剪辑爱好者✨每日更新 经典推荐✨只做精品 来了别走哦✨承蒙各位朋友喜爱、喜欢的朋友➕关注哦💕感谢抖音💕感谢官方v:z13418495958_
67,0,毛哥,26,102,18,4,5,710,1,我是单身人_
68,0,16995379584765,0,104,14,0,0,27,1,。_
69,0,故事几章.,0,203,2,0,0,0,0,_
70,0,经典电影剪辑,32,7,3,3,3,2,1,🌸剪辑经典，分享好剧🌸🌸支持原创，每日更新🌸_
71,0,陈先生（影视混剪）,398,88,354,4,8,12333,1,❤❤坚持分享好的影视片段❤❤❤❤感谢大家的观看❤❤❤❤感谢大家地关注点赞👍❤❤❤感谢抖音，感谢抖音😘😚😗😙_
72,0,isabel2020,0,58,1,0,0,383,0,_
73,0,奶昔公主℃,0,487,1,0,0,1683,0,_
74,0,小宝贝👸👸,291,4106,67,46,46,7597,1,小仙女👯_
75,0,世间美好,12,1085,6,15,16,1142,0,_
76,0,望月,0,40,13,0,0,583,0,_
77,0,根,2092,1858,1295,86,90,4990,1,天道酬勤_
78,0,用户4606944566466,0,14,0,0,0,1125,0,_
79,0,用户358309473814,9,1591,1,6,6,1646,0,_
80,0,孤暮臣（黑化）,30,202,352,1,3,201,1,QQ，2363157890_
81,0,∪･ω･∪,0,485,1,0,0,1029,0,_
82,0,∈(๑‾᷅^‾᷅๑) 嫌弃你,0,6,0,0,0,47,0,_
83,0,偶是迷你世界的老玩家。,639,1257,208,59,60,3406,0,_
84,0,棉花妹妹,65,586,29,7,10,4688,0,_
85,0,may,10,236,25,3,3,4798,0,_
86,0,老许,1395,2495,70,101,101,18006,0,_
87,0,Emma0925,0,1003,15,0,0,6298,0,_
88,0,枫叶电影,0,1,0,0,0,4,0,_
89,0,今生最爱,25,1934,71,2,2,919,1,余生有你，我会珍惜_
90,0,游戏小玩家,28,2083,17,32,34,2810,0,_
91,0,社会普总👿👿👿,3,5,0,5,5,104,0,_
92,0,Annabella,0,197,5,0,0,20,0,_
93,0,岁月的河流,363,884,86,61,63,4280,1,岁月相安、_
94,0,用户7668785691247,39,312,32,5,5,611,1,樊沫含_
95,0,回眸/忋红颜,132,2664,66,58,59,9484,0,_
96,0,王秀坤,20,163,6,8,8,499,0,_
97,0,🍭♡☜♛冯俊茜《小号♞》♛☞♡,116,1867,113,21,21,6231,0,_
98,0,小个子穿搭,946,911,1078,13,13,25,1,❤️关注我，让你照样显高显瘦显气质。❤️每款衣服精心挑选，严控衣服品质。❤️身高158体重44Kg，每晚9点直播穿搭。❤️感谢你们的关注 爱你们呦！！❤️喜欢的小仙女橱窗直接购买哦。_
99,0,机械增压,0,72,0,0,0,3,0,_
100,0,彬彬,295,3740,101,17,17,7442,0,_
101,0,AY,0,22,1,0,0,550,0,_
102,0,Sara Zhang,249,18,53,48,48,20,1,盛唐牡丹（Sheng Tang Peony）创始人&艺术总监。_
103,0,@川影剪辑,4477,115,842,12,19,78,1,💗❤感谢抖音     感谢关注我的朋友❤💗❤💗原创🖥影视剪辑 长期更新💗❤❤💗一个剧情一个故事💗❤💗❤从此不再闹剧荒❤💗💗❤每天都在不断学习❤💗_
104,0,1868280283,0,997,0,0,0,1224,0,_
105,0,艾米姐姐的粉丝,3,373,3,1,1,1181,0,_
106,0,用户9847025793295,0,4,0,0,0,7,0,_
107,0,用户7891177497414,0,381,25,0,0,2485,0,_
108,0,小鱼儿（影视剪辑）,971,511,182,3,3,2963,1,✨感谢官方，感恩关注✨原创高清剪辑，精剪每一帧✨每日更新精彩视频✨关注我，一起告别剧荒✨随缘直播，免费分享剪辑经验，互相学习，共同进步，加油🤝_
109,0,恒弟弟,14,387,21,4,4,1924,0,_
110,0,💪香菜,0,35,15,0,0,4316,0,_
111,0,小鱼儿,360,459,37,0,0,0,0,_
112,0,王子和小美丽是猫,102,2491,17,26,26,3521,1,我的猫我能管好_
113,0,可爱,0,23,0,0,0,0,0,_
114,0,安～知晓我,0,75,0,0,0,125,0,_
115,0,紫苏,0,909,0,0,0,0,0,_
116,0,杀破狼,9,146,6,3,3,416,0,_
117,0,不问世俗,20,187,19,4,5,299,0,_
118,0,小公主,177,2540,58,270,270,5298,0,_
119,0,闲童,32,532,10,16,18,10650,1,爱笑的大三姑娘，要为考研加油啦我是海贼王的海米，很喜欢绿藻头和路飞，其余的也爱通过抖音传播正能量_
120,0,倾城唯欣,507,2424,115,56,58,3477,0,_
121,0,明,185,2004,384,47,47,11792,1,啊啊啊啊啊啊啊啊我晓得的_
122,0,淼,0,54,3,0,0,26,0,_
123,0,若有缘影视剪辑,53,46,37,4,4,115,1,感谢抖音 感谢关注我的朋友✨一个电影一个故事✨从此不再闹剧荒✨评论区每天都会跟大家互动✨_
124,0,天冬,7,53,57,1,6,91,1,慌啥，路还长着呢。_
125,0,永静宥振,264,643,66,0,0,0,0,_
126,0,为哥电影剪辑,527,165,72,9,9,5388,1,☝️喜欢的宝宝们点点关注呦。🤗持续更新优质作品。（做最燃电影）😎热爱电影，持续更新分享。😋感谢抖音提供这么好的平台。 💞  学剪辑加V❤️YAO974522747_
127,0,安妮《琴》,93,39,19,14,14,928,0,_
128,0,可可可…,0,1095,1,0,0,0,0,_
129,0,就是那么帅,3,2809,49,2,2,390,0,_
130,0,贞贞大王,98,407,7,45,46,1080,0,_
131,0,一只特立独行的🐷,174,169,42,39,39,90,1,🌞 and 🌲_
132,0,豆豆😸肉肉😸,0,293,3,0,0,488,0,_
133,0,★迈向巅峰★,146,859,215,13,13,2388,1,岂能尽如人意 但求无愧我心_
134,0,你我约定 小范,0,1006,3,0,1,6391,0,_
135,0,爱玩剪辑,1008,252,282,11,11,388,1,🙏新人剪辑 感谢支持🙏感谢点赞 感谢关注 🙏感谢抖音 感谢平台❤️每日更新 精彩不断_
136,0,马美秀,0,14,0,0,0,6,0,_
137,0,凹利给,0,31,0,0,0,158,0,_
138,0,春暖花开蝴蝶自来,22,11,5,8,15,45,1,"没有过不去的坎,遇事平常心对待。每一天都是崭新的开始。_"
139,0,玖妍~花花,10,1603,23,2,2,8425,1,三人行，必有我闺密_
140,0,柔宝宝,667,2524,115,126,128,5590,1,女_
141,0,用户5388067263655,0,56,4,0,0,163,0,_
142,0,@嘉怡(快快长大),13,114,22,5,5,942,0,_
143,0,天空的微笑,352,2291,54,238,238,1776,1,美好的笑容_
144,0,用户488108,0,17,6,0,0,22,0,_
145,0,晓辉物流,9020,590,491,185,189,2597,1,晓辉物流竭诚为您服务欢迎大家前来咨询_
146,0,阿神的忠诚粉丝,0,280,54,0,1,119,0,_
147,0,南北电影剪辑,6,2,2,2,3,3,0,_
148,0,姚凯博,3,343,4,1,1,235,0,_
149,0,带头大哥168,0,9,15,0,0,2003,0,_
150,0,@知已难寻,742,945,171,85,88,4588,1,好_
151,0,荒天帝,0,91,0,0,0,413,0,_
152,0,墨城烟柳,2,590,19,0,1,0,0,_
153,0,🍼炫酷的震（影剪）,0,7,1,0,0,1,1,🍼持续更新，天更哟～🍼精剪影视，喜欢可以关注一波！🍼感谢关注么么么么么么哒！_
154,0,猫咪爱喝奶昔,0,9,0,0,0,50,0,_
155,0,老百姓人,0,27,0,0,0,0,0,_
156,0,水卜,16,416,9,11,11,824,0,_
157,0,乐乐爱剪辑,0,59,6,0,0,1,1,邪正看眼鼻，真假看嘴唇。功名看气概，富贵看精神。主意看指爪，风波看脚筋。_
158,0,淡水里的热带鱼,58,323,30,9,9,2381,0,_
159,0,Nani,0,270,0,0,0,39,0,_
160,0,家有女儿叫果酱,47,704,26,7,23,488,0,_
161,0,女王,796,1458,90,248,248,3935,0,_
162,0,初夏,36,12,56,2,3,26,1,得罪了一个人，怎么也哄不好他了？_
163,0,love,10,1349,6,2,2,1806,1,可爱的宝贝。_
164,0,坦克和,0,202,2,0,0,86,0,_
165,0,马云的大舅,0,753,8,0,0,1308,0,_
166,0,简单的幸福,4083,2126,1111,282,282,367,1,我是一个活泼可爱的女孩，作为小学生三年级的学生，我有一个小妹妹，我会经常发视频，上学了就不能像现在一样了，你们一定要宠我，爱我哟！我也一样对待你们呦！！！😊😊😊_
167,0,@甜心格格,0,94,45,0,0,221,0,_
168,0,用户6475791313120,3,303,2,2,2,521,0,_
169,0,一画美学,40,1470,26,4,127,1874,0,_
170,0,十一,3,7,71,4,4,43,0,_
171,0,用户6303674666532,0,30,9,0,0,1434,0,_
172,0,18217,0,324,38,0,0,987,0,_
173,0,小魏同学,17,76,11,7,7,965,0,_
174,0,做自己的女王🌸,681,491,132,49,49,3377,1,漂亮叫美女，不漂亮也要有气质💋_
175,0,BBQ,192,54,16,67,85,834,0,_
176,0,用户6074271903552,0,21,0,0,0,374,0,_
177,0,迷醉朝阳,70,569,19,35,36,4428,0,_
178,0,七彩虹剪辑,233,2,13,3,3,0,1,感谢大家支持坚持做好自己_
179,0,小北影视剪辑,0,59,5,0,0,22,1,🇨🇳感谢抖音！感谢官方正能量！🇨🇳🇨🇳原创影视剪辑，长期更新🇨🇳🇨🇳每天都在不断努力学习！感恩！🇨🇳🇨🇳即使不火也会每天保持更新！🇨🇳🇨🇳合作+剪辑教学🇨🇳_
180,0,爱情💓,9,153,3,7,7,137,0,_
181,0,让我想想起什么好,0,24,0,0,0,68,1,谢谢你先一万年太久，只争朝夕。_
182,0,不爱露脸的温柔,12,257,2,4,4,373,0,_
183,0,洁,19,97,6,19,19,218,1,忍受得住破茧成蝶的痛，才能当得起振翅高飞的美_
184,0,帅哥,0,121,1,0,0,7,1,锻炼身体健康，身步，工作室_
185,0,芹,0,19,2,0,0,245,0,_
186,0,开心宝贝,0,269,18,0,0,668,0,_
187,0,猪屁登,133,3386,53,31,31,596,1,传播正能量，从我做起。你若盛开，蝴蝶自来。加油！！！_
188,0,。刁蛮，😘😷,264,4546,70,84,84,8663,0,_
189,0,李君昊,71,155,5,17,17,783,0,_
190,0,$  ^v^  一份守護╮,4,13,8,1,1,87,0,_
191,0,小叶QwQ（冲200粉）暂不更,537,856,133,42,42,1389,1,✌非人(๑•̀ㅂ•́)و✧✌放心不会改名✌生日5.24💚（未生日）✌狮妹玩的6⭐✌100粉（已达成）✌500粉（未达成）✌1000粉送福利💝（未达成）✌10000粉（未达成）✌100万粉露脸👿（未达成）✌我叫小叶一位玩非人的小up👍✌期待你的关注💗_
192,0,我家有俩萌宝,161,66,31,19,19,540,1,记录下生活中的点点滴滴，陪伴着你们长大！就是我最大的幸福_
193,0,聪,0,103,5,0,0,746,0,_
194,0,芳年華月,0,621,2,0,0,2876,0,_
195,0,陈梦雨,18,2518,17,8,8,5067,0,_
196,0,有德必有尸,5,146,24,0,0,230,0,_
197,0,用户7988470174207_灬_·可,3,1466,28,0,1,3829,0,_
198,0,用户8563660127122,0,1138,14,0,0,2093,0,_
199,0,T灬_,16,108,10,6,6,217,1,✨一个电影一个故事✨感谢关注❤❤❤_
200,0,用户1436370820398,29,4767,98,3,3,15565,0,_
201,0,小鋆,42,39,49,4,4,1282,0,_
202,0,圣尊,388,4963,201,42,42,65933,0,_
203,0,梁山伯,0,472,20,0,0,301,1,梁山伯与祝英台_
204,0,小娇娇,5791,76,346,163,166,5268,0,_
205,0,林小岚,1,629,9,1,1,2250,0,_
206,0,小美电影,0,3,0,1,1,39,1,感谢关注，每天更新你想看的！_
207,0,小爱麻麻,228,248,45,61,62,1689,1,用最初的心，陪你走最远的路。_
208,0,喵喵剪辑师,30,85,2,3,3,105,0,_
209,0,九分！,39,1602,110,4,7,276,1,无人与我立黄昏，无人问我粥可温_
210,0,YaoGuang,0,152,6,0,0,0,0,_
211,0,纯子、,57,124,35,3,3,0,1,繁花似锦，只余一人。_
212,0,幸福快乐_20176,2333,228,611,188,189,3358,0,_
213,0,用户1013529838106,2,184,0,2,2,3694,0,_
214,0,喝凉水都长肉,10,1117,37,6,6,0,0,_
215,0,晴晴l,3,37,5,1,1,66,0,_
216,0,初见影视剪辑,724,325,350,3,3,0,1,🌈记录人间冷暖↑关注👏🏻              🌈 记录精彩瞬间         🌈 传播正能量    🌈 承蒙关照_
217,0,用户3190142271979,0,35,0,1,1,12,0,_
218,0,经典电影精彩集锦,13,147,14,6,6,193,0,_
219,0,cuiping5202314,132,494,35,11,11,2418,1,每天笑一笑，每天挥挥手，每天锻炼身体，每天快快乐乐。_
220,0,”,0,321,13,0,1,661,1,爱你😘_
221,0,嗯嗯72505,3923,232,378,242,242,4585,0,_
222,0,用户2683617629671,152,2625,352,31,31,3063,0,_
223,0,Scott,0,2698,86,0,0,2050,1,刚入住抖音，还不熟悉，暂时没作品，烦请看看我的喜欢的段子也不错！_
224,0,昱竹林语,0,1546,100,0,0,2656,0,_
225,0,一K电影,0,64,1,0,0,26,0,_
226,0,@免提声音,25,1076,49,1,2,1445,0,_
227,0,唉，上升说，,54,172,3,15,15,260,1,崔欣_
228,0,Ame,0,226,11,0,0,730,0,_
229,0,博,0,4016,64,0,0,9419,0,_
230,0,疯狂小陆哥,1012837,111,77777,17,25,1331,1,🌟用心去做好每一条视频🌈🌟如有侵权 请联系本人删除🌈🌟感谢抖音提供的短视频平台🌈🌟💌: Li13165818566(交流、合作)🌈_
231,0,出用户8788347029286,0,436,4,0,0,966,0,_
232,0,Waiting,0,109,3,0,0,69,0,_
233,0,用户6175639210221,0,56,1,0,0,245,0,_
234,0,berry3972,0,12,0,0,0,2,0,_
235,0,925,140,93,78,68,68,0,1,做个好梦，醒了继续_
236,0,夕幺儿,954,129,86,219,219,1884,1,快乐是最好的事情。快乐，就在此时，就在此地。_
237,0,杨紫zizi,27,16,0,2,2,42,0,_
238,0,马上好,117,3304,256,3,3,0,0,_
239,0,我叫，哦，噶死的,22,803,7,16,16,657,0,_
240,0,用户4609831124375,17,2084,53,16,16,6110,0,_
241,0,user3467632950469,9,105,10,2,2,480,0,_
242,0,张良,468,4818,123,48,425,12307,0,_
243,0,用户5202587464060,0,460,10,0,0,0,0,_
244,0,杨登新,351,4807,999,8,8,281,0,_
245,0,用户4433393774341,0,7,3,0,0,17,0,_
246,0,咋肥四？,0,33,25,0,0,16,1,不吃饱哪有力气减肥呢！_
247,0,惠安县十全十美服装店,21,88,108,4,4,192,0,_
248,0,华叔剪影,0,12,1,0,0,0,1,优质好片推荐，感谢朋友关注！✨我们一起追剧吧😝_
249,0,草色青,0,150,2,0,0,4,0,_
250,0,小辉,4,6,5,4,4,173,1,加油_
251,0,派大星,0,1328,34,0,0,21365,0,_
252,0,新华木材,812,2691,134,129,132,8212,1,濮阳雨硕建材有限公司_
253,0,♏️👿👿👿,0,619,6,0,1,24,0,_
254,0,用户2685408084423,0,142,1,0,0,137,0,_
255,0,往后余生，，,1613,2412,486,361,361,4167,0,_
256,0,嗨、先森,16,59,40,1,2,175,0,_
257,0,吉思也,0,74,8,0,0,0,0,_
258,0,沉默,101,170,9,21,21,455,0,_
259,0,杨晨曦,326,2676,445,45,46,41198,1,日常剪辑，谢谢大家的观看_
260,0,浅爱♡♡,33,2249,22,22,22,6425,1,女生嗨起来(≧∇≦)/_
261,0,妮妮,0,280,12,0,0,99,0,_
262,0,阿房宫ktv营销经理周倩🍻💗🌹,10730,43,1894,142,155,381,1,生活不必太丧，阳光总会照在你的身上，爱的人总会出现，慢慢生活慢慢相遇😘长得丑的水果都会努力让自己变得甜一点。你看你，不漂亮还不努力，你想自生自灭吗？女孩子要么美一点，要么努力一点；如果又美又努力的话，那就可以拽一点.......🍷👠👗生活不会因为你是女孩子，就善待你，你要安静的优秀，悄无声息的坚强。💪今天的我你看不起，明天的我你高攀不起🍹_
263,0,用户6923901628311,76,3491,40,5,5,9628,0,_
264,0,国宝级马后炮和退堂鼓表演艺术家,0,308,8,0,0,341,0,_
265,0,和平精英uu,10,51,3,3,3,150,0,_
266,0,小白桦,59,1843,22,1,1,5922,0,_
267,0,福尔马林,34,32,11,0,0,0,0,_
268,0,美洋洋,0,1554,121,0,0,7696,0,_
269,0,左云长青村镇银行,1856,204,169,42,47,0,1,同心同行，长伴长青_
270,0,嘻嘻小頑童,90,655,32,15,19,3553,1,經營好心情，就擁有了生活的全部!_
271,0,暖暖❤️爱影视,691,44,261,7,11,0,1,✨视频剪辑爱好者✨承蒙各位喜爱、喜欢的朋友们➕关注哦✨每日视频更新、以后会越来越精彩✨感谢抖音正能量平台_
272,0,用户9005224688307,402,365,178,43,43,1793,0,_
273,0,单单,486,639,196,25,26,1196,0,_
274,0,用户8464632513157,0,90,0,0,0,1,0,_
275,0,天天,0,354,1,0,0,118,0,_
276,0,用户7974855799831,0,93,1,0,0,1044,0,_
277,0,-    ⃢👁-👁⃢    -,110,49,72,13,13,268,0,_
278,0,梦蝶,286,213,64,56,67,186,0,_
279,0,肆无忌惮,0,3409,17,0,0,9905,0,_
280,0,晨晨cc,15862,1999,2322,187,187,0,1,我的世界别人没有资格评判_
281,0,可爱求关注,357,3125,233,30,30,10581,0,_
282,0,🥀☂゛柠檬心酸,168,59,27,17,19,1263,1,創可貼只掩飾傷口，可他治不了疼。_
283,0,用户7070955545482,0,97,0,0,0,870,0,_
284,0,温柳颖,416,3389,300,147,147,6681,0,_
285,0,小番茄影视,5,12,3,1,1,19,1,每天更新，带给大家不一样的观影体验_
286,0,💋园又媛💕,4377,219,1423,75,75,1362,1,用心甘情愿的态度，去过随遇而安的生活_
287,0,用户9203918549496,0,2249,16,0,0,3190,0,_
288,0,善良的死神,20,1940,193,2,2,13,0,_
289,0,壤壤小号2,0,2707,18,0,1,4535,0,_
290,0,刻在书桌上的时光,18,74,9,2,2,22,0,_
291,0,静静的观感,79,7,46,0,0,15,1,抖音新人娱乐人生_
292,0,天天好电影,24196,9,16183,0,1,15,1,😘好电影，好制作😘我负责剪，你负责追ok😘承蒙各位宝贝的喜爱😘感谢抖音，感谢关注我的宝贝们_
293,0,如风如你,0,118,4,0,0,0,0,_
294,0,影视聚会,52,13,3,2,2,64,0,_
295,0,用户9829135207448,36,17,4,19,19,261,0,_
296,0,不化骨,8,2126,9,3,5,16133,0,_
297,0,墨粥啊,3,19,0,3,3,8,1,感谢抖音感谢你用心剪辑每一部影视作品_
298,0,💋糖果妈咪团子爸比,367,115,58,113,131,840,1,💋（甘肃人在新疆）我是糖果妈咪从农村出来的一个女孩记录每天我们的生活希望可以得到你们的喜欢☺☺v19999553814_
299,0,别爱上我,8,281,1,3,3,2938,0,_
300,0,€,6,80,36,0,0,0,0,_
301,0,用户2167826058540,0,1430,3,0,0,2188,0,_
302,0,江郎,1,382,29,0,5,9776,0,_
303,0,钟兔兔,1970,713,204,86,130,0,1,凡是经历，皆为馈赠。_
304,0,小云,4,302,24,3,3,15795,1,小生活～_
305,0,用户4599287199980,0,254,0,0,0,400,0,_
306,0,929,0,126,1,0,0,0,0,_
307,0,舆论,127,2144,48,0,0,0,0,_
308,0,可耐小白,14,891,9,14,14,3694,0,_
309,0,孟正芬,0,1184,14,0,1,662,0,_
310,0,50%先生,17,126,70,0,0,0,0,_
311,0,pumpkin,5,63,9,2,2,774,0,_
312,0,小蝶,159,246,23,42,42,136,0,_
313,0,张庭产品,531,2266,171,114,117,0,1,关注我，song张庭同款面膜，一个月免费🆓用加V:love06090219，13544779019_
314,0,杏子敲阔奈呐☘️✨,1019,448,153,104,114,0,1,杏子֒是֒个֒孤֒单֒的֒女֒孩֒，但֒是֒，人֒生֒中֒有֒多֒少֒人֒是֒和֒也֒你֒一֒样֒的֒呢֒。珍֒惜֒好֒这֒一֒生֒，你֒会֒遇֒见֒那֒个֒瞬֒间֒的֒！_
315,0,山高水远，江湖再见。,113,866,46,0,1,1204,1,南墙我撞了，故事我忘了。_
316,0,cici,0,82,18,0,0,18,0,_
317,0,素心向暖,7,238,29,0,5,432,0,_
318,0,wulito,85,1172,38,13,14,3903,1,简单记录生活～_
319,0,999999999999.99999万人,1,890,1,1,1,608,0,_
320,0,角哥放映室,459,6,45,7,7,10,1,感谢抖音平台🔥感谢有你们的陪伴🔥💪花最少的时间看最棒的影视作品_
321,0,阿飞,5,156,16,0,0,8156,0,_
322,0,天涯,23,147,31,0,0,0,0,_
323,0,今日影视剪辑,0,18,1,0,0,3,1,感谢✨✨抖音让我们在这里相遇✨感谢✨✨亲们的点赞支持♦️关注✨            💫每天更新，精彩影视💫                   🌟感谢你的支持🌟_
324,0,大莆妞,3444,23,1323,2,27,51,1,有些人你不得不佩服_
325,0,安吉丽娜,1682,1254,143,110,110,6177,1,浑身野性_
326,0,土豆,0,515,5,0,0,0,0,_
327,0,🈚名之辈,5,30,3,4,4,4,0,_
328,0,天兰阁,0,19,5,0,0,39,0,_
329,0,用户9819792232852,0,17,2,0,0,16,0,_
330,0,眯着眼旅行,413,253,65,43,43,24668,1,努力生活_
331,0,用户9197554050829,0,1065,6,0,0,3384,0,_
332,0,哥儿瘦,0,260,9,0,0,25,0,_
333,0,来不忘初心,2216,344,216,153,158,0,1,为什么抖音有那么多的单身。。。我怎么就没找到一个呢_
334,0,Lihai,47,36,57,14,14,140,0,_
335,0,冷月邪阳,0,3837,27,0,0,0,0,_
336,0,大尧,4,365,10,3,3,1973,0,_
337,0,奉天打劫,0,278,50,0,0,928,0,_
338,0,用户3618031050244,11,220,14,2,2,12650,0,_
339,0,小猫咪,54,1458,9,13,13,17532,1,我是一个爱吃的小可爱_
340,0,阿斌,67,292,53,10,10,512,0,_
341,0,家有三千金,11,927,19,2,2,3385,0,_
342,0,小破孩,213,464,46,51,51,1935,0,_
343,0,葡萄,0,2940,55,0,0,18853,0,_
344,0,琛🌸,0,217,24,0,0,0,0,_
345,0,开心啊,0,24,0,0,0,15,0,_
346,0,小星星,40,2296,107,15,15,1927,0,_
347,0,小鱼儿,7783,735,1110,741,741,5714,0,_
348,0,木子李,229,101,49,10,60,1769,0,_
349,0,谍影重重0377,7,951,17,20,20,815,0,_
350,0,用户2638629820962,5,4876,30,0,0,0,0,_
351,0,一周秀一波,85,132,75,21,33,0,1,不是很帅，但是我骚啊_
352,0,逃吧,0,151,5,0,0,115,0,_
353,0,小刘的王师傅,0,65,1,0,0,561,0,_
354,0,用户5650355450896,0,21,0,0,0,21,0,_
355,0,护青河。,1,1076,6,0,2,1113,0,_
356,0,福禄寿钢铁超级大宝贝,41,741,48,6,7,1276,0,_
357,0,黑土,17,345,23,1,1,259,0,_
358,0,多乐士力架,0,3173,68,0,0,9,0,_
359,0,志偉,0,2395,40,0,0,5742,0,_
360,0,杭,0,401,2,0,0,0,0,_
361,0,🌊pq,0,103,1,0,0,2206,0,_
362,0,小宝哥,24,169,22,1,2,0,1,～❤❤感恩相遇感恩有你❤❤～～❤❤谢谢朋友们的关注❤❤～_
363,0,Vicki猪,4,149,2,4,5,17,1,小荷才露尖尖角，早有蜻蜓立上头。_
364,0,与25岁书,248,315,77,11,11,1983,1,VX：HellJaneVXgongzhonghao：缪缪不是miumiu_
365,0,张晨,0,4173,70,0,0,0,0,_
366,0,我不叫李渔.,1,506,6,0,1,1944,1,这个季节，很干净没有故事，没有你！_
367,0,Ammerrily🇹🇭,23,150,10,34,34,306,0,_
368,0,习惯了不曾习惯的习惯,4939,1351,2420,74,97,18832,1,如果没有清晨的粥！那就斟满深夜的酒！_
369,0,染宇暄,843,1870,93,191,191,27,1,斯人若彩虹💃遇上方知有_
370,0,太极剪影,1,121,1,0,0,0,0,_
371,0,Sanoxka,234,515,28,4,289,5069,0,_
372,0,玻璃鞋,625,381,80,35,35,0,1,谁寂寞了繁华，埋葬了天涯，散尽一身的戎甲？_
373,0,洁洁,363,140,46,35,36,247,0,_
374,0,邻居家的美阿姨,33,641,55,8,12,1115,1,我家有个魔王👿_
375,0,(*^_^*)可可豆〜,419,197,78,20,20,925,0,_
376,0,🌸～～🌸,27,391,99,2,5,0,0,_
377,0,吃肉長大的瑞米💙,0,360,6,0,0,187,0,_
378,0,Carl,5,292,12,0,0,0,0,_
379,0,用户1456195576272,6,110,4,3,5,48,0,_
380,0,空谷足音,360,652,183,16,60,0,1,耐心和持久胜过激烈和狂热_
381,0,往事如烟,210,371,104,34,37,2110,0,_
382,0,陌，，，，,0,2116,15,0,1,854,0,_
383,0,子不语无为,0,124,1,0,0,165,1,宅_
384,0,夏目君,0,25,1,1,1,130,1,写下关于自己的_
385,0,晴子同学,2,381,2,4,4,369,1,我的性格就是乐，兴趣就是玩，特长就是吃，技能就是懒。加个朋友吧啾咪～_
386,0,用户1231992595633,0,3175,28,0,0,284,0,_
387,0,鹤辞,35,1144,83,0,0,0,0,_
388,0,杨寰,78,71,16,3,3,91,0,_
389,0,熊大爱剪辑,49831,72,5831,26,26,759,1,🙏感恩点赞，感恩关注💕每日更新，只出精品💞不开心时进来乐一乐🏠浩信传媒_
390,0,首之明,37,192,43,0,0,0,0,_
391,0,田野里的小贝子,12,788,9,2,2,4069,1,还是少年的那个自己。。。_
392,0,用户1326545988855,0,137,18,0,0,0,0,_
393,0,开普勒452b,1,688,32,0,2,0,0,_
394,0,那么多,16,34,13,2,2,99,0,_
395,0,风流倜傥张总。,0,82,2,0,0,359,0,_
396,0,用户5828899211351,12,32,15,1,1,25,0,_
397,0,用户2144145368771,0,1615,18,0,0,8405,0,_
398,0,dizzie,179,132,29,29,30,308,0,_
399,0,移步电影,1548,119,143,23,23,0,1,点点关注不迷路！🤟关注我每天精彩好剧不断！谢谢你这么好看还关注我！_
400,0,女孩^O^,0,4225,52,0,0,9419,1,你好，我是女孩_
401,0,阿川,27,445,14,3,3,887,0,_
402,0,老司机影视,0,99,10,0,0,116,1,感谢抖音！感谢您的关注！一首音乐  一个故事！评论区每天都会跟大家互动！_
403,0,用户3274629417760,0,549,8,0,0,554,0,_
404,0,木子李,205,512,29,54,54,2892,1,过去等于死亡，展望美好的未来，一切向好的方面想🙏_
405,0,迪康姆影视剪辑,125,91,9,3,3,16,1,👉感谢关注！精选影视剪辑！🔥喜欢指数★★★★★🔥播放指数★★★★★---------------------感谢抖音，感谢官方！原创剪辑，请勿搬运！_
406,0,西布波波,824,872,94,42,43,10837,0,_
407,0,凹凸曼暴打小怪兽,0,81,4,0,0,1484,0,_
408,0,小希的爹,0,831,1,0,0,0,0,_
409,0,跟我追剧吧,1289842,49,96715,72,72,725,1,💕 感谢官方 感谢抖音平台 💕_
410,0,"Adam,",21,181,53,1,2,114,1,😋_
411,0,inevato,0,1964,3,0,0,0,0,_
412,0,TH,14,2087,14,5,6,5499,1,Tom Holland 爱你三千遍_
413,0,Jaymei,242,670,50,28,36,3213,0,_
414,0,？？？,0,432,1,0,0,7,0,_
415,0,＠浅韧星辰＠,1,74,6,1,1,880,0,_
416,0,宝宝赵,115,55,40,18,18,0,1,有時歡喜有時憂_
417,0,共清欢,0,88,1,0,0,8175,0,_
418,0,🦞🦞🦞🦞🦞🦞🦞🦞,0,1491,8,0,0,5399,0,_
419,0,儒林居小张,4,488,16,3,3,61,1,梦荣源智能科技有限公司_
420,0,张伟,0,3268,26,0,0,6442,0,_
421,0,阿虎,0,809,20,0,0,1848,0,_
422,0,小韵音,13,331,9,11,11,743,0,_
423,0,老何,0,63,18,0,0,280,0,_
424,0,一颗甜桃🍑,1000,1151,51,129,211,29784,1,爱自己是终身浪漫的开始_
425,0,用户1661050110646,0,10,0,0,0,29,0,_
426,0,虎牙宠粉小答人,3,623,1,3,3,0,0,_
427,0,Summer,39,219,16,8,8,435,0,_
428,0,玖辞贝蒂,158,3487,147,17,18,50072,0,_
429,0,🌕🌖🌗🌘🌑🌒🌓🌔🌚,457,4646,49,188,188,56332,1,哈_
430,0,好想喝奶茶,0,58,24,0,0,4858,0,_
431,0,哒哒,0,13,0,0,0,0,0,_
432,0,Cccci,56,890,25,0,0,0,0,_
433,0,张君浩小宝宝,223,1307,15,30,32,0,1,这是什么点一下试试谢谢你的关注。_
434,0,用户7430867546,0,31,1,0,0,35,0,_
435,0,宝葫芦,0,744,2,0,0,0,0,_
436,0,蒙娜翠花,0,79,1,0,0,0,0,_
437,0,sayra,248,1094,697,5,42,1821,0,_
438,0,见你在人群中,133,18,33,16,137,292,1,一味的付出，却不知自己背后早已伤痕累累_
439,0,呆呆酱2018,253,202,55,106,107,598,1,苏州土著，园林看门人_
440,0,龖鸞鏚,36,602,6,11,14,3066,0,_
441,0,一个学舞蹈的女孩，叫海鹏依！！！🦄🦄,370,1088,40,96,97,9390,1,妄想暴富的女孩！💁💁💁💁💁💋💋_
442,0,新新点灯,0,54,0,0,0,0,0,_
443,0,Byron,338,833,171,39,40,191,1,Only the strong survive._
444,0,无奈,0,101,0,0,0,50,0,_
445,0,毛毛不是猫猫,4,41,11,5,5,15,0,_
446,0,玉白水,197,4768,283,13,13,7704,0,_
447,0,用户9094280263957,4,1207,14,14,14,3064,0,_
448,0,您不我图网,0,40,0,0,0,27,0,_
449,0,丹丹,0,251,3,0,0,2981,0,_
450,0,用户1352676303418,0,14,0,0,0,22,0,_
451,0,杨章舜,0,2761,23,0,0,6396,0,_
452,0,Fancyer,7,274,6,2,2,4203,0,_
453,0,用户3235538976306,0,287,1,0,0,716,0,_
454,0,陈小艳,1722,488,150,36,36,2177,0,_
455,0,浅笑心柔,77,1290,12,6,6,4272,0,_
456,0,可爰兔,0,2077,7,0,0,4956,0,_
457,0,浪险猴陪你看电影,11106,558,513,19,19,1778,1,🎬感谢官方，影视剪辑，每日更新🎬✨天天追剧，承蒙厚爱✨🎥近期更新中_
458,0,用户8632274641696,0,335,2,0,0,513,0,_
459,0,momoko,0,564,5,0,0,2298,0,_
460,0,清⃠风⃠暖⃠酒,0,2120,24,0,0,18109,0,_
461,0,佳伟老鼠,0,2314,11,0,0,3493,0,_
462,0,不用惊讶，就是本尊。,0,57,14,0,0,8850,0,_
463,0,迷惑龙,10,660,36,1,1,11067,0,_
464,0,渺渺,691,166,172,51,51,0,1,生活明朗，万物可爱，人间值得，未来可期！_
465,0,卓凡,2,1013,14,0,1,3056,0,_
466,0,居家好物精选,31480,339,2124,29,72,116,1,每日分享最实用的好物，关注我。商品都在商品橱窗里哦，陆陆续续都会上新的，感谢支持_
467,0,用户7443056626,0,322,0,0,0,582,0,_
468,0,喜凤,8773,617,741,84,91,59165,1,哦哦_
469,0,emmmmm,0,932,7,0,0,537,0,_
470,0,爱依旧,0,104,25,0,0,600,0,_
471,0,小妖影视,20650,75,10105,48,48,0,1,看电影，体验百款人生！_
472,0,在刀锋上起舞,0,2289,9,0,0,0,0,_
473,0,用户7519487253191,2,578,2,1,1,1908,0,_
474,0,123园,1,19,0,1,1,93,0,_
475,0,皮豆豆,83,150,29,30,30,256,1,2010年和老公大学毕业一穷二白啥也没有开始在上海奋斗，一路结婚生子买房买车全部靠自己。_
476,0,剪辑师-Miss,36,12,0,2,5,0,1,谢谢关注_
477,0,冬眠May,29,48,11,10,10,24,1,以梦为马，诗酒趁年华_
478,0,李日宣,0,129,38,0,0,0,0,_
479,0,乔巴剪辑,15,30,13,5,7,356,1,让你在刷抖音的时候也不会错过每一部精彩的最新电影。_
480,0,陳陳🍒,0,453,5,0,0,0,0,_
481,0,持酒劝斜阳,17,2152,36,4,5,19517,0,_
482,0,哪吒在吃瓜,17,951,66,6,6,1433,0,_
483,0,Grey trajectory 小野豹,550,4034,342,233,394,5588,1,感谢老铁多多支持独角兽 加入粉丝团 不喜欢点点小红心_
484,0,代号七,2,1652,6,2,3,5388,1,记性都很好打个电话度第一个_
485,0,用户2186194803629,0,158,0,0,0,227,0,_
486,0,林正英,113,1030,22,94,95,1825,0,_
487,0,在线观看视频直播,0,274,20,0,0,1863,0,_
488,0,星星影视剪刀手,56,70,13,5,6,60,1,如果你想看好剧好电影🎬关注我就对了🙋🏻‍♂️🙋🏻‍♂️🙋🏻‍♂️只推荐自己看过三遍以上的👍🏻👍🏻👍🏻评论区每天互动👭🏻👫🏻_
489,0,欲,0,2653,5,0,0,7959,0,_
490,0,用户8600510109864,0,1444,42,0,0,12127,0,_
491,0,用户2517696261828,0,3308,9,0,0,2418,0,_
492,0,依曼,16,263,30,6,6,1051,0,_
493,0,左影,0,9,2,1,1,0,1,电影是生活的光点 ✨分享点亮我生活的那些电影瞬间🎬再用这些瞬间点亮你💕专注原创 🌈 用心分享_
494,0,小珍🌺,994,116,72,72,72,4246,1,抖音记录美好生活！分享快乐！感谢抖音官方，一起成长_
495,0,奈奈生,35,2284,62,19,20,5727,0,_
496,0,欢迎咨询,0,96,1,1,1,34,0,_
497,0,小企鹅,0,3056,31,0,0,468,0,_
498,0,灵公主,2046,2087,606,345,348,4308,0,_
499,0,施施,3106,1398,235,131,132,10134,0,_
500,0,小白-影视剪辑,206,428,94,5,19,678,1,🇨🇳影视剪辑爱好者🇨🇳🇨🇳我不专业但坚持原创🇨🇳🇨🇳你们的♥️与➕关注是我前进的动力🇨🇳🇨🇳感谢抖音💞感谢官方💞🇨🇳🇨🇳感谢所有点赞♥️关注我的朋友🇨🇳_
501,0,琳,0,561,5,0,0,1830,0,_
502,0,我的心好冷,0,117,14,0,0,12,1,你姿势都是我教的。_
503,0,念念,0,66,4,1,1,115,0,_
504,0,hanhhanhmy,7,853,2,5,5,700,0,_
505,0,哈尔滨点绿蒸汽洗车机生产加销售,211,2822,21,108,108,547,1,微信13845053265本厂专业生产厂蒸汽洗车设备，支持贴牌生产，代加工，交生产技术，欢迎老铁实地考察_
506,0,用户9027545177810,0,176,12,0,0,778,0,_
507,0,笑忘歌剪辑,10917,57,1114,8,8,0,1,感谢官方正能量平台感谢大家的点击与支持感谢你们的关注，谢谢用❤️做好每一个视频✨_
508,0,你懂得,524,375,192,22,23,9115,0,_
509,0,知足长乐,782,1423,137,47,80,3293,0,_
510,0,柠萌丫头（楠风）♡,0,3418,17,0,0,2200,1,什么都别说，开头像_
511,0,✨星柳泽梦✨(毒家管理员🌝),400,2028,589,38,38,4536,1,很宠粉是个单身狗🐕🌚可以找我处关系🌚🌝🌚🌝🌚🌝可以在我视频底下宣传但是不可以骂我🌚🌝不喜欢我可以滚🌝别在我视频底下骂🌚粉丝名柳叶giao！🌚🌝_
512,0,忠于自己🌹,1083,407,174,67,67,422,0,_
513,0,XX明_,0,316,28,2,2,485,0,_
514,0,杨司令,94,373,89,0,0,0,1,余生很贵都别浪费_
515,0,阿岚,0,203,51,0,0,7450,0,_
516,0,琪琪和珂珂,17,818,6,15,16,1247,0,_
517,0,灶门炭治郎,0,113,3,0,0,0,0,_
518,0,^_^)Y小bo,1463,188,117,312,313,241,1,我不要你觉得   我只要我觉得_
519,0,YY,0,434,27,0,0,1039,0,_
520,0,摔倒不伤车,0,101,0,0,0,0,0,_
521,0,A林,37,117,48,10,38,941,0,_
522,0,是莉子啊,97,707,102,14,14,263,0,_
523,0,小妍,0,3642,81,0,0,0,0,_
524,0,青睐.,0,21,8,0,0,0,0,_
525,0,万万说电影,457,77,94,4,4,67,1,✨热爱电影，热爱剪辑✨感谢官方，感谢关注✨持续更新好看的影视作品✨每日一看，体验不一样的精彩_
526,0,会☀🌟,47,348,18,6,6,1906,0,_
527,0,颍侠,0,61,8,0,0,429,0,_
528,0,宁宁,45,189,25,5,6,121,1,nn_
529,0,帝少宇,0,146,1,0,0,1,0,_
530,0,用户9258913352970,64,411,17,15,15,1540,0,_
531,0,我就是我,0,27,26,0,0,11,0,_
532,0,最坑女友,62825,32,579,0,0,0,0,_
533,0,吕嘉泽,52,983,27,38,38,613,0,_
534,0,小猫猫,6,140,21,16,16,18,1,喜欢的就关注_
535,0,A-麦吉丽~阿卉,340,2780,422,29,88,1501,1,⍢⃝⍤⃝⍨⃝∵⃝⍥⃝⍩⃝⃜ 发财和发朋友圈总要有一个吧微信18842665569_
536,0,萱仔,0,4586,56,0,0,30274,0,_
537,0,lfyispig,1,376,2,0,0,0,0,_
538,0,京剧猫～夏欣的果冻（迷你世界）,130,904,32,46,46,7989,1,给你一一个关注哦，和一个爱心。_
539,0,玖曦xi,3,1107,11,1,1,5722,1,哈哈还需要你们给我分享文案哦以后我会跟你们分享更多好听的文案的_
540,0,用户3169270189216,6,361,4,4,4,920,0,_
541,0,用户6215643529028,0,16,1,0,0,135,0,_
542,0,周小欧,0,18,1,0,1,96,1,人生如戏_
543,0,腻害的小灰灰,9,194,14,2,2,701,0,_
544,0,小朵儿,14,1389,50,4,7,8380,0,_
545,0,兵王,0,3106,10,0,0,3877,0,_
546,0,追剧王～青青姐,0,137,2,0,0,230,1,❤感谢这么漂亮帅气的你们来关注我❤      ❤            ❤           ❤          ❤              ❤           ❤           ❤           ❤                     ❤感谢你们的关注❤_
547,0,极简主义,0,17,82,0,0,110,1,向往自由的生活_
548,0,幸福的天使,579,295,93,34,34,5690,0,_
549,0,姝姝,75499,376,8297,106,116,15364,1,70后_
550,0,荷二,0,119,19,0,0,268,0,_
551,0,🌈大敏子er,1,227,4,0,1,322,1,喵姐要坚强🌊_
552,0,荒门,15286,514,2082,1,1,0,1,打开这扇门就不会再迷路感谢您的关注_
553,0,JunZhe,34,1046,66,4,5,39950,1,发型V  w18839947657_
554,0,南笙月如°,42,2075,37,5,5,30740,1,怦然心动_
555,0,和平精英   仙鹤,0,1543,13,0,0,772,0,_
556,0,老天失,410,4558,248,13,13,85813,0,_
557,0,Y288460,0,347,2,0,0,8,0,_
558,0,笙笙,0,90,9,0,0,101,0,_
559,0,用户6671138134065,0,167,0,0,0,157,0,_
560,0,小草莓🍓🍓,0,41,0,0,0,214,0,_
561,0,菲,5,258,32,0,1,30594,1,你能无底线的原谅谁，谁就能无底线的伤害你 。_
562,0,缘分一道桥,131,3572,69,32,33,6607,1,越努力越幸运越奋斗越幸福_
563,0,Axng,0,4632,68,0,0,57975,1,你关注我，我就告诉你简介是什么。_
564,0,用户957902226565,2,51,10,2,2,319,0,_
565,0,🦔小刺猬音乐✨,315,936,549,42,44,182,0,_
566,0,DCM,0,498,26,0,0,1287,0,_
567,0,最强影视剪辑,190,122,338,10,10,18,1,🇨🇳做抖音最强的人🇨🇳_
568,0,Kelly,2,47,7,0,7,7141,1,岁月静好！_
569,0,我要退抖了😭😭😭( •̥́ ˍ •,633,310,34,154,154,1278,1,爱豆是杨紫_
570,0,錢勢金生,0,444,43,0,0,724,1,"我送你一條長虹,讓你從年頭紅到年尾._"
571,0,肖烟四起，为战而来,640,3857,190,75,75,14330,0,_
572,0,哈达密,0,471,26,0,0,2036,0,_
573,0,fala,0,329,22,0,0,0,1,嘿，理想必须热爱呀～_
574,0,夜长梦还多,0,249,2,0,2,1364,1,疯魔_
575,0,Helen,15,126,25,3,3,522,1,A joke can turn into a bright future!_
576,0,Bin-香槟,23,1553,15,4,7,5378,1,香槟香槟，最爱于斌_
577,0,天道酬勤,19,93,2,4,4,139,0,_
578,0,捕捉会消逝的风,44,639,124,6,8,263,0,_
579,0,jerry云铮,0,4443,181,0,1,6748,0,_
580,0,姐我们不能吃饭店里面,18,2517,11,6,6,30784,1,和做朋友吗，带你大和平精英_
581,0,灰灰妈妈,3620,631,278,120,120,881,0,_
582,0,汪晓楠,8,87,12,2,3,580,0,_
583,0,老家，人,0,42,5,0,0,76,0,_
584,0,🈚️,0,1157,58,0,0,0,0,_
585,0,user3839197303866,32,128,14,12,12,0,0,_
586,0,🌈云霄,566,565,331,5,169,1784,0,_
587,0,若如初见,106,163,21,22,22,247,0,_
588,0,Yu,122,36,41,0,0,0,0,_
589,0,用户8064829733199,296,1332,25,126,128,3831,1,我喜欢你_
590,0,幼棠儿～,28,949,10,7,8,343,0,_
591,0,电剧小班长,23,1757,19,16,16,2695,0,_
592,0,用户8114567347566,0,15,0,0,0,0,0,_
593,0,亚黎哥说电影,243,64,136,0,176,44808,1,❤🙏原创电影解说，分享电影正能量🙏❤点赞、评论、关注我，是对我最大的鼓励和支持！❤❤美好时光，向阳生长，阿黎与你同行！❤❤_
594,0,再忆萧珊,94,44,25,20,21,88,0,_
595,0,萍,14,364,45,2,2,858,1,偶lo/_
596,0,曦铄,364,4998,1718,10,10,4833,0,_
597,0,低唱，伤的曲,0,3277,19,0,0,138,0,_
598,0,他的她,0,174,17,0,0,2094,0,_
599,0,小龟儿,86,1433,16,26,26,3947,0,_
600,0,愤怒的仙人球,301,2095,14,61,68,0,1,非熟人勿关，谢谢。_
601,0,Monkey,0,134,18,0,0,1831,0,_
602,0,棒棒要开花,74,127,27,12,12,42,1,嗷呜～呸_
603,0,强燕,36,295,24,3,18,488,0,_
604,0,用户4525325834320,0,4,1,0,0,17,0,_
605,0,夏天的彩红,39,867,45,15,15,2649,0,_
606,0,林林,47,712,27,3,3,2095,1,简单不失平凡的你_
607,0,用户4852166862232,2,61,8,0,0,0,0,_
608,0,sun,4,1300,21,3,3,8,0,_
609,0,靠谁都不如靠自己,113,983,128,1,251,2507,1,努力过自己想过的生活_
610,0,逝水流年轻染尘 、,0,379,6,0,0,6022,0,_
611,0,张国强,0,3405,14,0,0,2738,0,_
612,0,用户1840089070088,2,284,3,3,3,620,0,_
613,0,用户291199802680,5,210,65,1,1,2906,0,_
614,0,呼叫9527,302,1016,103,21,21,971,0,_
615,0,憨憨不憨,0,436,13,0,0,7918,1,晨阳初露，望卿安好_
616,0,可乐璇，彤米乐,23,3000,34,10,10,2264,0,_
617,0,风痕,9,8,27,1,1,142,1,淡然处之。。_
618,0,丽,2643,120,175,427,427,488,0,_
619,0,582,0,4635,2,0,0,7339,0,_
620,0,记得你的温柔,7,227,13,1,1,122976,0,_
621,0,筱原千雪,0,1246,2,0,0,0,0,_
622,0,蓝檬,0,2437,7,0,0,0,0,_
623,0,Nymph🍑,4286,827,1009,28,189,25242,1,张一山的小朋友_
624,0,好奇宝宝,40,486,24,6,6,8968,0,_
625,0,幸福不远💗💗,1441,319,81,159,159,13880,0,_
626,0,冷青血👫,850,3903,751,0,0,0,0,_
627,0,乐高机器人大战,4,1733,8,0,0,0,0,_
628,0,十四,14,205,24,4,5,10359,0,_
629,0,用户1431777898560,0,823,15,0,0,3853,0,_
630,0,用户2145705701406,44,5000,10,0,0,0,0,_
631,0,Гррр,13,3880,36,5,5,1047,0,_
632,0,葛耀耀,0,12,5,0,0,313,0,_
633,0,公主的梦想,0,954,4,0,0,1120,0,_
634,0,凯凯520,48,407,38,15,15,1661,0,_
635,0,哈苯儿，秋,97,1555,167,19,25,4841,1,余生自己做主，随心……随缘，输赢不悔_
636,0,是,0,3951,50,0,0,7534,0,_
637,0,用户9603296997798,15,2368,33,2,2,4013,0,_
638,0,刘梦涵,163,49,45,27,27,0,0,_
639,0,搞笑一哥,84,112,36,3,14,229,1,搞笑是我的乐趣，开心是你的专利。感谢点击关注，希望能给你们带来更多的开心快乐。_
640,0,用户7041621548604,0,2,5,0,0,39,0,_
641,0,小兴兴,0,15,0,0,0,36,0,_
642,0,缘来缘去,59,29,8,0,0,0,0,_
643,0,吉莉安妮,15,33,4,9,9,0,0,_
644,0,用户6943060941502,0,265,0,0,0,10,0,_
645,0,雪儿,216,1750,134,43,43,9094,0,_
646,0,卡门里,229,1042,71,49,178,41382,0,_
647,0,丽江悦宿,18,793,48,7,47,360,1,佩琪一日同风起，随风直上九万里😄_
648,0,敏鱼儿,32,7,34,4,5,14,1,独特的味道，恬美的微笑，一切都明了_
649,0,用户7237726170574,0,89,17,0,0,110,0,_
650,0,嗨嗨任性的小花***,1,280,41,0,0,0,0,_
651,0,仍,0,387,21,0,0,228,0,_
652,0,幸福,855,223,57,144,144,4539,1,爱笑的女孩运气不会太差，愿你笑容坦荡，眼里都是阳光_
653,0,安琪爱追剧,23494,176,5194,22,24,104,1,⭐️原创剪辑，搬运必究🔥 ⭐️谢谢关注，承蒙厚爱🔥🔥🔥✨手机影视剪辑学习➕❤️DF32600🏠御今文化_
654,0,泡沫之夏,254,177,101,17,19,0,0,_
655,0,电话,0,269,1,0,0,10,0,_
656,0,钢化李铁蛋,18,2261,33,0,0,0,0,_
657,0,小Zozo,637,233,75,52,59,788,0,_
658,0,阿si,27,681,25,3,3,17,0,_
659,0,淳于雅量,0,129,20,0,0,135,1,朝花夕拾_
660,0,💋话不投机半句多💋,174,102,50,6,7,247,1,度过大难，将有大成，继续努力，终成大器_
661,0,成呵呵,1,29,0,1,1,28,0,_
662,0,达不到就努力,8,325,14,3,7,1934,0,_
663,0,叫我“萌萌”,175,1107,32,75,76,0,0,_
664,0,海静月圆,1005,348,3261,0,0,0,0,_
665,0,文奇,26,83,23,1,1,643,1,谢谢你的关注_
666,0,冰清玉洁峰少爷丶,8,261,28,16,16,516,1,国产动漫精彩视频分享_
667,0,선녀예요,0,74,0,0,0,80,0,_
668,0,忏悔者,18,58,26,0,0,0,0,_
669,0,荣荣慢生活,0,92,7,0,0,87,1,慢生活，慢美好每一处停泊的风景中都藏着你的故事联系 vx：ryx_1234567_
670,0,小  汤包,35,180,47,6,6,737,0,_
671,0,原来的我,0,125,49,0,0,497,0,_
672,0,傻啦啦,367,305,618,0,0,0,0,_
673,0,星影像,310437,101,40377,42,42,0,1,🌈一名老剧粉📺🌈主更8090年代港台女星💋🌈不分排名🤗     感谢关注🌹_
674,0,空空,0,899,27,0,0,10109,1,水_
675,0,西贝Fang,137,104,106,21,21,0,1,动情燃烧的不是激情，是生命！_
676,0,高尚,0,333,5,0,0,1594,1,骆王宇._
677,0,细雨暗语,84,61,60,12,12,2104,0,_
678,0,Victoria,89,400,37,15,15,565,1,V❤️：13507325925_
679,0,故人已走茶未凉,87358,1674,2245,14,17,10130,0,_
680,0,彭生,367,68,48,55,55,460,0,_
681,0,未央歌,30,4506,96,0,0,0,0,_
682,0,梅子,106,147,106,4,13,1306,0,_
683,0,w.,4,32,5,1,1,0,0,_
684,0,陆安东,150790,2626,8588,113,115,2110,1,🧣：陆安东_
685,0,几分喜欢♡GT,37,3556,28,4,4,0,0,_
686,0,瘾 男,34,161,75,10,10,159,0,_
687,0,暄墨,26,84,71,2,2,39,0,_
688,0,用户7182026262865,0,11,0,0,0,12,0,_
689,0,用户5226195008537,0,410,1,0,1,1254,0,_
690,0,阿哈,3686,3767,3636,30,30,0,1,世人万千，再难遇我_
691,0,心情很不美丽,23,469,34,4,4,7205,0,_
692,0,洲,0,231,1,0,0,204,0,_
693,0,家有儿女,2073,376,214,52,53,1431,1,努力过好每一天_
694,0,LYJ,59,2300,129,0,0,0,0,_
695,0,微笑,0,86,4,0,0,0,0,_
696,0,小阿染,8052,508,1028,79,87,3338,0,_
697,0,我和她说,0,18,19,0,0,49,0,_
698,0,Polaris,0,270,0,0,0,1178,0,_
699,0,linnn,2,90,14,0,0,371,0,_
