0,0,lg0=...,100,145,54,20,23,824,0,_
1,0,泪雨情意,2,970,7,1,1,53,0,_
2,0,子非鱼kinda,26,197,10,8,8,1273,0,_
3,0,浅眸,215,430,65,28,32,0,0,_
4,0,正步走青春,616,1698,83,0,0,0,0,_
5,0,A·King,132,84,37,17,17,2061,0,_
6,0,天之蓝海之澜,83,26,71,18,18,492,0,_
7,0,李先生与狗,71,280,51,18,21,0,1,Vb：李先生与狗_
8,0,平平无奇的追剧小天才,120,26,1,3,3,261,1,🌸分享我认为的美好生活～～_
9,0,噤,2,157,5,0,0,0,0,_
10,0,珍惜眼前人,0,587,4,0,0,1554,0,_
11,0,哩最靓,117,1952,439,17,19,2914,1,记录生活，纯属娱乐_
12,0,阿苏勒,8,125,34,1,1,1115,0,_
13,0,假想敌，,0,88,28,0,1,2191,0,_
14,0,LSX2020,4,331,11,1,1,3181,0,_
15,0,用户706640710218,0,20,2,0,0,40,0,_
16,0,Kevin ,0,370,17,0,0,0,1,动心忍性_
17,0,A~永爱梦迪,1194,484,114,77,77,1967,1,谢谢你的关注！_
18,0,Shawn,16,88,19,4,7,299,0,_
19,0,用户3308535871851,0,23,0,0,0,2818,0,_
20,0,。。。,0,235,2,0,0,341,0,_
21,0,锡,0,52,8,0,0,0,0,_
22,0,WK,3,688,21,0,0,0,0,_
23,0,用户264441911680,0,85,1,0,0,97,0,_
24,0,猪猪女孩,17661,1922,6889,24,24,0,1,茫茫人海中 🌞很幸运能遇见你 ins：chenshishicc_
25,0,用户9639790806929,0,137,5,0,0,247,0,_
26,0,尘祭,0,150,7,0,0,1508,0,_
27,0,永恒！,68,60,45,21,21,126,1,很多人走着走着就变了_
28,0,舟舟舟舟舟🏄🏻,0,1303,13,0,0,52,0,_
29,0,红门北斗门业,144,538,306,12,40,0,0,_
30,0,Cceileen,107,80,16,10,10,0,1,VX：eileen_choi_
31,0,用户6092904325879,14,195,7,9,9,526,0,_
32,0,Up ,0,1036,13,0,0,0,0,_
33,0,男神伊伊.,5,26,7,2,2,73,1,— 道不同不相为谋 ._
34,0,Miss Xue,0,79,14,0,0,4825,1,想象一下与外国人自由交流的画面，动力就来了！_
35,0,王繁,0,522,2,0,0,0,0,_
36,0,【破@晓】,27,674,33,5,5,646,1,今天不走，明天要跑_
37,0,护手霜,0,88,2,0,0,1151,0,_
38,0,滔滔,47,210,49,4,6,1533,0,_
39,0,@雨后的天空,0,216,4,0,0,239,0,_
40,0,醋溜橙,42,477,34,11,11,1510,0,_
41,0,张天,63846,633,4496,0,0,0,0,_
42,0,梅超风,0,614,19,0,0,157,0,_
43,0,云卷云舒🍀,16,709,11,2,6,0,1,向着阳光不断的成长_
44,0,Forward,122,1319,56,6,6,0,0,_
45,0,纯白色,0,429,39,0,0,434,0,_
46,0,98老阿姨🙋‍♀️,60,163,68,0,0,0,0,_
47,0,山海浪漫,0,681,14,0,0,0,0,_
48,0,Turbo,39,1129,66,5,8,522,0,_
49,0,tony爱音乐,0,1253,88,0,0,0,1,我感觉你身上有血，因为你的手是热乎乎_
50,0,BLUE,31,217,9,5,125,68,0,_
51,0,大河马,0,16,0,0,0,0,0,_
52,0,九月,0,6,2,0,0,8,1,越平静，越强大_
53,0,阳仔2019,115420,2155,1307,46,5464,14052,1,🎀无论何时💯机会永远属于努力寻找的人_
54,0,显示快乐,1,72,0,1,1,0,0,_
55,0,昵称已重置,0,214,10,0,0,1340,0,_
56,0,24i,163,254,33,17,52,3423,0,_
57,0,小鲜女🌸,1424,815,40,45,50,921,1,平时喜欢剪一些可可爱爱的小片子❤️超级喜欢本🌼猪猪🐷威廉120👀娜恩🍎各种皮，花样嗨谢谢点赞和喜欢💕_
58,0,～坎肩,2,450,23,0,0,0,0,_
59,0,千年老人,0,397,9,0,0,0,0,_
60,0,用户8234497474619,0,28,0,0,0,90,0,_
61,0,酒瓶,16,782,47,0,27,0,1,有温度老男孩👶🏻_
62,0,七一,45,307,50,6,11,1287,1,你若精彩，天自安排_
63,0,圆桌雪茄派,2,628,9,5,5,5291,0,_
64,0,运城有啥谝啥,6512,4615,1418,211,219,22278,1,大家认识个缘份，认识你真好，我在直播间等你 昵称：爱谝啥的兵兵欢迎大家进直播间_
65,0,谏言,1,499,14,1,1,1493,0,_
66,0,几久,0,199,10,0,0,328,0,_
67,0,Liwen,0,404,3,0,0,1838,0,_
68,0,1000km see you,318,413,71,51,77,11555,1,爱美的大头虾_
69,0,音伴终身,63,2778,130,2,2,0,0,_
70,0,巨星家族,0,610,9,0,0,486,0,_
71,0,Ben,0,1019,4,0,0,1452,0,_
72,0,Callcallcallmequeen,58,293,12,12,12,216,1,女性成长践行者HR(技术开发方向）品酒狮_
73,0,Pony ma,190,621,76,21,23,985,1,你是我最好的天使_
74,0,忻尚杰,0,1730,71,0,0,0,0,_
75,0,想当小朋友呀,4,159,13,2,2,341,0,_
76,0,唐纳德,0,497,0,0,0,0,0,_
77,0,云小沐同学,5,33,5,1,1,0,1,平凡但不平庸我频繁记录着我的生活 记录着我的青春遇到不好的事情 酌情处理 适当过滤❤️“努力来见我”——TFBOYS🧡_
78,0,T﹏T,453,1856,64,51,235,24475,1,腰围是少女和大妈的分水岭_
79,0,马丁豆豆创始人1,56821,3529,2677,0,0,0,0,_
80,0,🐯气质林🐯,6,594,16,6,98,20790,0,_
81,0,Liyanfei被注册了,5,315,10,3,3,0,0,_
82,0,嘎了个大嘎,0,1772,28,0,0,0,0,_
83,0,",",0,209,23,0,2,82,0,_
84,0,多啦,6,291,7,1,1,0,0,_
85,0,🌻心向阳光🌻,21812,549,964,47,116,10731,1,喜欢唱歌🎤心向阳光 🔆🌻心善路宽🙏 懂生活 会生活🎵☀️尊重生命 享受生活🌹东来哥生活理念的践行者😘_
86,0,三三美眉,4,495,1,5,9,122,1,呼呼呼呼我口袋里也有宝藏变成彭于晏_
87,0,用户8326911380940,0,23,1,0,0,6,0,_
88,0,HUIIIIII,3,263,7,3,3,0,1,阿辉冲呀_
89,0,光影诗集,2,68,14,0,2,51,0,_
90,0,金· 铁蛋儿🥚,57,154,26,9,9,706,1,今天我也不想上班呢🙅‍♂️专注职场吐槽一万年_
91,0,家辉哥哥爱健身,28381,4372,1198,18,36,0,1,愿一生善良，勇敢无畏！一个喜欢健身的无名小辈💪🏻_
92,0,哎呦，不错喔,0,89,6,0,1,722,1,变成更好的人，这是新的约定！_
93,0,陈秀一夫,651,4694,54,0,0,0,0,_
94,0,野草1997,2315,3624,238,333,336,16876,0,_
95,0,用户6302933256452,2,147,0,0,0,0,0,_
96,0,。,21,457,33,2,3,5273,1,爱健身的小白_
97,0, 妍,40,154,44,20,20,0,0,_
98,0,肆我呀🍑,0,955,0,7,7,0,0,_
99,0,海绵宝宝,0,345,5,0,0,0,0,_
100,0,手机用户87923428507,0,257,3,0,0,230,0,_
101,0,ricky淑君,0,54,5,0,0,54,0,_
102,0,用户2254978947203,0,1057,0,0,0,0,0,_
103,0,akbar,0,237,89,0,0,145,0,_
104,0,北国晏阳,1415,209,194,23,23,406,0,_
105,0,♡,96,189,21,6,6,16,0,_
106,0,Janettttttt,0,750,40,0,0,8903,1,有几苦，就有几甜_
107,0,Dndon,6102,30,286,6,7,82,1,简约 平凡_
108,0,两岁萌新,7,679,73,1,3,2582,1,事业是正餐爱情是甜品🍮_
109,0,中文,0,477,0,0,0,0,0,_
110,0,查尔斯泽,0,288,30,0,1,188,1,躺在银河，观望地球。_
111,0,时光杂货铺,208,532,22,20,126,0,1,我没有好的文笔，可也想记录下生活的点点滴滴。_
112,0,小丽,5,833,5,4,4,191,0,_
113,0,77777酱,0,15,0,0,0,21,0,_
114,0,沁一,35,322,18,5,5,0,0,_
115,0,萧学长弹吉他,706,2252,2250,11,19,10396,1,搞定吉他弹唱，20小时就够了。定期出零基础吉他弹唱教学，欢迎关注哈_
116,0,苏千辞,7,1437,20,0,0,0,1,Nothing lasts forever._
117,0,Tu Es Belle,1,206,8,0,9,3097,0,_
118,0,等风来,205,952,187,18,18,644,1,站在雨里等你为我撑伞☔️_
119,0,子木先生,0,173,26,0,0,780,0,_
120,0,July寻幽,0,14,0,0,0,0,0,_
121,0,木子先生,4,472,61,1,1,454,0,_
122,0,恐龙来跳舞,586,431,54,23,33,0,1,忠于自己，活的认真。加油_
123,0,鸡腿永远是我的,2,1086,18,0,0,0,0,_
124,0,小牛牛不吃草,0,1582,4,0,0,0,0,_
125,0,klay,0,121,36,0,0,77,0,_
126,0,123,0,103,17,0,0,0,0,_
127,0,小鹿,32,1142,13,0,97,512,0,_
128,0,明月相伴,283,907,191,3,3,119,1,如果父母依旧辛苦，那我们长大还有什么意义。_
129,0,用户9252935336822,0,63,1,0,0,63,0,_
130,0,灵狐冲,0,432,2,0,0,1959,0,_
131,0,夜猫哈哈,0,299,6,0,0,99,0,_
132,0,花西有派队,32,101,16,4,4,1366,0,_
133,0,qzuser,4,185,10,0,0,0,0,_
134,0,小幺,51,1632,27,0,0,0,0,_
135,0,野人小小浩,0,90,3,1,1,68,1,脚下有路，心有山海_
136,0,秀秀猪,37,348,25,9,31,820,1,阳光下像个孩纸，风雨里……_
137,0,无敌汽水,22,1452,38,2,3,0,1,愿看我的人，三冬暖春不寒，天黑有灯、下雨有伞，往后余生，皆有良人相伴～_
138,0,太阳女王,117,963,173,4,4,1578,1,向外探寻.向内思考向下扎根.向阳生长此生尽兴.赤诚善良_
139,0,水木年华,83,704,32,41,43,830,1,憧憬未来的路_
140,0,肖肖🌤️,2,295,12,1,1,191,1,做自己的骑士_
141,0,徐奕明,106,2773,95,14,14,8185,1,喜欢王者荣耀、和平精英、我的世界、迷你世界、第五人格（以前王说推荐给我玩的）_
142,0,浅子涵,0,520,97,0,0,34615,1,后悔是一种耗费精神的情绪！_
143,0,一根硬骨头呐☺,0,538,0,0,0,0,0,_
144,0,少年,0,106,0,0,0,60,0,_
145,0,姜饼人,0,206,8,0,9,288,1,最好吃的还是那个一口就啊呜啊呜吃掉了_
146,0,力量,48,185,47,0,0,0,0,_
147,0,Gui,6,1810,49,0,0,28318,0,_
148,0,veraluo,144,822,64,21,22,2333,0,_
149,0,用户1542622059592,0,315,0,0,0,1657,0,_
150,0,user1967704131166,0,323,0,0,0,0,0,_
151,0,萝卜,0,156,2,0,0,9,0,_
152,0,Luck  boy,0,1203,13,0,0,212,1,一个非常棒的人_
153,0,用户3910954603579,0,162,0,0,0,30,0,_
154,0,AD Carry,0,43,31,0,0,0,0,_
155,0,用户411400029,5,267,125,1,1,1155,1,坚持_
156,0,灵均,3,4445,47,0,0,0,0,_
157,0,轻盈520,26,515,8,12,12,1357,0,_
158,0,征途----___,0,1276,14,0,0,0,0,_
159,0,沉浮,0,60,19,0,0,398,0,_
160,0,报之以歌,143226,181,589,0,43,0,1,谦谦君子，温润如玉_
161,0,❤️,14,418,23,1,1,226,0,_
162,0,Loraswag,58,1349,45,2,3,0,0,_
163,0,Jennifer,0,342,6,0,0,0,0,_
164,0,洁美洗护(洛阳大曌国际和保利建业香槟店,318,879,178,65,67,5369,1,👞球鞋精洗，鞋子换底，衣服和鞋洗护；包包和鞋子翻新修复，免费上门安装拆卸窗帘清洗，地毯清洗，洛阳市区新区保利建业香槟店和学子街大曌国际店3件免费上门取加❤18624873515_
165,0,万,0,148,17,0,0,385,0,_
166,0,阿右学长,0,566,10,0,0,0,0,_
167,0,统筹钱,0,1544,20,0,1,10786,0,_
168,0,你肉哥,0,2388,21,0,0,0,0,_
169,0,IAWM,0,64,3,0,0,0,0,_
170,0,没吃宝,0,31,2,0,0,36,0,_
171,0,niko,1,486,5,0,1,178,0,_
172,0,劉一楠,110,205,39,11,16,385,1,物以类聚人以群分，想跟什么档次的人在一起，首先应该努力成为什么样的人_
173,0,壹贰叁🏗,127,59,80,7,7,1543,0,_
174,0,Deepseabb,0,304,18,0,0,369,0,_
175,0,Jennifer Dyer,142,2744,88,6,6,3842,1,没有签名，只有个性_
176,0,普琴科,9,78,7,3,3,29,0,_
177,0,生活,19,207,22,6,13,956,0,_
178,0,网易云文案,232,590,201,15,16,0,1,关注馆主，见字如面愿殊途同归，我与你讲来时的路！_
179,0,三井铄,0,517,12,0,0,302,0,_
180,0,蹦沙卡拉卡,1,240,11,1,1,143,1,看什么看，走开_
181,0,秀逗,56,206,49,4,4,0,0,_
182,0,优雅的小博士,337,57,213,13,16,215,1,一个普普通通的种地博士🤪🤪🤪_
183,0,一只特立独行的猫,250,502,36,25,30,0,1,他人经受的，我必经受。_
184,0,一颗甜豆,16,107,15,16,16,478,0,_
185,0,huihua绘画,11,126,8,6,6,227,0,_
186,0,是杰西啊,93,183,12,30,47,1220,0,_
187,0,玩艺Cool,42363,92,7876,70,70,0,1,分享创作及日常旅行 音乐 摄影_
188,0,yuan稚,0,2,0,0,0,68,0,_
189,0,一颗不肯媚俗的心,35,482,41,6,6,640,1,接各类工装设计_
190,0,cencer,13,4738,40,5,6,20022,0,_
191,0,启轩辕,0,859,11,0,0,16856,1,80后凡夫_
192,0,用户815757,0,265,0,0,0,0,0,_
193,0,zero,0,529,0,0,0,0,0,_
194,0,简约艺术的生活！,13,79,9,1,1,0,1,美好女子的定义是，她若走进人群之中，如同遗世而独立，突兀的存在会让他人立时感觉到空气的变化。这定义不免偏执，却很分明，并且与五官无关。_
195,0,张公子有礼啦❤️❤️❤️,345,1628,100,133,135,19270,1,生活需要仪式感🌸🌸🌸_
196,0,用户4594955218860,0,10,0,0,0,154,0,_
197,0,赵云轩,0,596,22,0,0,8433,0,_
198,0,优秀,9,144,20,0,0,329,1,拼尽全力才能做好事。_
199,0,涛,13,883,112,1,1,1235,0,_
200,0,近在远方,23,219,32,2,2,2016,0,_
201,0,倔强……HXL,17,167,8,3,3,1677,0,_
202,0,当爱已成往事,26,136,28,5,6,125,1,valar morghulis_
203,0,回*忆@哉_嘲(☆_☆),5,559,5,4,6,186,1,我就是我，不一样的烟火_
204,0,壹路長宖,141,1841,122,29,31,10846,1,已毕业_
205,0,长颈鹿先生,46,1361,24,7,7,1998,0,_
206,0,Archie,0,1503,16,0,18,18411,1,世上唯庸人无咎无誉。_
207,0,JG (杰歌),663,341,139,32,32,572,1,现代音乐键盘教学_
208,0,hbab,83,902,303,16,16,922,0,_
209,0,llz,9,38,6,3,9,163,0,_
210,0,用户8938249286424,2,133,14,2,4,665,0,_
211,0,许云安,0,931,12,0,0,5621,1,少女的情怀永远常青。善于发现问题并且解决问题。喜欢听别人讲故事，欢迎➕V15135947511期待你的到来呀😘_
212,0,super-fast,1,1710,33,0,9,1984,0,_
213,0,小姑娘,156,184,84,8,8,276,1,喜欢你_
214,0,57,81,179,77,2,2,0,0,_
215,0,锦尘,0,176,1,0,0,271,0,_
216,0,小六,0,958,11,0,0,0,0,_
217,0,筱晗,0,4919,90,0,0,584,0,_
218,0,用户5075154827823,0,315,3,0,1,61,0,_
219,0,你的张大爷,0,230,29,0,0,1150,0,_
220,0,-╇ミ╰→想念伱了,0,388,25,0,0,122,0,_
221,0,淺念Youth.,0,26,5,0,0,0,1,好好生活 慢慢相遇_
222,0,南方的小市民,7,493,14,1,4,0,1,热爱生活_
223,0,沙子,4,65,2,4,4,288,0,_
224,0,周佑丞,0,181,14,0,0,0,0,_
225,0,HUG SKY,59,1274,62,8,8,2117,1,天才是百分之九十九的汗水加上百分之一的灵感。_
226,0,冰冰,0,877,14,0,0,39,0,_
227,0,上善若水逢,500,229,196,9,9,84,1,山西圆方源物业管理服务_
228,0,天际流星,26,211,47,42,45,0,1,看一片海，等一个人。山川异域，风月同天。岂曰无衣，与子同袍。_
229,0,zhaoli8805,0,474,0,0,0,1053,0,_
230,0,倒立,0,361,5,0,0,28,0,_
231,0,MambaMX,0,308,7,0,0,308,0,_
232,0,宁世,3,102,37,3,5,844,0,_
233,0,乘船远航,0,251,20,0,0,95,0,_
234,0,Juvenile╀男孩,18,98,51,2,2,1243,0,_
235,0,一颗酸菠萝,1373,244,316,5,5,1113,1,哈尔滨人，中国人🇨🇳_
236,0,岳@俩傻丫头,12,195,16,2,3,71,0,_
237,0,流氓,0,103,2,0,0,0,0,_
238,0,既往辰安,10,14,4,2,2,18,1,如期而至_
239,0,💖,0,147,9,0,0,132,0,_
240,0,蓝胖子,0,1996,23,0,0,2425,1,反正人只要二选一，忙着活，或者忙着死。_
241,0,want,7,466,55,2,2,519,1,所爱隔山海，山海不可平_
242,0,已重置,0,268,5,0,0,822,0,_
243,0,永不放弃123,35,491,64,1,1,677,0,_
244,0,中考必备【学习资料】,10,244,32,9,9,90,1,敏而好学，不耻下问。_
245,0,用户8086460908138,0,109,1,0,0,524,0,_
246,0,Best䮾,0,51,1,0,0,525,0,_
247,0,YouthTalks,15299331,1,1390970,186,186,164,1,全球视野的青年表达_
248,0,白小白,5,410,60,1,1,1763,1,我独自一人走到了紫山槐下_
249,0,mandy,0,3216,0,0,0,0,0,_
250,0,希阳爸爸,102,142,88,14,17,0,1,不期而遇的温暖 生生不息的希望_
251,0,平凡的过客,0,9,6,0,0,109,0,_
252,0,年轻又彷徨，是最好的我们,39,268,28,17,25,12952,0,_
253,0,伍,3,88,27,0,10,455,1,拥抱改变_
254,0,山海,0,2861,10,0,0,0,0,_
255,0,803343720,1,320,2,1,1,36,0,_
256,0,一如既往如我,0,32,2,1,4,1,0,_
257,0,头曌剪赵师傅,204,601,38,60,60,2412,1,保护腰间盘_
258,0,源洁流清,5,94,12,3,3,24,0,_
259,0,杰克船长,0,208,14,0,0,91,1,这里人少拍得不好你能来我很感激❤️❤️_
260,0,杨仔大女王 송 사장,261,1146,106675,15,19,11183,1,一身正气的女子专注家庭教育，为每一位好孩子提供支持助力家长成为孩子最好的榜样！PS：僵尸粉怎么清理啊_
261,0,小白,379,3084,248,49,49,43326,0,_
262,0,小马老师,112,509,74,20,21,699,1,一个90后大男孩独爱音乐与文字喜欢与文字为伴，书写华章也是一位摄影爱好者每次推荐一本好书，与诗书共舞，腹诗书自华_
263,0,用户5320422253168,0,2061,20,0,0,94,0,_
264,0,Richard,0,15,0,0,0,41,0,_
265,0,林time,0,281,9,0,0,1730,1,牛奶搬运工阿林_
266,0,PORSCHE超跑,29,1094,127,7,11,5177,1,我做事一再低调，你们非要给我掌声和尖叫，我只能接受。_
267,0,臭臭,4609,1133,696,106,107,5466,1,饶恕别人就是宽恕自己_
268,0,让我去月球生活吧,3,620,9,12,12,2026,1,当行至趣，苦乐之地，无人不冤，有情皆孽_
269,0,💨💨💨,0,1436,21,0,0,0,0,_
270,0,CC、团队,246,1115,134,23,27,747,1,十年只专注一件事。始终如一，一辈子只记一个行业，一生所爱，美丽热线15727142087微信同步_
271,0,子弹,0,2282,297,0,0,0,0,_
272,0,小泽泽,74,1403,111,10,10,0,0,_
273,0,用户5042412000608,0,558,31,0,0,1505,0,_
274,0,Wesley,157,391,68,16,20,3484,1,物来顺应未来不迎当时不杂既过不念_
275,0,Susan,0,89,0,0,0,0,0,_
276,0,云淡风轻,8,798,54,1,1,3271,0,_
277,0,用户2308850695105,0,494,0,0,0,19,0,_
278,0,郭道现代音乐,3650,906,446,278,428,10791,1,喜欢音乐的小伙伴，欢迎咨询长期招收吉他，尤克里里，葫芦丝，电子琴，架子鼓，舞蹈（中国舞，基本功）_
279,0,万花筒020,0,182,3,0,0,33,0,_
280,0,玲钰,36058,4795,3467,288,290,13130,1,玲钰_
281,0,用户1433957877499,0,73,8,0,0,0,0,_
282,0,上善若水,1497,189,245,49,49,0,0,_
283,0,用户3586679973144,0,23,11,0,0,6,0,_
284,0,追光者,4,649,3,0,0,0,0,_
285,0,鄢陆玺,24,1087,53,4,4,148,0,_
286,0,灿烂阳光,0,17,0,0,0,136,0,_
287,0,恂恂童鞋,54,980,37,2,8,6211,1,板寸帅哥_
288,0,乌龙茶,1,267,52,0,14,17728,0,_
289,0,大瑶,0,396,69,0,0,8760,1,"愿时光无恙 ""_"
290,0,891174329,0,545,9,0,0,3304,0,_
291,0,w,0,462,2,0,0,8573,0,_
292,0,用户8226456169530,0,208,2,0,0,273,0,_
293,0,慕容云海65,0,900,75,0,0,1394,0,_
294,0,励志旺弟说,22,265,7,6,6,503,0,_
295,0,看淡烟云,26,429,223,2,3,565,0,_
296,0,高服振动筛 李丽,171,1228,242,30,78,0,1,40年筛分经验，108项专利技术支持，上万家客户见…精细筛分缔造者咨询T:15203735691(微信手机同号)_
297,0,Soledad,44,521,82,2,3,382,1,"You konw, some birds are not meant to be caged, their feathers are just too bright._"
298,0,活出精彩,162,363,68,19,44,907,0,_
299,0,手机用户72k6w9,914,739,165,58,60,3062,0,_
300,0,胜利,0,249,60,0,0,1520,0,_
301,0,🎈小小書童,112,2669,170,12,48,0,1,天道仁术治痛、治麻、治无力！         勿让诗梦落闲譚_
302,0,武昌鱼,2,670,3,0,1,13509,0,_
303,0,用户5846040889864,0,3811,73,0,0,7469,0,_
304,0,7号,7,564,14,0,5,0,0,_
305,0,圈圈,2,565,8,0,0,0,0,_
306,0,不负韶华,0,1865,25,0,0,915,1,The survival process of life is also a process of competition.生活是蜿蜒在山中的小径，坎坷不平。_
307,0,-LonelyBoi,38,388,1829,1,1,0,1,友好👬网上冲浪🏄‍♀️183cm  boy👦_
308,0,匹夫,423,152,465,5,5,0,1,对自己狠 一点_
309,0,用户8611494973686,0,132,6,0,0,822,0,_
310,0,追梦赤子心,624,3894,108,89,383,15878,1,抖一抖，更快乐，爱音乐，爱生活，爱美食。_
311,0,远方文案馆,23,1639,30,7,39,2360,1,“故事的开头总是极具温柔”🍂“一眼喜欢的从来不是文案”🍂“而是似曾相识的经历”🍂_
312,0,lee,23,350,55,4,7,1324,0,_
313,0,用户6451945545262,0,276,14,0,0,0,0,_
314,0,笑,0,2769,53,0,0,4727,1,😁_
315,0,来不及顿卡_,0,1125,6,0,0,0,0,_
316,0,胖嘟嘟,1298,4152,218,0,0,0,0,_
317,0,爱唱歌的星,79,1822,63,4,10,2755,1,用内心感受音乐带来的魅力。_
318,0,刘玲,426,38,134,17,17,5541,0,_
319,0,꧁橘井轩～小儿 ꧂,16,1074,131,2,2,1181,1,人生哪能多如意，万事只求半称心_
320,0,萤火虫,1,239,4,0,1,16386,1,还没有_
321,0,Caroline,92,237,16,23,24,266,1,一直都在追寻 该来的 不会缺席❤_
322,0,小雪,75,1143,91,2,3,1438,0,_
323,0,枫叶🍁,59,86,31,6,7,0,1,《人间值得》我关注的人必须很优秀。_
324,0,风从海边来,2,1149,4,1,1,1773,0,_
325,0,永远快乐哦,28,373,29,7,7,296,0,_
326,0,夏末浣溪,2,414,1,0,0,0,0,_
327,0,C你唯一的依靠,0,37,0,0,0,29,0,_
328,0,执著,0,36,10,0,0,1,0,_
329,0,叮当爸爸,1,296,21,0,4,283,0,_
330,0,爱吃泡芙,10,66,14,3,3,3343,1,栀子花开呀开_
331,0,mg,0,17,0,0,0,43,1,开心每一天hahaha_
332,0,琦琦,0,1491,24,0,0,200,0,_
333,0,刘赠短腿麻麻,575,160,137,124,144,0,1,刘赠回归，一人一猫一狗，人生足以_
334,0,燈影橋,304,2635,68,55,57,0,1,从世所愿  生命有了金钱从爱所愿  生命有了金线_
335,0,阿楚君,13,814,7,1,52,0,1,🥰🥰🥰_
336,0,小玲 🐘,6,227,22,2,3,254,1,👧💓🍺🍦🍔🍰🍜🌧⛄📺🎧🏀🏃🏖🚴✈️_
337,0,持中,39,894,43,15,15,198,1,做好当下的，规划好未来的_
338,0,PLAYBOY,62,177,34,6,7,47,1,不骄、不馁、务实、进取、求是、创新_
339,0,Tiffany,7,112,9,7,9,1700,1,阳光正好，微风不燥。_
340,0,用户2305391191425,0,234,0,0,0,423,0,_
341,0,Dolphin 🐬,139,490,70,5,16,5505,1,风带来的是大海的自由_
342,0,致远方,11,3172,33,4,5,4241,1,自由的感觉_
343,0,精彩人生,27164,2516,1938,102,103,22306,1,男人成功是责任，女人成功是价值_
344,0,舍得,311,1487,83,0,0,0,0,_
345,0,a丶夜空中最亮的星ゝ〆,24,4999,72,1,3,47129,1,嗯_
346,0,薄雾智的嗷,0,660,6,0,0,7921,0,_
347,0,陈,0,30,42,0,0,51,0,_
348,0,乌小蒙,417,88,122,32,39,445,1,么么哒_
349,0,养狗狗的机车大叔,97,661,101,2,59,32346,1,善良，珍惜，原则_
350,0,阿华恋上运动🏃,526,282,64,38,122,1243,1,走出舒适区，拥抱改变和进步！加油(ง •̀_•́)ง_
351,0,乀某某先生🔥,129,697,117,19,20,381,1,做个有梦的人，浪荡一生，干净自由_
352,0,紫婷,26,971,50,3,3,2606,1,💃余生只做懂得爱自己的女人💃_
353,0,辣子❤️飞扬,3282,942,264,301,309,3343,1,世上最幸福的事就是你想的人也在想你，你爱的人也在默默的等着你……_
354,0,PONY_喵哥,624,1087,83,24,26,0,1,"空余时间拍片📸商业片调色剪辑航拍🎬🎨家里没矿只有摄影棚和器材🎥只要你想用可以租给你😼做过Higher_brothers和刘柏辛的MV网易云《16_hours》, 《Nada》评论会逐个回复🙂_"
355,0,地产哥老粮,187905,648,13391,10,10,874,1,🇨🇳住房➕创业＝圆梦🇨🇳住房是一个人的落脚点，并不是终点！家庭是人生旅途的港湾，有房才算有家！创业是维系家庭的纽带，有产才能家圆！持续分享更多房产信息，关注不迷路！_
356,0,天下第一拽,425,1458,349,33,33,1789,1,转龙 村小二 🐱🐱_
357,0,张先生的文案馆,91,36,2,51,54,26,1,无需关注，路过就好，90后创业者，业余时间，纯属娱乐，感谢支持，感谢官方！_
358,0,参之道·甘连愿,712,354,253,71,71,868,0,_
359,0,李恒,56,98,15,10,34,364,1,青春的救赎_
360,0,用户8954513761775,0,1106,0,0,0,0,0,_
361,0,用户4548175933056,0,499,8,0,0,155,0,_
362,0,打卤面,8,303,19,0,17,1860,0,_
363,0,言辰.,29,1530,30,11,11,0,1,“什么东西，让你感觉生命毫无希望”_
364,0,卖洋葱的☝,10,52,7,1,2,444,0,_
365,0,豪哥哥,12944,695,2895,17,17,0,1,一名来自湖北十堰的沙雕小哥哥    ❤❤❤善于挖掘生活中的每一份美好        ❤❤❤关注我为你的生活加一点分            ❤❤❤常年更新搞笑作品不定期直播        ❤❤❤来了就别走以后你的快乐我包了    ❤❤❤_
366,0,杰奥羽绒服，专业做童装,56,1371,32,3,3,7254,0,_
367,0,腾师傅,33,925,30,4,4,818,0,_
368,0,张以安爱运营,598,426,369,9,12,5242,1,🍌知识~分享从0～1短视频进阶过程。一个靠努力寻找安全感的运营🐶。每天分享实用的短视频运营方法和工具。_
369,0,🌸,46,274,42,7,13,1645,0,_
370,0,灰色头像,13,4021,81,2,2,5485,0,_
371,0,凡夫俗子,16,95,14,2,2,1996,1,别人对你有期望，不要把失望回报给别人。_
372,0,yong,61,1724,56,0,0,0,0,_
373,0,李,44,135,13,0,0,0,0,_
374,0,小哥j,0,11,5,0,0,0,0,_
375,0,其实内心一直是澎湃的,136,1716,92,31,32,0,0,_
376,0,抖音你想干哈？,0,383,0,0,0,0,0,_
377,0,没结局的剧,36,184,28,2,3,0,0,_
378,0,Y,80,349,278,0,0,0,0,_
379,0,平凡小姐📖,1638,164,345,73,73,7817,1,📝生活，朋友的那些事🤩四字弟弟的超级迷姐🧣：我就是我_Zz公众号/小🍠：Miss清儿👩好好生活，慢慢相遇👨有趣的灵魂，是你吗？❤️如果你关注➕就不要溜走哦_
380,0,嘟嘟爸爸👨🏻,814,919,320,60,62,5003,1,高中练体育大学去当兵毕业为人夫为人父昂首挺胸为家人为儿女做个榜样_
381,0,Mr.周,0,2687,19,0,0,262,1,是个凡人_
382,0,用户5487721524398,0,441,2,0,0,61,0,_
383,0,嫄嫄嫄,106,356,67,2,2,927,1,一起变美逆袭：chengyuan0306⚠️原始体重118斤👑现在体重104.5斤💗自律起来你一定可以的～_
384,0,可口可乐了,0,126,4,0,0,1887,0,_
385,0,泰森经纪人,0,451,16,0,0,1148,0,_
386,0,jc,64,616,64,9,9,3695,1,路二心上去外婆家_
387,0,2020单身可撩,44,533,36,5,22,440,1,生命爱你，你需要打开自己的心灵，主动接受疗愈。如果你在经历某个失去后，主动寻找其中的真谛，那么你已经踏上疗愈心灵之旅了。即使你没有这样做，生命还是会教会你宝贵的一课：你需要寻找疗愈。或许你把这些人生之课误解成一种惩罚，但实际上，它们只是你人生之旅的一部分。_
388,0,用户8928875879779,341,1642,89,99,99,11479,0,_
389,0,阿龙,108,2835,82,1,493,6179,1,单身~就是一个小伙子_
390,0,依旧是你,30,165,12,9,9,2155,0,_
391,0,用户5332800477956,0,32,1,0,0,17,0,_
392,0,家庆,173,210,99,37,50,430,1,家庆_
393,0,心善渊,0,100,17,0,0,2140,0,_
394,0,用户1245985528194,0,16,0,0,0,1,0,_
395,0,qqmath,0,206,18,0,0,30,0,_
396,0,搬砖的小哥哥,22,1737,43,3,3,667,0,_
397,0,懒人,0,218,24,0,0,362,0,_
398,0,创,5,283,78,2,2,9288,0,_
399,0,吕富龙,0,3312,35,0,0,5593,0,_
400,0,口香糖,13,68,15,0,0,173,0,_
401,0,Freeze,14,219,41,2,25,1218,0,_
402,0,飞宇,152,795,968,63,64,659,0,_
403,0,阿牛,76,182,63,20,46,3956,1,犹如一头牛一样憨，也犹如牛一样倔强不服输_
404,0,小苏不喜欢吃豆豆🌸,134,1119,69,61,62,5876,1,勿忘初心     坚守难得。_
405,0,用户3964166129478,0,6,0,0,0,17,0,_
406,0,用户4521533245311,0,88,2,0,0,408,0,_
407,0,我的大名叫霍元甲小明，你可以叫我霸道总裁,1648,958,172,269,271,2170,1,＊_
408,0,🌵南宫艺欢🌵,164,772,128,18,20,0,1,她只是刚好有时间，你刚好有空_
409,0,大海蓝天888,0,2440,23,0,0,295,0,_
410,0,看着日出，追着星星跑的人,0,40,5,0,0,703,0,_
411,0,用户9706713423120,0,123,0,0,0,516,0,_
412,0,用户164628964,0,257,1,0,0,818,0,_
413,0,用户4530650130258,0,38,0,0,0,90,0,_
414,0,Y.F,53,90,36,6,6,212,1,生活成就你我。_
415,0,友善的海豹,13,228,3,15,16,236,0,_
416,0,Penny,21,106,37,3,3,176,0,_
417,0,眠岸,0,86,14,0,0,0,1,见贤思齐焉，见不贤而内自省也_
418,0,用户674004,2,813,85,0,1,16104,1,戴口罩，防病毒_
419,0,益明,154,207,45,13,13,77,1,热爱运动、瑜伽、中医、冥想分享正能量，一起成长相伴见证愿你健康、平和有信仰每日直播早6:40-8:00 晨练晚7:40-9:00  中医师承读书分享中医培训、确有专长及师承官方合作V：A18232580414_
420,0,Slowly,0,101,36,0,0,306,0,_
421,0,NatureFF👾,115,420,88,14,14,3307,1,天天向上发着光👐_
422,0,@刘江涛,15,139,12,5,5,354,0,_
423,0,manchest,2,930,20,1,2,558,1,千锤百炼，锋芒不露，修身达德，难得糊涂_
424,0,南海岸的小烟枪,0,12,0,0,0,9,0,_
425,0,trim,102,298,48,5,81,2504,1,有幸被爱，无畏山海😘ོ_
426,0,用户2425255390143,0,384,4,0,0,72,0,_
427,0,璠奶奶,0,280,22,0,0,323,0,_
428,0,杨志丽,4305,482,123,149,151,6146,1,以坚强的毅力去拼搏今后的辛苦路，去创建美好的幸福家园快乐每一天！_
429,0,假正经,0,180,8,0,0,0,0,_
430,0,祥龙兔,0,87,8,0,0,87,1,一只种花家的祥龙兔_
431,0,静心,0,1060,12,0,0,0,0,_
432,0,用户1712801755188,0,108,0,0,0,0,0,_
433,0,文章捞面<>夏有立,208,271,101,14,14,1886,1,什么样的肥灌溉什么样的花草_
434,0,云笙,12,457,9,1,63,4774,1,未觉池塘春草梦，阶前梧声已过秋。_
435,0,女孩不必完美，只是更需要勇气,0,37,0,0,0,0,0,_
436,0,早晚有一天,0,195,9,0,0,0,0,_
437,0,The、Answer,86,174,59,12,12,24,1,苟利国家生死以 、岂因祸福避趋之_
438,0,ZkeY,169,154,89,7,7,0,0,_
439,0,Zu✨,7,243,9,0,0,0,0,_
440,0,萝卜特,0,108,1,0,0,0,0,_
441,0,泊泊,7,135,10,0,9,8597,0,_
442,0,HMW,105,721,45,0,0,0,0,_
443,0,？？？？？？？,0,1139,10,0,0,242,0,_
444,0,ʚAmbitionɞ,14,3095,39,3,3,11311,1,未识得姑娘之前，只觉得天下万物俱为一色。识得姑娘之后，小生不才～眼中哪还有什么万物，就只有姑娘一人。_
445,0,看山不是山,394,796,41,40,43,4604,0,_
446,0,司徒,3,154,32,0,7,1444,1,感谢那么优秀的你关注这么平凡的我_
447,0,余生FF,155,1186,39,8,379,0,1,别为难自己，活得像你自己就行了_
448,0,唯.,0,389,5,0,0,463,0,_
449,0,Selena,38,49,27,10,10,88,1,工作独立，生活温暖～_
450,0,刘盛涛,0,391,28,0,0,3045,0,_
451,0,zjw,11,234,0,1,1,186,0,_
452,0,清辰,7,4915,17,3,4,10232,0,_
453,0,奔跑吧少年！,180,584,31,9,10,19758,1,“学生学生，以学为生。”“无奋斗不青春！”加油！_
454,0,小野靚一,28,584,54,1,23,47031,0,_
455,0,老傅做个人吧,0,228,35,0,1,365,1,三等才情_
456,0,沉潜,0,266,8,0,0,99,0,_
457,0,。,134,28,58,11,34,576,0,_
458,0,夜光阑珊,0,1444,13,0,0,0,1,🇨🇳_
459,0,小太阳007,199,100,61,11,12,56,1,从平凡到卓越_
460,0,俊俊俊,69,777,49,1,9,4100,1,生活记录故事，故事源于生活！_
461,0,否极泰来,306,344,69,29,36,8625,1,微信号:yueshengersheng  缔造美，传播美_
462,0,MR,2,764,10,0,0,0,0,_
463,0,柳宝,336,150,71,24,25,628,0,_
464,0,用户1934164310875,0,308,0,0,0,31,0,_
465,0,永不放弃,9,21,15,4,4,350,1,永不放弃_
466,0,小菲,0,3056,12,0,0,9898,1,小凡_
467,0,阿玛尼爸爸,3,226,12,1,4,59,1,与失败比起来，我对乏味和平庸的恐惧要严重的多_
468,0,öㅅööㅅö,4511,435,156,5,12,455,1,饺子要吃烫的，媳妇要取胖的，日子旺不旺，全看老婆胖不胖！！！_
469,0,搞笑，视频,9,1220,9,9,9,0,1,感谢官方_
470,0,Allen,0,759,0,0,0,0,0,_
471,0,KAKA＇,0,247,18,0,0,536,0,_
472,0,地球的巨星,0,70,4,0,0,0,0,_
473,0,天音,0,1265,10,0,0,828,0,_
474,0,拉,0,3985,19,0,0,0,0,_
475,0,鸡毛蒜皮,0,34,5,0,0,23,0,_
476,0,听“苏公子”聊房产那些事,100,1760,25,6,6,7172,0,_
477,0,BLUE.,47,129,22,4,4,222,0,_
478,0,小情绪丶,38,110,24,16,16,35,1,心动是你  遗憾也是你_
479,0,木心@欣式热烫,529,203,1144,43,43,1094,1,欣式烫发免打理专门店  vx:564756341_
480,0,骁勇善战,0,2217,46,0,0,6739,0,_
481,0,平安的托梦,1,136,10,2,2,259,0,_
482,0,ㅤㅤ ㅤㅤ,0,146,3,0,0,0,1,ㅤㅤ ㅤㅤ_
483,0,圆梦者  ¥  迪  世,39,712,16,30,30,283,1,人生 如逆旅我亦是行人     一直在路上_
484,0,子崖谈圈层,256,1635,1305,10,11,1207,1,通过对的视频，把对的产品给到对的人。谢谢关注。_
485,0,@—富九,53,691,60,12,12,3077,0,_
486,0,大荣哥,44,470,17,9,11,5612,1,你快乐所以我开心😄那就点个赞吧😘_
487,0,喵仙女的高大叔,57,1854,29,12,12,7551,1,踏踏实实地学习，做有价值有意义的事，留下有用的东西，记录人生的美好。_
488,0,羊角,41,606,17,8,15,0,1,稳_
489,0,汤姆客少儿英语,4055,1765,752,347,347,570,1,愿你行走半生，归来仍是少年_
490,0,菇凉，活出你的高姿态来！,223,838,85,85,86,5993,0,_
491,0,sleep,152,1207,182,26,26,2899,1,每一天为明天_
492,0,🐱jz,0,40,0,0,0,17,0,_
493,0,景童子,0,74,6,0,0,65,0,_
494,0,体委高二（4）班,9,320,16,1,5,125,1,🍀🍀🍀00后一枚_
495,0,BOBO博雅塔,278,138,70,42,43,32,0,_
496,0,小桂子,0,480,6,0,1,303,0,_
497,0,022.12.31,0,391,8,0,0,286,0,_
498,0,张大力,0,569,9,0,19,612,0,_
499,0,酸果儿,0,253,22,0,0,0,0,_
500,0,♛ ζั͡ 夕泽 ั͡ζั͡✾,0,278,5,0,0,3460,0,_
501,0,雷妈,1860,417,104,68,70,3390,1,山西省运城盐湖区上郭乡中陈村雷雷妈_
502,0,忆意亿,0,541,15,0,0,767,0,_
503,0,和自己来一段儿男女对唱,680,1463,191,82,89,3240,1,你。好，_
504,0,w,0,428,11,0,0,7644,0,_
505,0,飞瀑,0,2765,101,0,2,5516,0,_
506,0,路酷,0,348,4,0,0,4330,0,_
507,0,wry~smile、,121,51,48,11,12,3310,1,🐷🐷_
508,0,徽酒,0,1662,353,0,0,7970,0,_
509,0,虹虹,0,477,4,0,0,122,0,_
510,0,老母亲,0,2672,36,0,0,7020,0,_
511,0,久伴★,0,50,6,0,0,130,0,_
512,0,..,0,304,5,0,0,0,0,_
513,0,Charles Ho,0,270,10,0,0,293,1,欲齐家先修身，欲修身先正心_
514,0,哈哈哈哈哈哈哈哈哈,0,7,0,0,0,3,0,_
515,0,Ann,162,455,24,0,0,0,0,_
516,0,用户4699613364087,0,3,0,0,0,5,0,_
517,0,明月清风1130,0,774,17,0,0,25471,0,_
518,0,一只微笑的小狮子,11,1075,34,3,3,3985,0,_
519,0,好呢,0,1843,49,0,0,2101,0,_
520,0,☞抖音正能量☜,0,3885,45,0,0,9296,1,。。。_
521,0,华子,350,100,124,0,0,0,0,_
522,0,松漠大哥,875,3134,943,48,48,4155,1,松漠豪横哥_
523,0,urnot,0,66,1,0,0,142,0,_
524,0,用户1919634479997,0,666,51,0,0,1051,0,_
525,0,陶宝,0,115,1,0,0,30,0,_
526,0,东坡肉不能长生只能长胖,5275,336,184,22,24,0,1,爱上读书，爱上旅行，穷游走起_
527,0,晴朗,49,220,25,5,85,762,0,_
528,0,请叫我满满,2,142,4,1,9,13341,0,_
529,0,小乔,296,67,82880,1,1,0,1,🧣：小乔的日常生活  V：XT9687_
530,0,彩虹,19,433,28,5,5,0,1,never give up_
531,0,用户8684653627907,0,825,6,0,0,1487,0,_
532,0,啦啦啦。。,0,17,1,0,0,299,0,_
533,0,用户8246143048358,0,769,2,0,0,918,0,_
534,0,玛格伦运动鞋,6,360,5,3,3,1,1,专业网红男鞋生产厂家 一件带发_
535,0,用户8283949221696,0,3154,75,0,0,3365,0,_
536,0,湘湘,4,164,16,1,1,469,0,_
537,0,考拉夫斯基,72,293,24,0,89,28021,0,_
538,0,小布点,0,269,5,0,0,260,0,_
539,0,用户4987976954443,0,1853,23,0,0,3343,0,_
540,0,一生好样,0,19,1,0,0,98,0,_
541,0,无问西东,38,606,42,6,8,3326,1,呵呵_
542,0,ni_吖,0,92,4,0,0,0,0,_
543,0,一二三四五,0,2292,0,0,0,0,0,_
544,0,木易,12,15,25,1,1,555,0,_
545,0,凤凰山庄,151,384,138,5,5,3161,1,q_
546,0,用户363699701116,0,2249,33,0,0,2352,0,_
547,0,浮云游,0,10,0,0,0,41,0,_
548,0,心,3255,157,116,331,337,2270,0,_
549,0,红鸾,92,1997,491,1,1,4688,1,不要去恨离开你的人，要做的是让他后悔离开你_
550,0,简简单单就好,279,68,53,37,37,4567,0,_
551,0,王生记,68,44,64,3,4,363,0,_
552,0,未完待续,6,3179,81,1,2,935,0,_
553,0,嘿，大志,11,699,33,2,2,843,1,不为取悦别人，只为自己。Y'_
554,0,执念,40,790,63,6,20,1219,1,不忘初心 方得始终_
555,0,用户8638398717659,0,468,12,0,0,0,0,_
556,0,Fall,0,123,1,0,0,0,0,_
557,0,avin,2,338,0,0,0,0,0,_
558,0,尚好,91,19,30,14,14,1727,1,得之我幸，不得我命。_
559,0,Chao.,0,40,7,0,0,10,0,_
560,0,萍姐,7026,1661,805,132,134,2300,1,服装搭配师二十年_
561,0,R.H.S.,0,151,2,0,0,2051,0,_
562,0,跨跨,8,616,75,3,3,673,0,_
563,0,一米阳光,2233,2790,148,181,189,2443,0,_
564,0,用户4788791949639,0,120,0,0,0,3046,0,_
565,0,风色幻想,0,53,2,0,0,22,0,_
566,0,白学✍🏼Princess👸,12,632,9,5,5,64,1,SOMETIMES LATER BECOMES NEVER._
567,0,漂流瓶,0,2296,35,0,0,4037,0,_
568,0,浮夸か,0,975,23,0,1,3949,0,_
569,0,和易,0,285,4,0,13,916,0,_
570,0,个,0,73,2,0,0,3145,0,_
571,0,相伴一生,65090,2547,2419,282,352,0,1,谢谢您的关注支持和鼓励，祝您永远快乐无限🌹👏👏欢迎您来到我的抖音世界✌✌_
572,0,苏坡 men,1,1798,36,0,3,0,0,_
573,0,宠儿❀,0,23,0,0,0,0,0,_
574,0,去哪,0,123,0,0,0,0,0,_
575,0,卫龙辣条很好吃,12,306,34,1,2,11817,1,娱乐自如_
576,0,天堂来信📝,372,2711,169,11,323,0,1,讲不出再见我科_天堂来信Freedom、Peace、Love、Respect_
577,0,JJ,6,459,17,0,0,3005,1,J_
578,0,gulbostan,0,315,23,0,1,611,0,_
579,0,唯以不永伤,1,1712,32,2,2,541,0,_
580,0,雪莲花,107,573,167,2,2,90,0,_
581,0,迪卡斯,0,1902,4,0,0,17905,0,_
582,0,user5836676180005,0,265,10,0,0,58,0,_
583,0,chun,0,202,2,0,0,4999,0,_
584,0,手机用户69538467868,0,2811,98,0,0,0,0,_
585,0,7-11,0,15,6,0,0,5433,0,_
586,0,张旭,47,2159,322,2,2,2889,1,明天更好的自己_
587,0,阿尔歌,9,206,23,1,3,2312,0,_
588,0,八寻宁宁୧⍤⃝🍩（开学）🌚,23,1936,57,4,4,5104,0,_
589,0,用户7911469305870,36,824,41,8,8,192,0,_
590,0,一帆风顺,0,903,79,0,0,1378,0,_
591,0,薄荷糖,0,20,4,0,1,7,1,努力_
592,0,Simon,0,146,7,0,2,902,0,_
593,0,叁亓七,22,2996,7,0,0,0,0,_
594,0,archangel,0,2951,27,0,0,0,0,_
595,0,熊熊,95,1249,132,20,20,3450,1,你好!等你好多年!现在开始吧!_
596,0,晓玲啊,26,450,15,4,4,779,0,_
597,0,@Duan子乾,4,934,104,0,3,5819,0,_
598,0,伏念、斩情,0,392,37,0,0,17367,0,_
599,0,用户6593749276705,0,116,0,0,0,184,0,_
600,0,南丁格尔接班人,4276,2,381,54,216,0,1,love yourself_
601,0,开心克了,84,2072,69,11,14,24702,0,_
602,0,背后,0,698,52,0,0,19492,0,_
603,0,春之声阳光,572,615,292,87,88,2035,0,_
604,0,彭小,0,2,0,0,0,1,0,_
605,0,zhao,0,610,61,0,0,694,0,_
606,0,嘻哈……,126,172,67,18,18,599,1,没有最终的成功，也没有致命的失败，只有继续向前的勇气--温斯特·丘吉尔_
607,0,.介恒,0,225,3,0,1,172,0,_
608,0,zzg,0,601,8,0,0,719,0,_
609,0,13哥,82,898,123,11,11,474,0,_
610,0,-2381319,0,105,14,0,0,1103,0,_
611,0,joker,0,53,5,0,0,237,0,_
612,0,游离,400,626,119,0,0,0,0,_
613,0,然后的然后,0,55,2,0,0,26,0,_
614,0,龙啸彭城,7,205,3,1,43,5570,0,_
615,0,我是江小白,65,162,37,11,11,143,0,_
616,0,斯敦尔克,19,2151,120,0,0,0,0,_
617,0,林杨,0,217,5,1,1,279,0,_
618,0,wsyyg,0,242,7,0,2,117,1,向往的爱情是简单而令人愉悦。_
619,0,张槿荣,0,188,18,0,0,291,0,_
620,0,隔壁屋先生,48,383,84,1,3,0,1,客满_
621,0,开心生活,0,68,20,0,0,28,0,_
622,0,夏天,2,35,6,1,1,90,0,_
623,0,潘潘1101,2,1033,7,0,0,4150,0,_
624,0,付生,24,462,94,0,112,204,0,_
625,0,義,0,159,2,0,0,0,0,_
626,0,xxt,0,15,1,0,0,55,0,_
627,0,跳跃的灵魂,5,153,16,0,0,0,0,_
628,0,米兰的小铁匠,0,54,35,0,0,2551,0,_
629,0,双身哼🐷#单身汪🐶,0,30,11,0,1,312,1,🐳生活需要一点点正能量_
630,0,维他命,5,98,14,1,1,330,0,_
631,0,波澜不惊,0,321,5,0,0,425,1,何其有幸，生在世界，何其不幸，活在人间。蒙尘的宝石们，加油！_
632,0,瞬间爆炸看戏,0,20,2,0,0,13,0,_
633,0,初心7443752274,0,122,0,0,0,0,0,_
634,0,用户3773996980359,0,6,0,0,0,8,0,_
635,0,twelve,0,47,4,0,0,19,1,I potato you_
636,0,王哥,0,2400,9,0,0,0,0,_
637,0,塞北的青春,1,334,11,1,1,1503,1,不因虚度年华而悔恨，不因碌碌无为而羞耻_
638,0,叁锅灬,147,113,29,0,0,0,0,_
639,0,孙蕾,20,238,57,1,1,10670,0,_
640,0,张郎郎,31,30,12,4,4,213,0,_
641,0,nifty cute Kitten,179,200,38,83,84,177,0,_
642,0,王志维,0,209,4,0,0,186,0,_
643,0,mytale,0,964,37,0,0,5210,1,知识是为了唤醒智慧_
644,0,闪电,25,981,72,6,6,1217,0,_
645,0,风吹沙,0,262,28,0,0,263,0,_
646,0,文刀哥,846,4974,464,51,71,10203,0,_
647,0,十言,12,223,12,2,2,0,0,_
648,0,泓稷,0,247,17,0,0,5905,1,单凭自己，我一无所能！_
649,0,阿呆,0,2438,21,0,0,2475,0,_
650,0,兰陵笑笑生,164,285,126,15,15,2188,1,人生得意须尽欢_
651,0,云梦纷飞，依然！！,18,836,13,12,14,34843,1,不辜负生活，不迷失方向。_
652,0,TTT039,0,124,7,0,0,0,0,_
653,0,阿紫hy,21,971,59,0,22,27953,1,我就是我！！！_
654,0,小源,12,1423,34,1,2,71,0,_
655,0,Allen Ong,33,15,0,0,0,0,0,_
656,0,秋来枫儿飞,27,198,34,0,0,0,0,_
657,0,Hope,0,854,17,0,0,19691,0,_
658,0,天生傲骨 怎能屈服,0,534,3,0,0,309,0,_
659,0,用户6463390165667,0,587,4,0,0,0,0,_
660,0,彭庆,214,264,40,0,0,0,0,_
661,0,C22,5,2757,14,0,2,0,0,_
662,0,满满他爹,111,97,23,39,47,407,0,_
663,0,没有目的，只有经历，,39,69,15,6,6,39,0,_
664,0,以爱之名,121,1044,10214,16,24,2985,1,承蒙厚爱，倍感珍惜。_
665,0,阿帆达,0,81,7,0,0,46,0,_
666,0,飞逝,0,74,5,0,0,0,0,_
667,0,有趣的人,0,1612,75,0,0,58,0,_
668,0,Ray,0,432,47,0,0,665,0,_
669,0,徐刚,0,682,0,0,1,2495,0,_
670,0,今天,0,571,13,0,0,16,0,_
671,0,Dream,0,297,4,0,0,27928,0,_
672,0,沈经云,51,538,295,0,0,0,0,_
673,0,用户5032888326894,0,70,1,0,0,141,0,_
674,0,优优,43378,2955,2812,475,475,28239,0,_
675,0,共挤会的上善若水,59,1932,13,0,0,0,0,_
676,0,王者榮耀哥拉蕾,1,734,1,1,1,4496,1,"比心：92722070無小號其他是假,狗号：80981097_"
677,0,迷彩75cm,6,1716,36,5,5,2668,1,路途遥远，请回答2028？_
678,0,用户1935182771485,0,24,0,0,0,98,0,_
679,0,Liang..,21,77,22,1,1,191,0,_
680,0,用户4969912976837,0,163,8,0,1,143,0,_
681,0,茗朵辅料@小李小李,1,32,3,2,2,224,1,小李小李不讲道理_
682,0,蓝欣,261,2151,373,5,184,6562,1,聚龙装饰实业工程有限公司_
683,0,萌萌,2,217,4,8,10,1391,0,_
684,0,o.,0,2330,12,0,0,0,0,_
685,0,用户1469351499308,68,911,142,1,2,11946,0,_
686,0,acting,0,323,23,0,0,11,0,_
687,0,Leader,3212,687,152,0,0,0,0,_
688,0,双头羊,10,1136,41,1,1,4471,1,没有谁离不开谁？只有谁不珍惜谁？_
689,0,用户8680007280445義德,134,1313,188,29,31,67,0,_
690,0,用户4726953485215,0,265,4,0,0,0,0,_
691,0,风～轻…云—淡,5,272,14,1,1,122,1,洋妈_
692,0,花生炖土豆,0,1133,80,0,0,1544,0,_
693,0,「朝朝💑暮暮」。,3278,888,372,136,137,3847,1,世界那么大，我的眼里只有你！_
694,0,穆回,0,33,5,0,0,0,0,_
695,0,LY路远,0,278,49,0,0,181,1,所有的伟大，源于一个勇敢的开始_
696,0,♡^0^,6,144,0,1,1,570,0,_
697,0,荒唁川,47,2240,33,0,0,0,0,_
698,0,梦幻之卷,1,2127,3,1,1,5264,0,_
699,0,精灵宝宝,7272,2358,1371,226,235,3166,1,世界如此美好，正如我愿你有一双美丽的眼睛🌟_
700,0,我是小学生我自己以记录了我的一天了,229,2801,154,9,208,7754,0,_
701,0,熊猫师父-幼升小衔接,4946,21,2245,14,15,132,1,写字，拼音，知识启蒙，让孩子顺利幼升小过渡。_
702,0,用户7854061581854,12,2005,22,0,0,0,0,_
703,0,郭小郭,43,126,37,2,2,41,0,_
704,0,小丸子,0,1154,1,0,0,0,0,_
705,0,痞子谢谢谢,0,458,13,0,0,1069,0,_
706,0,牛利宏,0,3837,81,0,0,348,0,_
707,0,奔奔MINI,0,20,4,0,0,10,0,_
708,0,a老壁,68,40,23,1,1,0,0,_
709,0,鬼鬼,0,44,0,0,0,32,0,_
710,0,杰,0,10,1,0,0,128,0,_
711,0,用户49675112809,0,29,0,0,0,25,0,_
712,0,用户3059985242740,0,615,6,0,0,2192,0,_
713,0,小宝宓加,113,154,15,40,40,48,1,记录小宝姐姐和宓加妹妹成长的故事_
714,0,小幸福《拒私聊》,1758,1086,419,0,0,0,0,_
715,0,请叫我陛下,0,14,1,0,0,2,0,_
716,0,qwer,0,33,1,0,0,4,0,_
717,0,健身与减肥,89,2900,17,59,251,76,1,健身行业十五年，告诉你健身的真相，减肥的真相ACE--CPT美国运动委员会私人教练认证NSCA-CPT美国国家体能协会私人教练认证ACSM-CPT美国运动医学会私人教练认证NASM-CPT美国国家运动医学会NSCA-CSCS美国国家体能协会运动训练专家职业经理人十年 创业五年_
718,0,用户8418237723688,0,93,2,0,0,177,0,_
719,0,夏县蒙娜丽莎新派摄影,368,571,179,63,64,541,1,关注我，观看更加精彩视频。_
720,0,河北倪妮,3,639,5,2,2,5197,0,_
721,0,逗,0,1014,58,0,0,0,0,_
722,0,无限不循环,0,66,3,0,0,280,0,_
723,0,用户8805839728631,8,138,4,0,101,403,0,_
724,0,杨颖味的薯条 (林汐瑶),237,912,210,22,24,1727,0,_
725,0,沐兮,0,168,5,0,0,101,0,_
726,0,麻麻说过名字不要取太长，像我这样就好😁,59,1666,67,1,19,625,0,_
727,0,🌸✨樱桃子🌸,26,94,17,8,8,414,0,_
728,0,火山还没睡醒,3874,2170,493,87,87,2237,1,取人之长，补己之短。_
729,0,iohuwecviudsivb,0,42,0,0,0,2,0,_
730,0,念初🍎,74,111,42,5,7,0,1,谢谢关注，谢谢点赞(✪▽✪)_
731,0,子非鱼,2298,978,372,36,36,2800,1,不要迷恋姐，姐只是个传说_
732,0,右手边9541,43,1815,61,13,20,2202,0,_
733,0,社会軍軍,513,5001,278,35,35,73436,1,温柔的坏男人_
734,0,师傅呢？,0,653,9,0,0,980,0,_
735,0,哈哈,1,472,1,1,1,491,0,_
736,0,用户8251107584444,0,164,3,0,0,25974,0,_
737,0,用户1866723626035,0,293,2,0,0,0,0,_
738,0,WIthoutSoul917,0,705,3,0,0,742,0,_
739,0,课蜜几黄蜂,183,380,11,58,58,0,1,我爱着光和热，所以不愿意怨恨_
740,0,晴菁教育培训学校,4443,3403,1437,161,173,0,1,山西芮城晴菁教育培训学校张桃，13834105457（微信同号）_
741,0,花GG🌹🌹,2025,948,601,18,72,618,1,予人玫瑰🌹手留余香相处久了，你就会发现我是个坏小子😄😄🌹假矜持（回关回关）🌹再晚别忘了回家的路！🌹_
742,0,小没出息,1129930,434,4874,91,92,1839,1,等我社开箱我一定日更，不要离开我😭等我有男票了，我就拍点小剧场前提是我得有个男票_
743,0,文代佳,63493,226,512,39,39,367,0,_
744,0,我是慈愍,17,166,14,4,4,875,1,😊新手上路，请多关照。每日分享智慧生活，一起幸福吧！愿灵魂比来的时候更高尚。在通往幸福的路上一路同行，你 愿意吗？_
745,0,小小,0,57,38,0,0,0,0,_
746,0,热火,79,102,26,8,8,575,0,_
747,0,不将就,0,5,13,1,1,370,1,人如天上的明月   是不可拥有_
748,0,*,5,70,6,0,0,0,0,_
749,0,阿里,1664,214,973,61,62,0,1,你是我患得患失的梦，我是你可有可无的人！_
750,0,用户34336832,0,40,0,0,0,1,0,_
751,0,临安安,4,5,1,3,3,21,0,_
752,0,妙静,0,465,9,0,0,834,0,_
753,0,Amanda郁,1,909,8,1,1,2303,0,_
754,0,郭丧丧丧丧丧💫,0,328,15,0,3,2195,1,2018年度快乐男孩儿总冠军_
755,0,👑HRu,153,36,32,8,12,244,1,小瓶子_
756,0,星星的太阳,147,56,46,19,19,365,0,_
757,0,pakho,0,67,12,0,0,65,1,嗯_
758,0,吃货的钱包,16,984,64,0,0,0,0,_
759,0,默默,0,42,2,0,0,248,1,我的未来不是梦_
760,0,user3996216048915,14,172,6,2,3,252,0,_
761,0,冰蝶《靓仔》潮男装,141,175,90,23,23,78,1,本人从事服装行业已经二十多年，本着诚信，真诚，认真服务好每一位顾客.希望每位小主都能找到您喜欢的那款服饰.我会真诚的服务好咱们每一位小主，欢迎新老客户前来光临_
762,0,米豆,5310,257,224,220,292,12476,1,（55992596）（@）55992596_
763,0,小小欢,4145,894,582,38,38,3184,1,努力生活！努力爱自己！_
764,0,瑄宝贝,158,311,278,11,11,370,0,_
765,0,王斌,0,57,16,0,0,0,0,_
766,0,晓凡,0,134,22,0,0,0,0,_
767,0,童乐幼儿园,2286,1239,402,177,177,2724,1,报名热线18295990690_
768,0,用户2638523612642,0,159,15,0,0,86,0,_
769,0,用户147876301248,0,32,2,0,0,33,0,_
770,0,我,39,308,89,3,3,817,0,_
771,0,QT君,16,1112,15,6,6,3478,1,偶尔唱情歌_
772,0,邱理,0,40,2,0,0,9,0,_
773,0,用户1218776405203,0,155,0,0,0,34,0,_
774,0,🤓,20,221,6,0,2,0,0,_
775,0,奔腾,96,128,176,3,3,641,0,_
776,0,老妙,281,2621,489,3,3,2859,0,_
777,0,酱籽吖.,797,4675,1449,35,37,0,1,梦璃.梦西这两人请勿动，他们是我的本人正在单身中……1W粉啥都可以2万粉露脸你赞我一个作品，我赞的所有作品真的，真的，真的重要的话说三遍_
778,0,O,0,632,24,0,0,0,0,_
779,0,燕清晨,22,43,6,5,5,0,1,时间不说话，静静回答_
780,0,꧁꧂,0,128,11,0,0,0,0,_
781,0,羊咩咩-April,1291,688,53,62,204,0,1,这辈子做条自律的狗_
782,0,便民菜篮子。(拒私聊),1951,2214,471,27,140,12770,1,厚德载物_
783,0,山茶花🌸,1,372,8,0,1,227,1,你现在气质里藏着你走过的路，读过的书和爱过的人。_
784,0,陈三岁,0,309,2,0,0,289,0,_
785,0,搞怪哥世事学问,88,1480,146,4,6,6982,0,_
786,0,幸福 ,28,64,43,1,2,641,0,_
787,0,少陵祥祥祥祥祥,5,152,20,8,12,729,0,_
788,0,dlk,6,173,8,0,0,0,0,_
789,0,TLX simple,39,361,41,0,0,533,1,微信店铺Y19971997A_
790,0,好名字,1238,823,1139,0,2,1735,0,_
791,0,赤,0,574,30,0,0,0,0,_
792,0,龙沛,0,24,66,0,0,89,1,年岁有加，并非垂老。理想丢弃，方堕暮年。_
793,0,🥳Mandy-慢滴～,502,5000,143,165,403,41153,1,总觉得一次性点我几十个赞的都是傻子😯_
794,0,好心眼儿巨人,0,167,1,0,0,20,0,_
795,0,朱朱Zhy_z,127,302,62,5,5,482,1,always_
796,0,一生平安17650,2184,1533,638,45,45,3398,0,_
797,0,王明伊,0,2414,44,0,0,5938,0,_
798,0,Sophia,19,388,29,12,12,216,0,_
799,0,😂黑猫,9,8,9,1,2,165,0,_
800,0,用户5993235867777,65,94,9,13,14,671,0,_
801,0,来去自由的风,171,323,27,39,53,1302,1,The present is called the gift._
802,0,百多1..↘>入>一`7280A./一一,35,759,43,9,11,580,0,_
803,0,城西 ,0,12,1,0,5,2,0,_
804,0,阿甘,4,178,8,1,1,0,1,生活明朗，万物可爱_
805,0,"欧洲衣栈b6~021,023",5291,2944,1194,226,229,7585,1,有缘走进您的生命，陪您一起路过这个世界，真好_
806,0,是我呀…,0,228,13,0,0,0,0,_
807,0,象州人大,108103,82,16701,48,63,697,1,专注民主法治讲好人大故事_
808,0,阔纶实业,10,130,71,1,1,746,0,_
809,0,姜鑫,22,973,9,13,13,14505,0,_
810,0,XH,0,1954,10,0,0,1405,0,_
811,0,远方的人,0,816,21,0,0,202,0,_
812,0,君子男,6199,4493,1217,139,139,8047,1,青春再显_
813,0,我,0,77,2,0,0,121,0,_
814,0,Nlofar,0,2460,20,0,0,0,0,_
815,0,我想我121,0,2281,17,0,0,20637,0,_
816,0,草莓麻麻,2146,892,103,172,172,4329,0,_
817,0,cclyyoo丶,0,63,2,0,0,0,0,_
818,0,用户5121792833267,88,940,125,1,2,945,1,拼搏_
819,0,@动起来！,42,107,23,3,4,2109,0,_
820,0,Ah,3,344,15,3,3,0,0,_
821,0,幸福缘,0,1021,120,0,0,1781,0,_
822,0,于方方十一,16,1663,53,0,3,8621,1,喜欢天蓝色的女孩_
823,0,可爱的大熊猫,107,280,33,0,62,992,0,_
824,0,川山乐,43,4572,181,7,7,1078,0,_
825,0,Sea,2191,378,206,256,256,1335,1,18Fans快时尚女装！让你学会怎么穿搭，加V530994392，了解更多，我们一起做朋友吧！_
826,0,can,12,640,21,2,2,0,0,_
827,0,M-Dearm,22,343,16,7,11,244,0,_
828,0,情不知,76,316,9,15,17,0,1,我把情话说给你听!_
829,0,毒药,14441,832,1205,199,199,2301,1,幸福的小女人_
830,0,A、外滩1號💎时尚定制💎杰森,639,318,111,18,18,179,1,V➕☎️15617778941_
831,0,Oh奇遇呀,41,487,34,3,3,2636,0,_
832,0,郑@健康使者,331,1773,410,4,7,1537,1,身体健康是我们共同心愿！_
833,0,我就是小阿猫,0,82,19,0,0,20,0,_
834,0,橘子汽水,0,185,33,0,0,5403,0,_
835,0,盛世开元,0,147,9,0,0,339,0,_
836,0,top_LD,20,150,48,3,6,596,1,与生俱来的自由_
837,0,。,0,296,4,0,0,23341,0,_
838,0,尛徐子,56048,4608,1802,258,383,0,1,有一种花香叫夜来香，在无人欣赏的情况下，依然开放自己，芳香自己，他只是为了让自己快乐。_
839,0,王彬,276,467,116,17,19,554,0,_
840,0,哈哈哈……,0,741,10,0,0,0,0,_
841,0,Angelahu,186,1337,41,22,22,3079,1,舞动我心_
842,0,瑶瑶,382,1881,112,74,75,6729,0,_
843,0,迷失的小鹿,4,908,6,0,1,10363,0,_
844,0,很多网友,0,164,20,0,0,2227,1,无良少女_
845,0,禅那yoga,5,105,34,0,2,248,1,瑜伽轮☞☞☞健康的脊柱伴侣瑜伽轮的弧度~~练习脊柱柔韧瑜伽轮不稳定~~激活深层肌肉瑜伽轮的重力~~增加肌肉强度_
846,0,marat,73,210,18,24,26,914,1,玩起嗨起_
847,0,平姐,7919,633,595,168,176,0,1,存入健康，支出快乐😊_
848,0,你好，我就好,455,3708,887,17,21,2807,1,中国珠心算高级教练。世界珠心算功臣陈子镜老师的26年学生通过系统的相似教学，一教几会一举多得，轻松学会多位数加减乘除。目的是开发智力培养能力。真的很高兴遇见你们，让我们一起学习，为了孩子。有能帮到你的，尽管说。_
849,0,牡丹,758,960,105,44,48,6236,0,_
850,0,王,0,4303,53,0,0,8503,0,_
851,0,缘来是你。,362,869,215,6,31,1645,0,_
852,0,岳先生,107,237,73,8,8,884,1,本人姓岳，身高183，体重70qk！单身！！_
853,0,咸鸭蛋,0,3821,247,0,0,1812,0,_
854,0,freedom 雁,2212,754,267,159,183,5645,0,_
855,0,糊糊HuYaMii,48,616,58,4,5,3622,1,🐋_
856,0,我是灰呀,5,178,4,3,3,526,1,喜欢视频剪辑和分享，各类搞笑和励志视频。娱乐生活，娱乐大家。可以多多关注我喲_
857,0,成林，,0,77,1,0,0,0,0,_
858,0,用户4658853551591,0,241,11,0,0,134,0,_
859,0,悠悠小调,0,283,2,3,3,30,0,_
860,0,丽韵,0,684,58,0,0,6074,1,清淡如水，明媚如花！_
861,0,用户9092376964593一笑而过,1751,332,84,75,75,3283,0,_
862,0,LOVElove,16,693,11,18,18,335,1,LOVE 🌷_
863,0,用户6829291873549,0,547,6,0,0,266,0,_
864,0,人间失格.,0,52,1,0,0,4612,0,_
865,0,风云笑林,2013,362,397,41,42,868,1,用温暖的声音传递爱和正能量_
866,0,嫣缘,18,1971,38,4,4,1967,0,_
867,0,小辣椒,2306,2106,450,37,37,15703,0,_
868,0,小米粒201324,5685,228,1079,47,49,2957,1,生活太苦了  你是我的那颗糖吗_
869,0,石头的诱惑,280,38,35,30,30,23,1,免费鉴定珠宝玉器。精致小铺，精品不断。_
870,0,姜红,0,605,93,0,5,1635,1,酒与茶_
871,0,用户7375716790138,9,273,7,4,4,527,0,_
872,0,时光^_^,2,218,7,1,1,127,1,阳光生了锈，便成了时光……_
873,0,如梦,49,697,8,0,0,0,0,_
874,0,打不过就生磕,224,380,35,47,67,0,0,_
875,0,温暖9776,22,539,17,6,6,713,0,_
876,0,星空一班亮,0,335,19,0,14,2332,0,_
877,0,往昔已逝,69,138,25,4,4,46,1,没事偷着乐是不太可能了，偷着胖还是有点儿希望。_
878,0,Adira,11,167,13,1,1,1155,0,_
879,0,lynn,17,989,23,4,4,4724,0,_
880,0,用户5682090221753,0,670,6,0,0,905,0,_
881,0,qinqin,10156,597,675,130,131,20170,0,_
882,0,寒雪,849,1692,414,15,15,1305,1,给心找个归宿！_
883,0,金峰書法,1106,1983,901,50,50,2608,1,弘扬中国诗词古文化，传播书法励志正能量！_
884,0,用户1675886780966,0,12,4,0,0,22,0,_
885,0,SOHO饿哦,0,805,12,0,0,2770,0,_
886,0,闫梦璐     执手偕老,3271,814,258,105,106,7042,1,静赏落花，闲看白云_
887,0,湖边树,14,2323,59,1,1,2108,0,_
888,0,雨过天晴,1,267,19,0,1,490,0,_
889,0,Helen,0,4496,1,0,0,0,0,_
890,0,sunshine,0,1037,88,0,0,0,0,_
891,0,绿豆杂货铺,6,346,3,6,7,3460,0,_
892,0,SUPERcay,0,1282,12,0,0,1002,0,_
893,0,自然友女,179,80,26,65,67,979,1,学你玩_
894,0,不忘,0,1663,0,0,0,1046,0,_
895,0,狗哭,262,843,17,0,0,0,0,_
896,0,🌹🌹🌹格格🌹🌹🌹💃💃💃,11033,1332,563,393,397,12986,0,_
897,0,用户8661785463539,0,57,13,0,0,360,0,_
898,0,胭脂扣,5496,1302,485,171,186,3763,1,微笑，这世间最美的语言。用微笑面对身边所有的人和事！_
899,0,小镇新青年,4,37,10,2,2,34,1,🗣️共识值千金_
900,0,LYR,0,515,77,0,0,3192,0,_
901,0,Max,25,251,82,1,9,1153,1,Chill bro_
902,0,MINYA,2,226,28,0,1,2932,0,_
903,0,用户2123691983585,0,639,53,0,0,652,0,_
904,0,过儿,8,3019,20,4,4,969,0,_
905,0,Gklook,0,266,19,0,0,304,0,_
906,0,star,0,107,10,0,0,299,0,_
907,0,杰克,0,868,58,0,0,2036,0,_
908,0,fanfan,0,356,0,0,0,0,0,_
909,0,pai达星,14,106,11,1,2,1991,1,生活处处快乐不要在难过了能开心一秒就开心一秒吧_
910,0,点点老师,749,2380,213,88,88,0,1,妈仔谷悦泳水育馆点点老师_
911,0,謇謇,0,14,0,0,0,23,0,_
912,0,大黄疯,50,267,26,7,8,700,0,_
913,0,swang,21,1445,58,0,0,0,0,_
914,0,小旭Federer,543,1128,703,5,14,0,1,serendipitous_
915,0,用户1143300700661,0,389,8,0,0,107,0,_
916,0,我叫tiger,25,372,5,0,0,0,0,_
917,0,用户9094977060391,0,955,0,0,0,758,0,_
918,0,妮宝贝,554,684,360,27,33,8078,0,_
919,0,六公格😋😋😋,3,1582,21,0,6,1728,1,坚持内心所想，追求自己想要的一切_
920,0,简单快乐呀,0,108,0,0,0,317,1,幸福我希望幸福的_
921,0,hahahaha,0,239,3,0,0,3,0,_
922,0,刘 (*^_^*),69,20,16,18,18,45,0,_
923,0,二次元1,0,11,0,0,0,66,0,_
924,0,健忘懒癌患者的神经日记,0,2347,39,0,0,0,0,_
925,0,距离步遥远,1,896,38,0,1,2084,1,一个喜欢唱歌的人。_
926,0,羊棒骨火锅,32,1615,98,3,3,1932,0,_
927,0,宁哥,168,878,188,17,19,1067,1,来自山西黄土高坡的苹果！黄河水灌溉、自然成熟、不打蜡、不催熟、带皮吃、水分足、皮薄个头大、无农药残留、双层袋保护、含多种维生素、老少皆宜，馈赠亲朋好友之佳品！_
928,0,姑姑的过儿,51,370,20,10,61,0,0,_
929,0,jj,6906,684,415,292,338,9720,0,_
930,0,刘&$,0,329,105,0,0,779,0,_
931,0,赵小仙,33,392,11,4,4,2725,0,_
932,0,爱的世界只有你,3874,827,404,106,108,8202,1,我能想到最浪漫的事就是和你一起慢慢变老_
933,0,寻牧之羊,0,101,0,0,0,0,0,_
934,0,影子,7,294,31,2,17,11661,0,_
935,0,开森,0,292,13,0,0,495,0,_
936,0,Jeff Sun,0,252,16,0,1,1075,0,_
937,0,彩虹糖,0,1158,8,0,0,3392,0,_
938,0,nothing better,0,734,23,0,0,0,0,_
939,0,用户7583520639849,0,604,4,0,0,49,0,_
940,0,晴&天,0,76,0,0,0,0,0,_
941,0,乐阳,15,357,1,0,0,0,0,_
942,0,心术,0,62,19,0,0,680,0,_
943,0,逗逗乐乐笑哈哈,54,236,13,23,24,0,0,_
944,0,一米阳光,350,292,137,52,56,629,1,生活不简单，尽量简单过_
945,0,张夏忙/PeterZhang,0,2370,78,0,0,157,0,_
946,0,冰雪儿,9415,819,467,187,187,864,1,不求与人相比，但求超于自己。_
947,0,呱呱,0,353,0,0,0,0,0,_
948,0,废物,0,3172,81,0,0,7333,1,喜欢德云社。喜欢穿汉服。喜欢听小曲。喜欢听相声。喜欢喝茶。就是想死💔_
949,0,多,59,147,15,10,119,9,1,做自己，随别人去评说_
950,0,1440,2,218,17,6,6,0,1,I don't know what I don't know_
951,0,*Forwards,5,383,9,0,0,454,0,_
952,0,露水承恩,0,275,32,0,1,177,0,_
953,0,老李同学,0,550,18,0,0,1421,0,_
954,0,乐小忆爱学习,106,852,24,3,371,0,1,不要禁锢在自己的思维当中_
955,0,用户2186121302711,0,162,0,0,0,49,0,_
956,0,jwm,76,565,7,61,62,582,0,_
957,0,✨水窮云起,7240,532,382,155,157,0,1,行到水穷处，坐看云起时。_
958,0,ch,0,1921,10,0,0,24333,0,_
959,0,Irene,0,833,17,0,0,0,0,_
960,0,顺,0,218,1,0,0,298,0,_
961,0,凡,0,584,8,0,0,1283,0,_
962,0,buenas noches,152,454,39,0,7,0,1,我忽然觉得这漫长岁月 没人值得等待_
963,0,聿辰,31,611,14,25,25,315,0,_
964,0,时清,32,330,29,4,13,0,1,扶摇直上九万里_
965,0,好像在那里见过你,0,1662,289,0,0,0,0,_
966,0,100°存在🙈,481,126,92,32,40,1661,1,物来顺应，未来不迎，过往不恋，活在当下。_
967,0,Pluto.,0,395,11,0,2,2461,0,_
968,0,董,72,4931,49,8,8,9763,0,_
969,0,祺祺,5,99,9,1,1,131,0,_
970,0,开心街,0,107,10,1,1,114,0,_
971,0,芬芬,27,99,10,3,3,4001,0,_
972,0,简体中文,20,84,18,4,4,51,0,_
973,0,用户5234262572030,0,1467,17,0,0,136,0,_
974,0,校长大人,294,2496,226,32,32,7196,1,就是为了🔥_
975,0,Casablanca    ~666,2353,246,106,81,94,457,0,_
976,0,大朝,0,468,10,0,0,506,0,_
977,0,大钱妈,0,532,4,0,0,1740,0,_
978,0,🤘🏼Zombie🤘,68,249,228,13,22,17507,1,他人即地狱_
979,0,用户5984359480443,0,1376,13,0,0,15969,0,_
980,0,Lmy。,67,303,22,30,30,70,1,一生只为等一人❤️_
981,0,仰望星空,822,316,90,67,69,915,1,和顺斋火锅店和顺斋牛羊肉店_
982,0,@初暖,64,64,13,21,22,1427,0,_
983,0,SHERRY 夏,300,651,46,35,36,8128,1,自由   理想   青春   未来  梦想   成长   奋斗_
984,0,用户1939483361635,0,16,1,0,0,13,0,_
985,0,你的名字( ´◔ ‸◔`),85,1070,33,21,22,0,1,所思在远道_
986,0,用户5172176211060,1,404,3,1,1,0,0,_
987,0,明天会更好,21,1226,51,5,5,5799,0,_
988,0,丁家姑娘,99,144,10,49,49,1562,1,谢谢你的关注_
989,0,用户8393983222344,0,130,26,0,0,843,0,_
990,0,用户4886656520310,7,29,4,2,2,133,0,_
991,0,剧院魅影,0,5001,492,0,0,49822,0,_
992,0,只饮烈酒◣善悪◢不谈过往,2567,1416,280,0,0,0,0,_
993,0,是书闲呀,0,669,7,0,0,2304,1,小雪银_
994,0,丢了幸福的猪,185,154,24,38,38,308,0,_
995,0,《得一<>云长国学》~文人,5823,1853,1498,86,96,39522,1,神依形生，精依气盛，不凋不残，松拍青青。_
996,0,ssdfhvddf,0,346,2,0,0,477,0,_
997,0,焦氏苗木,23466,1798,1770,111,114,0,0,_
998,0,hghgdgh,0,50,2,0,0,330,0,_
999,0,平慈入心,0,1921,91,0,0,146,0,_
1000,0,蓝焰,0,865,0,0,0,0,0,_
1001,0,糖糖爸爸,483,495,167,18,18,4213,0,_
1002,0,情若自禁,11,1315,17,2,2,7681,1,说一些积极向上，有时候说着说着你我就都会阳光起来，所以撇开浮躁，安静下来，舒适坚强。生活会一点一点变好的。_
1003,0,🌤,98,1041,63,27,27,3723,1,吃好喝好长生不老_
1004,0,水壹方教育,85,188,23,48,48,953,0,_
1005,0,Tessa,0,18,26,0,0,43,0,_
1006,0,铁文,234,143,10,98,292,7467,1,要开心😁早日找到他_
1007,0,李沐沐,103,167,34,10,11,15378,0,_
1008,0,浩武静休,0,559,149,0,0,2435,0,_
1009,0,栗子的小世界,174,116,66,22,23,1952,1,欢迎来到我的小世界～_
1010,0,咳咳咳🌼,18,196,4,6,7,2859,1,但愿日子清静抬头遇见都是柔情。_
1011,0,星星,20,224,14,3,3,583,0,_
1012,0,神龙,62,675,52,10,12,0,0,_
1013,0,夕晴,0,296,3,0,0,67,0,_
1014,0,邵邵邵~,169,164,34,29,31,912,0,_
1015,0,小呆萌.   ,115,753,87,16,33,1285,1,生活不止眼前的苟且，还有诗和远方。_
1016,0,O,0,103,0,0,0,0,0,_
1017,0,吹吹风,0,2819,43,0,0,2495,0,_
1018,0,喜欢自己,675,191,128,93,94,1190,0,_
1019,0,理解宽客,0,245,99,0,0,786,0,_
1020,0,寻找字号,493,232,113,55,55,1059,1,On the road~Be happy and  warm~_
1021,0,aeiou,4,145,44,0,11,356,0,_
1022,0,小宇点吖,27,379,16,2,5,0,0,_
1023,0,用户3961855585112,0,204,3,0,0,2004,0,_
1024,0,用户3676345310866,3,1673,7,0,11,3281,0,_
1025,0,冰糖雪梨,2720,1405,285,116,1106,13074,1,主营绍兴女儿红，古越龙山黄酒及调味品的实体店主。喜欢分享生活中的美好和感悟。_
1026,0,·,59,2474,14,0,0,0,0,_
1027,0,要打赢奥特曼的怪兽,11,2724,20,2,2,0,0,_
1028,0,abc,335,761,37,56,106,0,0,_
1029,0,用户818749638847,0,38,5,0,0,268,0,_
1030,0,Neil不吃糖,938,951,1165,12,13,1041,1,不加工会哦_
1031,0,雨墨如画,9,1828,31,1,2,447,0,_
1032,0,西红柿,0,483,12,0,0,201,0,_
1033,0,用户3070003558114,0,241,3,3,5,65,1,运城市八一市场华夏食品烘培原料_
1034,0,SONG,77,80,22,15,15,249,1,因上努力，果上随缘_
1035,0,创梦客女霞,725,1548,434,10,23,1980,1,尊重自己的内心去生活，尽可能的帮助更多的人_
1036,0,用户2093579422927,0,100,0,0,0,31,0,_
1037,0,杜鹃花,3,244,35,1,1,291,0,_
1038,0,Lucy,1,254,16,0,0,273,1,我是天地一尘埃_
1039,0,王子淳,965,58,155,55,58,125,1,王子淳研习社创始人_
1040,0,耕☁️,0,88,0,0,0,33,0,_
1041,0,万F,8,97,13,1,1,0,0,_
1042,0,热望,32,652,23,3,3,9850,1,祝你万事如意 百事可乐 好在明天🌿_
1043,0,Mr.MVP,40,599,23,7,8,0,1,万物之中，希望至美_
1044,0,开心,1,42,33,0,0,0,0,_
1045,0,用户3551398298972,0,379,30,0,1,398,0,_
1046,0,叶之秋,1468,220,105,7,7,991,1,如果我是太阳，会不会期待天亮。_
1047,0,奋斗322,0,499,97,0,0,0,1,愿你累了有人疼，难过有人懂_
1048,0,蛙,154,1095,84,0,0,0,1,。_
1049,0,当里个当,0,163,6,0,0,34,0,_
1050,0,天使👼,13,1705,39,4,4,116,0,_
1051,0,抖音小白,0,138,2,0,0,98,0,_
1052,0,思念的雨,27,394,87,3,3,971,0,_
1053,0,CC视频剪辑,0,501,17,0,0,0,0,_
1054,0,用户8040727580161,0,210,3,0,0,63,0,_
1055,0,用户8628733306060,589,802,125,20,20,1790,0,_
1056,0,用户5732247513747,0,160,3,0,0,37,0,_
1057,0,妖精六,0,46,3,0,1,11,0,_
1058,0,Mim💖,0,34,0,0,0,0,0,_
1059,0,淡定。 ☜ ▄︻┳一 ☞低调,72,1385,122,9,16,24702,0,_
1060,0,侠客,318,4605,1,0,0,0,0,_
1061,0,七杀杨,6,440,95,2,3,2525,0,_
1062,0,一缕阳光在云端,3027,4657,1497,293,459,1070,1,走自己的路让别人说去吧！_
1063,0,por una cabaza,0,252,14,0,0,0,0,_
1064,0,丫头👸,1323,971,176,259,259,2127,1,需要人陪_
1065,0,vv,40,2485,95,14,16,1524,0,_
1066,0,sunflower🍥,123,647,63,5,5,50,1,是在那成长的差距里，我和你不在肩并肩，最后我们都只是选择走自己合适的路罢了_
1067,0,orchid,0,697,0,0,0,0,0,_
1068,0,飞,0,101,59,0,0,747,0,_
1069,0,卿颜,4,88,2,3,4,113,0,_
1070,0,“建侬”服装团购,426,2295,468,27,28,3195,1,励跑天下  尽享人生_
1071,0,老人家,234,261,72,12,12,986,0,_
1072,0,大帅锅,4,405,6,2,2,640,0,_
1073,0,😊哈哈哈哈😊,1112,704,49,62,62,0,1,笑大囍的生活日常_
1074,0,佛晨,0,654,118,0,0,1267,1,愿爱你的和你爱的都过的好！_
1075,0,好酒莓见,118,261,123,7,7,41275,1,我是静静，带你了解国人智慧，静品红酒，记录点滴生活。_
1076,0,清风,0,1375,63,0,0,1824,0,_
1077,0,Anne_,68,758,24,10,10,0,1,幸福，就是好好爱自己_
1078,0,瑶瑶,38,516,95,2,5,119,1,向前看，努力提升自己_
1079,0,安然,9,960,9,1,2,470,0,_
1080,0,诚信,385,1424,237,12,46,0,0,_
1081,0,风清扬,0,181,9,0,0,215,1,知道你喜欢我 就承认了呗_
1082,0,喜羊羊,0,85,0,0,0,2614,0,_
1083,0,梓沐,245,929,55,82,114,0,1,得之我幸_
1084,0,好人,35,630,154,2,3,1399,0,_
1085,0,❤️,1754,465,169,657,660,0,1,匠人精神、贩卖美好……_
1086,0,神之右手,3897,2864,226,265,266,17963,1,ღ🚜 人不是从娘胎里出来就一成不变的，相反，生活会逼迫他一次又一次地脱胎换骨！☄“有一种朋友不在生活里，却在生命里；有一种陪伴不在身边，却在心间 ”♡盐于律己 ◡̈ ᶜᵘᵗᵉ 甜以待人_
1087,0,欧同学,0,843,29,0,0,101,1,健康生活 简单幸福_
1088,0,冰清玉洁,154,77,54,11,11,922,0,_
1089,0,泰迪熊丫🧸,27,2016,35,1,94,3137,0,_
1090,0,你我他,0,599,12,0,0,8787,0,_
1091,0,开心,1905,1642,336,106,106,2922,0,_
1092,0,莲花,102,378,100,5,5,1294,1,健康就是福气_
1093,0,晚霞~,3294,424,101,279,281,1970,0,_
1094,0,用户1056457855460,0,183,56,0,0,241,0,_
1095,0,用户9252242579966,4,105,2,1,10,69,0,_
1096,0,亿万富婆,0,273,7,0,0,766,0,_
1097,0,高英健,0,363,15,0,0,252,0,_
1098,0,舒心,6,196,14,1,1,309,0,_
1099,0,郝巧霞,8389,1983,907,208,282,0,0,_
1100,0,道,0,679,55,0,0,241,0,_
1101,0,﹏℡瀪華ヤ流年 ♚,8,175,0,0,0,0,0,_
1102,0,楚婷,0,499,5,0,0,111,0,_
1103,0,不久,23,2180,24,6,18,21127,0,_
1104,0,黄小样,61,1702,44,21,22,6277,1,"喜欢篮球，英语，Original englsih, Let's go!_"
1105,0,chen ,33,75,52,6,6,416,1,猪是念来过倒_
1106,0,熊猫乖乖55933361,0,574,10,0,0,2015,0,_
1107,0,用户8672797544268,0,345,5,0,0,73,0,_
1108,0,周姜姜,0,274,1,0,0,0,0,_
1109,0,🐌 小小的我,43,253,55,0,0,0,0,_
1110,0,今彩,0,457,8,0,0,209,0,_
1111,0,&語$,0,255,30,0,0,1154,0,_
1112,0,雾中花,1894,498,315,36,36,0,1,谢谢你的关注！_
1113,0,dyotl380lwfs,1018,816,365,27,27,2714,1,临猗小董车辆中介13935998136_
1114,0,我的小可爱,5347,3240,367,222,225,10997,1,我的小可爱_
1115,0,邻家美汇🌸,17,354,4,0,0,0,0,_
1116,0,忘川105819856,0,35,5,0,0,0,0,_
1117,0,用户6243177005542,0,935,32,0,0,7641,0,_
1118,0,今晚不吃饭哦,27,323,49,3,129,0,1,爱自己是终生浪漫的开始_
1119,0,李佩轩,820,665,107,141,141,4737,0,_
1120,0,用户9375676960764,0,1676,22,0,0,3490,0,_
1121,0,喜碧仙仙,98,273,15,16,35,2016,1,追求内心的淡泊宁静，如梅花傲立冰雪，没有华丽的姿态，没有喧哗和争吵。_
1122,0,魅舞hy,105,429,17,40,40,687,0,_
1123,0,P E,2,239,5,1,1,435,1,珍惜每一天_
1124,0,可爱柠🐻,4,195,8,4,4,490,1,一个可爱上进的小姐姐☆知你冷暖，懂你悲欢💛_
1125,0,命中注定,12,2395,22,2,2,24917,0,_
1126,0,Eudora,0,1266,9,0,0,4188,0,_
1127,0,？？？？？？？？,0,50,0,0,0,39,0,_
1128,0,用户845799,1102,451,141,63,66,3401,0,_
1129,0,Ariel.,1,24,5,0,0,0,0,_
1130,0,你是寒风、,0,88,16,0,0,411,0,_
1131,0,用户7921602357500,79,125,27,10,10,128,0,_
1132,0,昵称已重置,1,137,44,0,3,370,0,_
1133,0,一飞,1118,1022,120,191,192,499,1,天津的一位英语老师兼班主任，热爱教学，尊重孩子，乐观心态_
1134,0,用户666890554610,0,1677,8,0,0,3830,0,_
1135,0,Aら苏苏,1253,252,180,0,0,0,0,_
1136,0,小糖块❤️,2,183,47,1,1,446,0,_
1137,0,Miaowu,0,478,3,0,0,0,0,_
1138,0,来碗豆腐丝基,23,490,10,6,7,1914,1,喜欢吃鸡➕王者荣耀_
1139,0,戴绍鹏,34,645,45,11,12,1293,0,_
1140,0,Fonsen,10,3477,46,0,0,0,0,_
1141,0,泉家福,56,335,27,16,17,2229,1,幸福是奋斗出来的！_
1142,0,彩虹,0,561,4,0,0,0,0,_
1143,0,起个啥名,9,1909,160,0,3,0,0,_
1144,0,Kevin Liao,0,185,4,0,1,0,0,_
1145,0,一只渔,0,1150,13,0,0,0,0,_
1146,0,屿岛,22,529,13,16,16,0,0,_
1147,0,媛媛家的小怪兽,15,2159,191,0,0,0,0,_
1148,0,杀生丸,0,45,3,0,0,45,0,_
1149,0,hanna,0,123,1,0,0,126,0,_
1150,0,徐徐,0,56,55,0,0,0,0,_
1151,0,余轩,21,3257,114,2,2,67,1,97年，你要逼自己优秀，然后骄傲的生活，余生还长，何必慌张，以后的你，会为自己所做的努力，而感到庆幸，别在最好的年纪选择了安逸_
1152,0,小可爱宝宝,38,320,10,0,126,0,1,感恩、相信_
1153,0,Chan,13,1878,69,1,3,8893,0,_
1154,0,房邻吆,0,358,4,0,0,1034,1,一只一只爱唱歌的设计师✨微博@房邻吆_
1155,0,远方,1,6,0,1,1,34,0,_
1156,0,昵称就是_昵称,6,52,8,3,8,7799,1,一起备战2020高考！_
1157,0,飞雪妮,518,1149,43,86,86,48479,1,谁道人生无再少，门前流水尚能西。_
1158,0,用户2325855959841,0,367,0,3,3,0,0,_
1159,0,新乐敦,5,44,3,3,3,50,0,_
1160,0,哦是一群神仙啊,42,1037,23,92,92,0,1,学习 健身 考试 自律_
1161,0,康姆士,0,500,10,0,0,651,0,_
1162,0,Лариса,0,187,23,0,0,941,0,_
1163,0,%,0,63,4,0,0,75,0,_
1164,0,已重置,0,364,12,0,0,3132,0,_
1165,0,小猿双师,729,2595,1302,64,78,515,1,《小猿双师》创始人：莫奇山每周一、二、四🔥8点视频准时开播🔥分享10多年创业经历和教培行业经验想入团家人私信【小猿双师助理】想应聘老师请私信【小猿双师客服】全国咨询热线：400-077-0471合作电话：15754965654_
1166,0,南浔,0,516,5,0,0,228,0,_
1167,0,去吧皮卡丘,3007,2318,134,0,0,0,0,_
1168,0,🍊,0,368,5,0,0,0,0,_
1169,0,良骏,0,243,10,0,0,1518,0,_
1170,0,格蕾丝儿,1843,82,71,8,8,0,1,嗨，想送你：繁华都市的烟火气🌆平凡世界的小精彩💃.“不客气”_
1171,0,空自许～,10,4745,146,0,0,0,0,_
1172,0,無 🎀 糖,6,480,0,1,1,7813,0,_
1173,0,Mockingbird,137,1734,125,32,34,0,1,无_
1174,0,想开动物园的市民潘,735,130,147,108,109,0,1,暗尘随马去，明月逐人来。愿春华秋实，山河无恙，你我相见。_
1175,0,诗韵🌈,167,656,35,0,0,0,0,_
1176,0,通雅国文,191,177,48,30,30,90,1,以纯正中文之美，让孩子爱上中国文化。深圳通雅国文的东君老师将通过品读诗文，人文游学，性情教育等方式让你一边学好国学，一边学好语文！_
1177,0,我是传奇zju,9,914,39,0,0,0,0,_
1178,0,沧海月明,3,183,3,0,0,0,0,_
1179,0,LA,0,209,0,0,0,0,0,_
1180,0,手机用户12345678,0,768,3,0,0,0,0,_
1181,0,lzNathan,10,2262,29,0,0,0,0,_
1182,0,倾听雨落,9,164,7,4,4,2361,1,设计小姐姐一枚~_
1183,0,Peter先生,30,1175,236,0,0,0,0,_
1184,0,Ycc freedom,6,2451,17,3,3,8511,0,_
1185,0,用户1970277013272,0,1761,10,0,0,0,0,_
1186,0,Elvasolo,109,176,65,5,43,798,0,_
1187,0,雷丘丘丘丘丘,0,539,2,0,0,0,0,_
1188,0,",,Ծ^Ծ,,大笑不漏牙",195,376,47,84,142,7140,1,时间能留住的才是真正能拥有的～_
1189,0,Ormosia👻,246,252,41,37,37,0,0,_
1190,0,老肥肥,10,344,10,0,0,0,0,_
1191,0,罗一,6,492,6,0,1,0,1,✨️谢谢关注💫️_
1192,0,- 猫巷 °,4,734,11,2,4,329,0,_
1193,0,用户579464089,12,314,6,3,3,2086,0,_
1194,0,可乐泡枸杞,0,1811,50,0,0,3122,0,_
1195,0,MAC677,0,643,18,0,1,1741,0,_
1196,0,李玉霞,91,2506,34,19,19,302,0,_
1197,0,璐兒美美哒💜,7,193,15,4,4,200,1,哈哈(ಡωಡ)hiahiahia_
1198,0,残夜,0,127,3,0,0,2826,0,_
1199,0,Hackbuteer,0,1367,21,0,0,0,0,_
1200,0,春辉,934,52,196,2,46,2175,1,面对和担当，_
1201,0,韩西,299,1686,40,12,160,4438,1,为你而来 💕_
1202,0,南山,73,194,36,9,18,7187,1,假如你有幸年轻时在巴黎生活过，那么你此后一生中不论去到哪里她都与你同在，因为巴黎_
1203,0,诶诶诶,10,137,4,2,2,525,0,_
1204,0,是非题,0,27,1,0,0,19,0,_
1205,0,f,57,1055,116,1,94,91030,0,_
1206,0,李李,52,808,18,6,30,2198,0,_
1207,0,是钱能拯救的人,0,2431,5,0,0,0,0,_
1208,0,☀️☀️,4915,41,126,20,23,1,1,🎈🎈The first to apologize is the bravest; the first to forgive is the strongest; the first to let go is the happiest. 最先道歉的人最勇敢;最先原谅的人最坚强;最先释怀的人最幸福。_
1209,0,明天你是谁,7,2436,33,1,1,6890,0,_
1210,0,biu,3,274,22,1,1,1518,0,_
1211,0,善,0,19,1,0,0,11,0,_
1212,0,27,203,121,10,0,0,0,0,_
1213,0,August rush ,114,1588,42,62,62,2038,1,开心_
1214,0,YSL2020,0,22,1,0,1,0,0,_
1215,0,可能否,9,37,17,1,1,591,1,各自在人海 相濡以沫_
1216,0,气质。,0,610,9,0,0,279,0,_
1217,0,什么一一,301,261,46,11,96,0,1,爱跳舞的小蹦哒_
1218,0,남과여💛❤️💙,24,454,28,8,20,1878,1,pyramid_
1219,0,3rdstreet,0,398,0,0,0,0,0,_
1220,0,小确幸☘️,233,458,42,0,0,0,0,_
1221,0,圆子陀,68,158,6,13,13,2536,1,To  you: 可爱圆子陀🌝简介：热爱生活‖分享美颜_
1222,0,✨星尘✨,82,748,400,21,21,0,1,✨✨✨✨✨✨✨✨✨✨✨✨✨✨✨✨✨✨✨山河大地已属微尘，何况尘中之尘..._
1223,0,长颈鹿博哥,4099,599,1161,4052,4053,41,1,教育，初高中知识一起学，关注博哥一起进步_
1224,0,抠脚大汉,4,161,8,3,4,10811,1,喜欢抠脚的汉子_
1225,0,Fairy.,0,174,15,0,0,388,0,_
1226,0,小杨超甜的🍄,509,218,87,22,23,9686,1,春天里的熊一样._
1227,0,行者.元帅,82,58,34,15,15,164,1,本是青灯古佛人，却因浊酒入红尘？_
1228,0,杨宝,77,1117,26,20,21,0,1,每天都是美好的自己～_
1229,0,泡芙葵葵,336,79,42,0,0,0,0,_
1230,0,喑哑.,0,136,10,0,0,771,1,喑哑无言._
1231,0,清境,0,621,23,0,0,0,0,_
1232,0,猪猪小九九,0,108,2,0,0,48,0,_
1233,0,刘德华的弟弟‘,31,40,17,15,15,161,0,_
1234,0,第五世界,0,208,4,0,0,0,0,_
1235,0,liferia,0,579,4,0,4,0,0,_
1236,0,誰把月亮踢弯了,9,210,20,0,0,0,0,_
1237,0,二娃,0,174,28,0,0,216,0,_
1238,0,浅笑,1,55,3,1,1,1325,0,_
1239,0,勤奋的蜗牛,72,4268,223,7,7,2122,0,_
1240,0,submarine,13,516,15,10,10,3554,1,我做的梦拜托不要把我吵醒_
1241,0,糯米,25,187,14,1,1,1579,0,_
1242,0,Rover,8,287,6,0,0,0,0,_
1243,0,渔人码头,8,790,20,5,5,43,1,努力…变成自己期待的样子💪_
1244,0,的的,0,407,1,0,0,567,1,哟_
1245,0,🐯哥,0,364,4,0,0,506,0,_
1246,0,露娜娜,0,1188,10,0,0,190,0,_
1247,0,蓓蓓,0,218,2,0,0,3723,0,_
1248,0,黄祥宸,0,104,6,0,0,0,0,_
1249,0,QJessica,49,1006,40,15,16,398,1,🧚‍♀️清醒温柔知进退     努力上进且优秀_
1250,0,默情,0,39,11,0,0,0,1,直男兼宅男_
1251,0,用户9096038445567,0,216,5,0,3,131,0,_
1252,0,街灯亮着,0,14,0,0,0,0,0,_
1253,0,等风来的喵,625,873,109,52,202,7527,1,普普通通平民窟女孩一枚为大家推荐我用过的平价好用的小物一起做精致的平民窟女孩_
1254,0,Sue 🍓,53,1144,19,7,21,1634,0,_
1255,0,summer,0,88,12,0,0,89,0,_
1256,0,如风,0,2097,92,0,0,0,1,乐观看待_
1257,0,欢姐姐,77,141,51,10,23,119,1,人生三千事.淡然一笑间！_
1258,0,lavender,6,367,7,1,1,4946,0,_
1259,0,文森特,59,444,48,13,13,1023,0,_
1260,0,一问三不知的清河公子,0,221,1,0,0,0,0,_
1261,0,NiKe.🕶,0,50,1,0,0,31,1,幸识._
1262,0,暖昕小太阳,0,57,9,0,0,62,0,_
1263,0,dear me,0,45,1,0,0,71,0,_
1264,0,丹磁同行,32,2613,37,11,11,3105,0,_
1265,0,大连公交广告,354,3237,2029,10,17,5453,1,大连公交媒体发布_
1266,0,叶子的夏天,2356,224,375,50,51,0,0,_
1267,0,龙哥的小胖子,139,284,14,1,73,1943,1,为你拨开云雾，许你云上看景_
1268,0,初阳,1,16,7,0,1,37,0,_
1269,0,放糖的洋芋,15,351,5,9,9,0,0,_
1270,0,春风十里。,483,362,61,48,49,0,1,故事还在继续，路还长难免有心酸，有皱眉无论怎样别松手惟愿此生清澈明朗有能力做想做的事爱想爱的人。_
1271,0,Jasmine,86,409,25,20,20,701,0,_
1272,0,志高,31,167,18,0,0,0,0,_
1273,0,蓝天天,0,238,8,0,0,0,0,_
1274,0,用户234773334806,6,37,2,3,3,20,0,_
1275,0,木子,87,124,196,40,197,663,1,中学生生涯规划咨询师高考志愿填报专家青少年生涯教育推动者新高考选课指导_
1276,0,口合口合弓长,0,22,11,0,0,18,1,两年学说话，一生学闭嘴_
1277,0,十一。,0,593,39,0,0,4843,0,_
1278,0,白茶清欢～,47,50,77,0,13,6926,1,编辑签名，展现你的独特态度_
1279,0,🙇🏻🙇🏻🙇🏻,0,186,4,0,0,0,0,_
1280,0,拓展界的彭于晏,8683,158,362,132,134,10601,1,思利及人_
1281,0,🐊💘J0359XJ,4640,2227,150,20,38,4129,1,不要去等待完美的时刻，把握好现在，让此刻变完美.微信J0359XJ_
1282,0,paper,10,265,6,0,0,715,0,_
1283,0,不开心,0,412,3,0,0,7,0,_
1284,0,用户1991396706127,0,717,2,1,1,1349,0,_
1285,0,牧羊人,12,395,61,0,0,0,0,_
1286,0,欢愉,0,492,1,0,0,215,1,学生_
1287,0,趣味读摘,18,4,0,1,1,17,1,“可以往前走，但别往回看。”_
1288,0,乔乔乔🎀,54,227,32,4,4,382,1,简单快乐界永远追随者🎀❤️拍照📷，❤️旅行✈️，琢磨不透协会会长记录📝生活，分享美景🎏_
1289,0,C三岁,22,410,13,0,0,0,0,_
1290,0,小丁,75,15,37,11,23,42135,1,扫地扫地扫心地，心地不扫空扫地_
1291,0,启程,68,2733,114,12,23,0,1,只争朝夕，不负韶华！_
1292,0,Y_,0,312,4,0,0,1179,0,_
1293,0,张,0,170,7,0,0,0,0,_
1294,0,biangbiang,58,147,106,5,6,20064,1,我只想正常的上下班而已。_
1295,0,用户4838037976933,0,2786,247,0,0,75755,1,一一一一_
1296,0,啦啦啦啦啦,0,156,4,2,2,0,0,_
1297,0,我又可了,0,687,7,0,0,7162,1,膨胀._
1298,0,本性南移,0,239,9,0,0,373,0,_
1299,0,有钱哥哥,47,90,42,3,67,589,0,_
1300,0,Q张,1,19,1,0,0,0,0,_
1301,0,曾,0,72,4,0,3,109,0,_
1302,0,你的良心大大的坏,21,183,25,8,8,252,1,day by day!_
1303,0,治愈系小妞,40,477,25,3,3,782,0,_
1304,0,jn,13,325,11,5,47,1319,1,奋斗！_
1305,0,(ง •̀_•́)ง,15,638,9,7,95,1770,0,_
1306,0,用户2498465312747,0,83,0,0,0,400,0,_
1307,0,simple ,48,1236,18,0,0,0,0,_
1308,0,我是大怪物,0,240,0,0,0,0,0,_
1309,0,K.,2438,202,570,140,141,321,1,🏢위치 :广泽红府 3期   💭 本店使用 意大利，日本   品牌产品                                       ☎预约电话 18744336789  💈카라헤어는  당신을 환영합니다_
1310,0,追疯,249,1640,38,11,11,5274,0,_
1311,0,花雨江南,54,2533,33,35,35,509,1,我所路过的风景，最后变成了画..._
1312,0,一只月半仙女,1,1211,23,0,0,232,0,_
1313,0,无所谓的英语课堂,1,161,1,1,1,0,0,_
1314,0,丸子1号,106,4803,125,8,8,8056,0,_
1315,0,一群土拨鼠,0,28,1,0,0,0,0,_
1316,0,侯田野,768,950,201,16,19,1979,0,_
1317,0,青山,0,38,2,0,0,42,0,_
1318,0,xiao🌸艺,0,483,5,0,0,0,0,_
1319,0,小玩子,29,1453,39,7,7,12771,0,_
1320,0,指尖闲人,0,210,16,0,0,0,0,_
1321,0,drug.,244,198,26,84,84,913,1,王孙_
1322,0,钰钰钰钰sunshine,0,187,11,0,0,0,0,_
1323,0,我饞嘉德羅斯身子,0,2090,25,0,0,6476,1,您点开了垃圾主页_
1324,0,请叫我帅学长,7,670,8,9,9,0,0,_
1325,0,一粒小拳头,0,7,1,0,0,3,0,_
1326,0,用户3252670270164,0,514,4,0,0,4979,0,_
1327,0,丹丹←,0,198,7,0,0,609,0,_
1328,0,奇舞飞扬,57,616,56,4,4,13792,0,_
1329,0,ZD,0,123,6,0,0,112,0,_
1330,0,是我呀,0,1889,151,0,0,0,0,_
1331,0,CYF,14,465,10,4,4,5175,1,感谢关注  正在探寻自己的目的地山西人在大理如果你跟我一样在探寻找自己的目的地欢迎 communicate together_
1332,0,Wiverson,23,557,35,4,10,878,0,_
1333,0,1CHAO_o,3,784,2,0,1,0,0,_
1334,0,是星星呀～,22,361,8,6,6,1068,0,_
1335,0,柠檬汁,15,519,23,2,3,6041,0,_
1336,0,隔壁的y先生,0,132,2,0,0,0,0,_
1337,0,TSJ_23,0,1171,15,0,0,0,0,_
1338,0,はんさん ,0,1601,74,0,0,520,0,_
1339,0,🍂守护星,34,2451,47,26,108,5477,0,_
1340,0,孟继鹏,11,2120,143,0,189,5001,1,本人身高18米体重80公斤63年受兔不抽烟不喝酒良民一个_
1341,0,夏尔,0,2964,35,0,0,8541,0,_
1342,0,谢强,33,232,86,5,5,372,0,_
1343,0,金浩Jeremy,0,92,10,0,0,108,0,_
1344,0,xt婷婷,0,543,10,0,0,2288,0,_
1345,0,用户3761910287128,0,49,4,0,0,102,0,_
1346,0,😁😂😃😄🙃😋,0,1431,23,0,4,4759,1,开心最重要🙃_
1347,0,苏佳瑶,0,447,3,0,0,756,0,_
1348,0,用户7452346705214,0,4038,40,0,0,5364,0,_
1349,0,金,6,6,0,2,2,28,0,_
1350,0,用户2276307882562,0,613,4,0,0,3738,0,_
1351,0,萱宝贝,0,1214,25,0,0,1905,0,_
1352,0,@¥@,147372,419,7123,21,21,737,1,⭐武汉⭐ ✨❤️❤️✨✨✨❤️❤️✨❤️✨✨❤️✨❤️✨✨❤️❤️✨✨✨🇨🇳✨✨✨❤️✨❤️✨✨✨✨✨❤️✨✨✨❤️✨✨✨❤️✨✨✨✨✨❤️✨❤️✨✨✨✨✨✨✨❤️✨✨✨✨                ⭐加油⭐_
1353,0,小幸运呀,0,93,0,0,0,489,1,原来你是我最想留住的幸运_
1354,0,行者,12,804,11,3,34,1816,1,生活明朗，万物可爱。_
1355,0,wy绝非偶然,52,199,47,28,30,385,1,爱你不放手_
1356,0,顾北,565,144,39,6,6,504,1,人生如戏_
1357,0,两里路,110,775,15,0,0,0,0,_
1358,0,用户1188182137290,0,4807,125,0,0,5194,0,_
1359,0,用户9628520744559,0,3594,41,0,0,4041,0,_
1360,0,🌈笑靥如花✨,352,674,29,41,213,37772,1,❤❤❤❤❤❤❤❤❤❤❤❤❤✨一yan为定，2021🌈你是诗经，我是离骚，毕竟只有我们在一起才能称之为“风骚”。✨自律、热爱、有趣、简单、干净， 断舍离✨感谢遇见，祝好！🍭_
1361,0,风中散发弄小孩一枚,178,168,24,60,69,492,0,_
1362,0,路人甲,0,136,7,0,0,14,0,_
1363,0,Victoria,122,574,39,10,26,46354,1,对伤害保持顿感 对目标保持敏感，对其他保持无感。_
1364,0,风,384,204,68,15,17,0,0,_
1365,0,庭院里的松鼠,4,244,1,2,4,758,1,啦啦啦🌈🌈_
1366,0,Love 蕾蕾,29,397,28,0,0,0,0,_
1367,0,大仁,20,276,8,6,14,971,1,步履不停，身心安处为吾乡_
1368,0,fuck,97,300,121,6,6,192,0,_
1369,0,微笑每一天,424,266,86,0,0,0,0,_
1370,0,Hannah,199090,1750,5768,35,36,460,0,_
1371,0,AfterAfter17-,11,62,8,3,3,375,1,野蛮生长_
1372,0,彩虹🌈袜子,0,2473,20,0,0,2142,0,_
1373,0,叨叨叨,0,2329,11,0,0,0,0,_
1374,0,黑老西,0,257,1,0,0,0,0,_
1375,0,大雄的蓝胖子,23,78,9,11,12,596,1,向往干净的圈子，简单的爱情，一个喜欢健身爱生活的小丫头，嘿嘿_
1376,0,ＳＵＮＳＨＡＮ,0,330,1,0,0,171,0,_
1377,0,围着口水兜的小卷毛,0,1127,13,0,0,16,0,_
1378,0,玛卡巴卡吹喇叭ᵔ.ᵔ,8,3456,353,0,0,0,0,_
1379,0,言西日十一,0,1160,21,0,0,895,0,_
1380,0,肉肉熙,11370,1743,932,20,22,0,1,沙雕少女顺便追个星_
1381,0,千寻,0,428,16,0,1,6476,0,_
1382,0,相见不如怀念,4434,428,152,211,212,3155,0,_
1383,0,wings,0,262,5,0,0,125,0,_
1384,0,Mrss💋Wu,2331,160,232,154,157,6556,1,快乐生活、快乐自己_
1385,0,安暖易宁,0,89,0,0,0,1068,1,行止由心✨✨_
1386,0,国际海陆空运输清关,1937,654,268,32,32,5863,1,国际海陆空运输❤️18754213996_
1387,0,！,29,2026,12,0,0,0,0,_
1388,0,用户1989876253420,0,2064,0,0,0,0,0,_
1389,0,✨hhhhyyyyy,0,656,44,0,0,27266,0,_
1390,0,颅内party躁起来,6,39,1,3,5,189,1,读书纯属看字间接性抽风患者钟爱发呆及颅内开par大。。。家。。。好。。。（树懒招手）_
1391,0,Michael,0,1122,1,0,0,2267,0,_
1392,0,用户419333,0,690,13,0,0,0,0,_
1393,0,麋鹿💋🦌,1,782,21,1,1,2857,0,_
1394,0,素问\_,82,1216,34,9,9,1111,0,_
1395,0,@小狐狸,21,293,126,3,10,74182,1,她关注了你👈_
1396,0,WZC,123,840,92,0,468,28500,1,好好好_
1397,0,嗯啊,1,5001,78,0,0,0,0,_
1398,0,逆行者,0,18,3,1,3,0,0,_
1399,0,用户2825363589425,0,98,6,0,0,113,0,_
1400,0,Max,0,169,2,0,0,58,0,_
1401,0,是木子李呀,35,425,29,5,5,4670,1,要自由的人，其实要担最大的责任，选别人少走的路的人，要背负最沉重的枷锁——从来就没有不需要抵抗重力的飞翔。_
1402,0,monologue,13,606,13,5,5,620,0,_
1403,0,小宝子,2,3201,9,0,0,0,0,_
1404,0,老张的贝壳,0,604,14,0,0,533,0,_
1405,0,（              ）,1,428,1,1,1,1150,0,_
1406,0,砯豗,0,250,0,0,0,3159,0,_
1407,0,柳,25,187,17,7,7,131,0,_
1408,0,◥◣♣◢◤,0,451,6,0,0,0,0,_
1409,0,700,6,98,12,1,1,2051,0,_
1410,0,………,0,3371,74,0,0,13919,0,_
1411,0,丿恋夏丨眠彡,0,403,3,0,0,3515,1,大偶像_
1412,0,in-,0,938,1,0,0,600,0,_
1413,0,用户7849702522323,0,3631,14,0,0,6672,0,_
1414,0,过,4,396,3,8,8,1130,0,_
1415,0,吉加熙,0,127,11,0,0,11,0,_
1416,0,杨大胆儿__,78,2594,53,0,0,0,0,_
1417,0,Arsenice,0,4909,55,0,0,0,0,_
1418,0,打不倒的小强,0,1258,4,0,0,1160,1,never give up._
1419,0,流浪的风,9,34,8,2,4,307,0,_
1420,0,用户1449175846801,0,629,3,0,0,2284,0,_
1421,0,宋小堂主,18,26,8,0,1,36,1,书妖_
1422,0,Sassy,214,2294,60,67,70,3555,1,东北大妞_
1423,0,沐汐汐,31,69,17,9,10,584,1,追光使者_
1424,0,京一行,0,216,3,1,1,1041,1,忙于生活，忙于论文_
1425,0,辰秋,43,38,30,6,6,16,1,阅读推广人4岁孩子的妈妈注重孩子教育及阅读_
1426,0,无梦之境,2,343,6,2,8,2270,0,_
1427,0,心软,25,814,10,5,6,3113,1,靠自己去努力，不拖泥带水_
1428,0,艾芙琳,53,320,10,10,147,2295,1,自先沉稳🌸_
1429,0,lee ,32,1623,129,1,1,184,0,_
1430,0,aiya,9,1537,5,1,73,0,0,_
1431,0,喵姩,0,188,0,0,0,0,0,_
1432,0,枳酒i,0,77,1,0,0,0,1,你与春风皆温柔_
1433,0,林児◇...,2942,581,81,505,513,0,1,丑猪🐷_
1434,0,小白杨by,0,82,0,0,1,1270,1,一枚不起眼的石头€_
1435,0,皮皮虾仁,0,1136,0,0,0,0,0,_
1436,0,○,0,166,1,0,0,419,0,_
1437,0,风影黑狐的妹妹,157,1315,74,56,56,3437,0,_
1438,0,珍妮乐儿,781,1673,65,83,122,10928,1,原来是小蜗啊🐌_
1439,0,路漫漫,0,2447,10,1,6,2444,0,_
1440,0,abc,0,1902,3,0,0,0,0,_
1441,0,大桂,0,101,26,0,0,125,1,我们共同成长_
1442,0,小枫,52,648,19,13,13,1232,1,唯美瞬间～the moment of beauty，共享。_
1443,0,Be Water My Friend,48,411,70,5,8,3064,1,以无法为有法，以无限为有限_
1444,0,用户9871242635260,0,98,0,0,0,0,0,_
1445,0,turbolin,172,145,38,16,25,951,0,_
1446,0,那一碗牛肉汤#,155,456,40,20,20,380,1,🌈人间 值得🍋在新与鲜中找到自我_
1447,0,fanfan,0,2321,35,0,0,0,0,_
1448,0,青木live,47,1424,11,13,14,0,1,好好生活 慢慢相遇_
1449,0,渺小,0,1839,68,0,0,0,1,人间很美，但是下辈子我不愿再来人间。_
1450,0,太白山上有故事,0,1890,7,0,0,11131,0,_
1451,0,那些花儿,116,32,54,10,10,76,0,_
1452,0,小阿姨,507,290,111,54,61,1712,1,好看的皮囊千篇一律，有趣的灵魂万里挑一_
1453,0,欣欣ttq,0,2405,15,0,0,0,0,_
1454,0,林辰颖,1,302,24,0,0,0,0,_
1455,0,失意,847,333,109,66,66,2111,0,_
1456,0,Nickyi,0,1907,32,0,0,0,0,_
1457,0,嘚嘚嘚嘚,0,258,52,0,0,0,0,_
1458,0,爱是魯芷言,407,175,331,4,10,12631,1,我会长大的 我的爱也是_
1459,0,拾柒yang,0,120,8,0,0,2627,0,_
1460,0,清萍结绿,6,455,8,1,2,307,1,吃亏不是福，保护自己才是福。_
1461,0,霹雳,0,446,8,0,0,0,0,_
1462,0,纯情小民工,0,63,5,0,0,0,0,_
1463,0,小飞侠~思思1010,121,150,0,0,0,0,0,_
1464,0,咪咕迷糊,2,721,9,1,1,1136,0,_
1465,0,起名字好烦,5,303,12,0,9,5943,0,_
1466,0,元,0,220,29,0,0,0,0,_
1467,0,欢欢888,0,1604,26,0,0,1374,0,_
1468,0,艳子的小崔同学,18,1230,70,4,4,11553,0,_
1469,0,z13,33,128,27,18,19,148,1,大二在读，勿扰。更新看心情，直播随缘。_
1470,0,大爱无疆（抖音）,9,52,12,3,3,422,0,_
1471,0,Darksmile,47,94,28,11,11,0,0,_
1472,0,1046737485,0,0,0,0,0,0,0,_
1473,0,😊,0,6,24,0,0,93,0,_
1474,0,永恒,0,1238,22,0,0,111,0,_
1475,0,zp,0,36,9,0,0,754,1,谢谢你的关注！_
1476,0,阿毛のV阁楼,515,189,61,1,9,0,1,生命的意义在于成为自己♥并且快乐_
1477,0,行道,47,230,3,0,0,0,0,_
1478,0,往事随风,13,2239,68,1,1,2021,1,时间都去哪儿_
1479,0,healer,0,151,0,0,0,242,0,_
1480,0,no I,56,287,17,0,175,3823,0,_
1481,0,用户67551476431,0,48,2,0,0,65,0,_
1482,0,L,0,65,40,0,0,96,0,_
1483,0,依梦,19,240,20,2,3,3336,1,依梦不负韶华_
1484,0,@jerry,79,24,22,2,2,445,1,将岁月熬成天长地久或者让岁月成为最后一次！_
1485,0,安妮^O^,445,333,68,60,60,13315,1,愿你健康快乐_
1486,0,龙大仙,226,2813,60,79,79,4073,0,_
1487,0,Lee,431,122,67,29,1160,29088,0,_
1488,0,ミЬＳㄚ· o,68,642,121,0,0,0,0,_
1489,0,user9085136651999,0,160,0,0,0,296,0,_
1490,0,啊星,4,128,12,4,4,590,0,_
1491,0,hh·咩咩,0,92,14,0,0,5342,0,_
1492,0,doctor,3,57,80,2,4,0,0,_
1493,0,陈r,17,2189,18,33,33,0,1,重度失眠患者_
1494,0,墨离,42,1288,61,5,14,8280,0,_
1495,0,蜡笔小欣,75,1074,26,11,19,868,0,_
1496,0,用户6314807479850,0,3392,26,0,0,138,0,_
1497,0,洱十一,0,238,37,0,0,167,0,_
1498,0,用户9569282750752,0,663,8,0,0,2582,0,_
1499,0,☞看破红尘♂不出家,125,204,63,4,4,28495,1,为了实现当初自己吹下的牛逼_
1500,0,用户9430718927817,0,16,0,0,0,63,0,_
1501,0,Xuer,0,1749,1,0,0,0,0,_
1502,0,你好,0,41,7,0,0,60342,0,_
1503,0,蓝晓,0,26,0,0,0,185,0,_
1504,0,烬,0,59,1,0,0,557,0,_
1505,0,驾着毛驴奔小康,0,140,10,0,0,445,0,_
1506,0,喵了个喵,23,99,50,2,13,37,1,无过无不及_
1507,0,≮小小铁索横江≯,17,2982,142,0,1,204,1,看我逆天改命！_
1508,0,晋,0,56,3,0,0,31,0,_
1509,0,于博为,33,51,17,8,9,20,1,毕竟一生太短  少有圆满！_
1510,0,壮丁淘气,0,252,0,0,0,1127,0,_
1511,0,错过先生,70,150,40,19,28,42,1,爱过才会痛，珍惜过才会爱_
1512,0,xz人间值得,0,286,5,0,0,0,0,_
1513,0,废可乐,5,902,24,0,1,1412,0,_
1514,0,逗比滴,7,1718,63,3,4,428,1,有些事情还不做，你的理由是什么？_
1515,0,用户3629571526365,0,32,3,0,0,283,0,_
1516,0,陌路花开,5,432,13,4,4,537,0,_
1517,0,深海的🐠 看不见光,0,254,10,0,0,534,0,_
1518,0,.hshddbd,0,11,0,0,0,0,0,_
1519,0,ddgogo,0,274,14,0,0,423,0,_
1520,0,叫爸爸,12,20,6,0,0,0,0,_
1521,0,cCan,0,231,46,0,2,1822,1,好想来一次说走就走的旅行，当然在这之前得好好学习学习！✨🎉新晋小白，前来报道。✨👱👴我就是CCan只有这一个平台喔，就在这找我吧✨✨大佬们快来吧🎀_
1522,0,韩淘社区-小汪同学,0,477,36,3,3,42,1,韩淘社区，正品韩货。VX：17671754890_
1523,0,王小鸡,0,153,10,0,0,109,0,_
1524,0,轩飞,11,54,24,13,13,214,0,_
1525,0,涂博杰,13,1022,39,2,2,137,1,谢谢你这么可爱还关注我_
1526,0,夕阳红,0,45,11,0,0,11315,0,_
1527,0,浮世乄骄阳,1159,470,89,189,201,2375,1,只要你还愿意努力，世界就会给你惊喜！_
1528,0,高远ʘᴗʘ,0,269,9,0,0,0,0,_
1529,0,仰泳在水平面,0,329,5,0,0,569,0,_
1530,0,金蟾设计,12225,4987,2493,51,52,0,1,金蟾设计公粽号：☕️专注星级酒店，温泉洗浴，高端住宅，商业餐饮全案落地综合管控☕️项目前期规划顾问+室内设计+机电设计+灯光设计+标识设计+艺术品设计+软装设计及采购+施工现场服务☕️全案落地综合管控=效果设计管控+材料管控+成本管控+施工设计管控+软装管控+机电管控+各专业配合管控_
1531,0,6凡6凡,0,45,10,0,0,399,0,_
1532,0,"恁少年，尽贪得,一响花开",177,941,108,15,653,3748,0,_
1533,0,三碗不过岗,0,229,7,0,0,893,0,_
1534,0,😶,7,11,5,2,4,545,0,_
1535,0,山海城,0,75,0,0,0,0,0,_
1536,0,爱你说不出,0,1,0,0,0,14,0,_
1537,0,不作型男😂,0,672,4,0,0,0,0,_
1538,0,无所谓,95,4243,116,21,23,11549,0,_
1539,0,郭琛,9,343,8,3,3,2518,0,_
1540,0,用户3024319572487,0,136,6,0,0,1365,0,_
1541,0,梁山伯,0,472,18,0,0,301,1,梁山伯与祝英台_
1542,0,嗖~~哐~,0,431,6,0,9,2335,0,_
1543,0,小土,0,805,11,0,0,1077,0,_
1544,0,不记得了ヽ( ￣д￣;)ノ,66,1819,209,4,50,5841,1,看多了就记不住了_
1545,0,oo,0,371,4,0,0,15285,0,_
1546,0,小建,2,591,11,0,3,1081,0,_
1547,0,节操嘎嘣脆,445,255,36,20,24,13706,0,_
1548,0,用户8592454305252,1,1162,8,0,0,0,0,_
1549,0,用户4989170472684,0,31,2,0,0,23,0,_
1550,0,阿泽同学,38,554,7,1,99,2705,1,深夜冠军~_
1551,0,碎梦文馆《原创》,28,1184,15,20,24,372,1,这里没有故事，只有思想，很高兴你来过风吹过四季，亲吻过所有的人，也并非同一阵风！更何况喜欢的你，爱过的ta。喜欢，点赞♥+关注！_
1552,0,慬有的、執著,2,550,7,1,1,759,0,_
1553,0,sail,10,234,8,0,0,0,0,_
1554,0,Akashi Seijuro,26,73,12,0,0,72,0,_
1555,0,斯蒂芬  库里,0,3139,17,0,0,347,0,_
1556,0,用户8169465196802,0,178,4,0,0,0,0,_
1557,0,江西英成混泥土活动房,1102,350,309,31,36,618,1,混泥土活动房专业制造：宿舍楼、农村盖房、工地工人宿舍。用机械代替人工，纯钢筋混泥土一体浇筑，比一般砖混结构牢固还省钱。地址：都昌蔡岭工业园电话:18970011423（曹）_
1558,0,橙子,8,513,7,2,20,1618,1,总之岁月漫长  然而值得等待_
1559,0,郝多多,2,24,1,1,1,23,0,_
1560,0,来一场说走就走的旅行,566,469,119,40,80,1928,1,感恩遇见_
1561,0,聊金鱼,1638,544,132,220,220,11447,1,让更多人爱上金鱼！_
1562,0,叶落,0,4537,52,0,0,13881,1,单身汪_
1563,0,400斤肥猪男,0,567,5,0,0,0,0,_
1564,0,妮寇,22,84,127,7,7,0,0,_
1565,0,用户5274217618584,0,62,2,0,0,86,0,_
1566,0,星星_聚_,0,397,25,0,0,1892,0,_
1567,0,請君為我傾耳聽,29,1503,30,5,5,0,0,_
1568,0,方,0,136,4,0,0,17,0,_
1569,0,劉咏陞,0,150,7,0,0,9480,0,_
1570,0,你脸怎么红了,141,131,9,4,71,2554,1,手足情深不可忘，割心尤未比其伤。_
1571,0,陌生人,0,362,19,0,1,2290,1,看啥的儿子？别只顾点赞评论啊！／ イ                  (((ヽ    (　 ﾉ　　　　 ￣Ｙ＼ |　(＼　                ｜    )ヽ　ヽ`    👴_ノ    /　＼ |　⌒Ｙ⌒　/  /　 ｜ヽ   · ｜  ·  ﾉ ／　  ＼トー仝ーイ　　 ｜ ミ土彡/          ) \      °   /_
1572,0,蝉鸣半夏,3031,1932,50,0,0,0,0,_
1573,0,用户4902765494442,0,245,2,0,0,403,0,_
1574,0,天🔥,0,704,5,0,3,12,0,_
1575,0,好好🌸,133,817,36,14,16,5944,0,_
1576,0,sunshin,2,2403,22,28,30,60,0,_
1577,0,晴雨叶子,222,479,108,49,51,1752,1,魔性尬舞叶胖胖_
1578,0,头发乱了c,98,365,93,3,64,1413,1,命里有时终须有，命里无时莫强求_
1579,0,北葵向阳i,3,84,4,1,1,8188,0,_
1580,0,一只略显沧桑的肥宅,0,196,10,0,0,9841,1,ta只是需要你，又不是要你。_
1581,0,用户2466551826641,0,88,2,0,0,0,0,_
1582,0,Doreamon,4,1381,22,4,6,2061,1,🐷🐶🐒_
1583,0,天空,4,3132,12,0,0,0,0,_
1584,0,半点虚假,311,403,28,123,152,1867,1,一个会PLC调试DCS维护的厨子_
1585,0,方玉儿环球旅行,1429690,30,86363,210,210,7,1,在新加坡工作近4年后裸辞，独自背包旅行一年半，20个国家，目前在伊朗。V:956587380色达—云南—西藏—尼泊尔—印度—斯里兰卡—马来西亚—回家过年—印度—孟加拉—印度—巴基斯坦—【伊朗】—亚美尼亚——格鲁吉亚—阿塞拜疆—伊朗—土耳其—非洲（埃及）—南下到南非_
1586,0,幼稚是一种幸福,58,164,10,14,15,297,0,_
1587,0,时过境迁,0,8,0,0,0,75,0,_
1588,0,七巷,5,1031,91,2,2,42162,1,愿你三冬暖      愿你春不寒_
1589,0,꧁只羡鸳鸯不羡仙꧂,78,958,50,5,12,878,1,执笔封书，愿再为伊人染墨红尘！_
1590,0,A-Min,2,41,4,0,0,37,1,Just  do  it_
1591,0,马可尼,0,105,5,0,0,1452,0,_
1592,0,闲云野鹤,0,34,4,0,1,994,0,_
1593,0,用户7751540865299,0,73,6,0,0,59,0,_
1594,0,娇娇娇是也,72,204,42,7,8,0,1,忙里偷闲，乃人生大事_
1595,0,Mr、,0,131,22,0,0,44,0,_
1596,0,ROY💚💚,0,954,8,0,0,0,0,_
1597,0,無谓,0,1412,86,0,0,29172,0,_
1598,0,ゞ゛⒈米阳光 ゝゞ,3,581,27,0,3,2635,0,_
1599,0,我不懂,0,361,15,0,0,147,0,_
1600,0,用户8194118704754,0,334,2,0,0,3,0,_
1601,0,用户976460009,0,52,8,0,0,64,0,_
1602,0,胡飞（子翥）,11328,326,5727,116,128,0,1,中书协会员，国展获奖作者。省青年书协副秘书长。_
1603,0,祎,156,4846,130,6,6,6751,0,_
1604,0,甜,0,46,5,0,0,0,0,_
1605,0,和平精英魔王(四指),29,270,65,3,4,7649,1,找固定队友本人有玛莎打火力车微信:13470104459_
1606,0,用户3559170255588,2,469,1,0,0,0,0,_
1607,0,用户9830833734606,0,6,0,0,0,9,0,_
1608,0,快乐老爷子,0,28,0,0,0,3,0,_
1609,0,好的阿,0,701,27,0,0,0,0,_
1610,0,德玛西亚,0,132,1,0,0,198,0,_
1611,0,baba,0,11,17,0,0,115,1,清醒 知趣 世俗_
1612,0,可怜巴巴先生,36,1449,57,4,4,0,1,做个有趣的人_
1613,0,路人乙,214,237,112,8,8,1477,0,_
1614,0,天漄,56,3521,16,0,0,0,0,_
1615,0,哈撒kei,0,196,3,0,0,19,0,_
1616,0,奋斗服饰,0,538,1,0,2,0,0,_
1617,0,小跟班,34,1322,61,22,24,4706,0,_
1618,0,天佑胖哒哒,0,581,48,0,0,20,0,_
1619,0,HAPPY😍😍,0,1289,20,0,1,3395,0,_
1620,0,我喜欢阿信,1,141,6,0,0,0,0,_
1621,0,左面,0,198,5,0,1,10778,0,_
1622,0,风伤无痕,56,254,52,3,12,211,1,愿得一良人白首不相离vx：18601564373_
1623,0,你是年少的欢喜,595,110,88,82,85,0,1,承蒙你出现，够我喜欢一辈子。_
1624,0,Qwertyuiop,0,181,2,0,0,0,0,_
1625,0,松鼠,2,3479,278,0,7,888,1,画龙画虎难画骨_
1626,0,用户1201922404026,0,6,0,0,0,13,0,_
1627,0,卫士,0,23,7,0,0,168,0,_
1628,0,用户529047565159,0,59,0,0,0,0,0,_
1629,0,用户8023799602270,0,49,2,0,0,171,1,我是一个打工者，来自湖南农村的，喜欢你这种有志创业的人。_
1630,0,),27,3017,67,10,21,6932,0,_
1631,0,用户3905671250208,0,293,14,0,0,751,1,很快乐_
1632,0,菜菜脑袋,35,86,43,11,11,32,0,_
1633,0,随意,0,3460,39,0,0,5247,0,_
1634,0,飞飞，，,0,25,2,0,0,39,0,_
1635,0,C思C思C,0,115,0,0,0,0,0,_
1636,0,♭i,0,35,10,0,0,45,0,_
1637,0,˙Ⱉ˙ฅ,60,100,25,13,13,621,1,静水流深，沧笙踏歌。_
1638,0,user2220134202249,347,981,44,0,0,0,0,_
1639,0,一只可爱猪🐷,0,160,0,0,0,0,0,_
1640,0,z梦,44,165,16,14,14,27316,0,_
1641,0,用户4177976852890,0,679,7,0,0,994,0,_
1642,0,X,13,82,21,1,2,900,0,_
1643,0,张帅,1,370,77,0,2,1805,0,_
1644,0,用户6056438180367,1102,89,68,128,128,701,0,_
1645,0,用户3053594166447,0,75,0,0,0,1181,0,_
1646,0,等一个人会上瘾的 人不能太骄傲自满,2,601,4,59,60,1901,1,因为你给我的感觉从别人身上在也感受不到_
1647,0,晓夏,0,9,4,0,0,58,1,最喜欢的是夏雨天_
1648,0,静 静,0,496,3,0,0,584,0,_
1649,0,李爱萍,0,1993,25,0,0,2481,0,_
1650,0,辛勤2991,0,58,4,0,0,347,0,_
1651,0,ʚ👧🏻ɞ,109,115,42,33,34,971,0,_
1652,0,物以稀为贵,0,2873,102,0,0,0,0,_
1653,0,奔跑的Mr.chen,3,155,11,1,2,6,1,尝遍美好，历尽艰辛，愿走出万里，归来仍是少年_
1654,0,二娃,0,139,3,0,0,156,0,_
1655,0,八一,0,328,3,0,0,0,0,_
1656,0,Irving,0,1621,59,0,0,5582,1,什么都不想说_
1657,0,俊秀,10,216,9,2,2,2305,0,_
1658,0,AKA Soul 12,36,216,26,4,4,2141,1,心动💓行动_
1659,0,闲云,17,298,12,2,2,275,1,无处安置我身，我灵魂，找不回我的骄傲。_
1660,0,甜粉蜜桃🍑,0,567,9,0,0,0,0,_
1661,0,宓,0,671,0,0,0,0,0,_
1662,0,Posy,27,88,3,0,0,0,0,_
1663,0,离昔,0,25,0,0,0,145,0,_
1664,0,松,0,299,6,0,0,432,0,_
1665,0,何先森,47,126,35,3,3,90,1,何老师加油吧_
1666,0,Ekian,2,195,9,0,3,175,0,_
1667,0,咖啡不加糖,1239,3890,1881,57,60,9531,1,牛羊成群，猛虎独行。_
1668,0,发呆,0,5,0,0,0,29,0,_
1669,0,CANZUK堪泽克,517,4984,271,0,0,0,0,_
1670,0,超爱西西baby,28,448,18,1,79,0,1,反对拳_
1671,0,kkjjjhhg,0,3577,19,0,0,0,0,_
1672,0,用户2003481643402,0,612,11,0,0,96,0,_
1673,0,王,0,509,27,0,0,9234,0,_
1674,0,高橙橙008,0,111,4,0,0,0,0,_
1675,0,1998人,0,1319,2,0,0,1733,0,_
1676,0,猛哥,1,234,55,0,1,1636,1,做好自己_
1677,0,冲上云霄,0,67,8,0,0,3393,0,_
1678,0,旅行者,156,283,73,49,89,3558,0,_
1679,0,ZBX,0,1401,3,0,1,1205,0,_
1680,0,薯条你可要,26,457,94,1,2,367,1,一个视频小白，在努力给大家介美景。_
1681,0,不良帅,439,1268,196,16,30,0,1,一日不死 折腾不止_
1682,0,还是自己,0,107,1,0,0,8,0,_
1683,0,毛一哲,0,1745,1,0,0,417,0,_
1684,0,心怀世人,0,868,84,0,0,4756,1,得之我幸失之我命_
1685,0,一念向佛,38,1146,32,3,4,3049,0,_
1686,0,嗑瓜子的向日葵,379,81,68,6,7,23741,1,本人擅长Ai、Fw、Fl、Br、Ae、Pr、Id、Ps等软件的安装与卸载，精通CSS、JavaScript、PHP、ASP、C、C＋＋、C#、Java、Ruby、Perl、Lisp、python、Objective-C、ActionScript、Pascal、spss、sas等单词的拼写，熟悉Windows、Linux、Mac、Android、IOS、WP8等系统的开关机。_
1687,0,亮,0,98,17,0,0,825,0,_
1688,0,只要高兴就好,0,236,29,0,0,27,0,_
1689,0,用户2911689738837,22,428,8,7,7,1444,0,_
1690,0,ZGX,0,920,45,0,0,7057,1,维墨_
1691,0,蕊蕊,134,5001,34,0,0,0,0,_
1692,0,灯火,0,394,3,0,0,3373,1,万家灯火，愿有一家为我而亮_
1693,0,00后小先生,2,17,2,2,2,43,1,电商创业的零零后💪努力开辟贵州市场，为建设家乡不懈努力👑用心带给客户美，好，性价比高的产品而努力奋斗❤为梦想努力拼搏不放弃，享受生活的磨难和不悦，满怀初心依然向前☀_
1694,0,化身孤岛的🐳,0,3763,28,0,0,0,0,_
1695,0,玉溪花火,0,240,8,0,0,0,0,_
1696,0,昵称已重置,10,1453,23,2,2,2643,0,_
1697,0,若兰纳de,54959,502,1041,136,137,1405,1,不要赌天意，不要猜人心_
1698,0,沙漏时光♬,13,2673,61,1,1,4017,1,人在人海里流着浪，初心易得，始终难守_
1699,0,zy123haha,12,288,12,2,5,0,0,_
1700,0,Rc,0,85,7,0,0,0,0,_
1701,0,饕餮你的美,0,1044,16,0,0,1226,0,_
1702,0,朱亮,6,123,32,0,14,17,0,_
1703,0,冥,11,2748,65,0,35,16972,1,俗人一个_
1704,0,吾,157,363,37,25,25,555,1,把所有不可能变成可能_
1705,0,用户5898589370387,0,253,1,0,0,1964,0,_
1706,0,心御星愿,0,39,1,0,0,0,0,_
1707,0,歌患,2,115,17,0,3,126,0,_
1708,0,凡人,11,52,27,1,2,0,0,_
1709,0,阳阳,407,286,232,28,30,6230,1,纸上得来终觉浅_
1710,0,我的朱砂痣,73,132,14,23,72,262,1,积极向上，正能量。_
1711,0,用户7266849261574,0,1,0,0,0,4,0,_
1712,0,用户384979997440,0,35,0,0,3,582,0,_
1713,0,可可,298,470,56,17,20,1027,0,_
1714,0,用户2636497496548,3,435,80,0,12,1281,0,_
1715,0,榨菜老鸡汤,4,183,0,1,2,0,1,一个摄影小白的进阶之路_
1716,0,种竹成林6,75,3767,53,0,0,0,0,_
1717,0,赟云居士,17,106,20,2,28,1167,1,暖宝爸爸，暖妈老公_
1718,0,文狐,74,1133,19,0,218,0,0,_
1719,0,love童话,1,302,49,0,1,145,0,_
1720,0,FFK555,45,57,10,4,4,793,0,_
1721,0,用户2266078854145,0,3798,53,0,0,5323,0,_
1722,0,快活郎～,1,2158,19,0,6,5388,0,_
1723,0,让我谦着你的鑫,7,84,115,0,35,33827,1,不要以为我胖你打着就不疼_
1724,0,李先生,0,2491,80,0,0,4701,0,_
1725,0,Zyytwo...,29,1122,18,4,44,400,0,_
1726,0,hycc,0,191,0,0,0,0,0,_
1727,0,就好好的超开心,23,81,11,2,3,161,0,_
1728,0,气到掉色,0,226,14,0,0,3087,0,_
1729,0,安徽最后一个处男,0,131,0,0,0,0,0,_
1730,0,简~浅,0,692,61,0,0,0,1,如果事与愿违，请相信上天另有安排_
1731,0,用户6813599139200,0,122,7,0,0,204,0,_
1732,0,派大星的好朋友,0,21,0,0,0,0,0,_
1733,0,蔡诚,0,2850,32,0,0,0,0,_
1734,0,战友,5,3956,148,0,0,6664,0,_
1735,0,游子Cheung,0,593,24,0,0,0,0,_
1736,0,飞飞想入飞飞,2,36,37,0,4,887,0,_
1737,0,4mhi0n53,0,144,0,0,0,0,0,_
1738,0,晨霜 攀黛瓦,6,1858,144,2,12,745,0,_
1739,0,心之所向,6,999,89,0,104,5104,1,人生不只有生活的苟且，还有诗和远方的田野_
1740,0,偷心梦郎,61,144,67,22,22,857,1,喜欢运动的肥宅_
1741,0,SANDS_,104,1647,68,0,0,0,0,_
1742,0,叫我幽灵君,456,1019,90,68,221,3670,1,我是自己的依靠_
1743,0,沁纸花清,0,1032,32,0,0,500,0,_
1744,0,hello Kitty,0,121,58,0,2,407,0,_
1745,0,初心 ^_^ 无悔,5,516,27,0,5,0,1,...年华已去...初心无悔..._
1746,0,忆、残梦如醉,2252,2354,157,20,29,60973,0,_
1747,0,寒冰旋舞,24,326,58,2,2,1252,0,_
1748,0,王华,977,338,55,231,231,2801,0,_
1749,0,漠尘与凡,0,578,43,0,0,0,0,_
1750,0,陌上花开,0,1135,79,0,0,0,0,_
1751,0,Lewis,0,2367,116,0,0,0,0,_
1752,0,易,7,210,14,1,1,730,1,易物所设计为3D爱好者提供3D视频教学服务!_
1753,0,总管管不了@Hitbox,128,29,110,13,13,0,1,自称大佬的，盘道的，您就别来了，聊不了HITBOX盒爆工厂球星卡QQ群646333165 wx群私聊加q群验证新秀patch签字实体坐标北京通州喝酒聊天看球欢迎您来_
1754,0,墨凰鎏羽丷🌟,301,4174,136,10,24,89366,1,鹤鸣在野声闻天，灵坛夜醮朝群仙。_
1755,0,不会哭的孩子（都不爱笑）,1,129,12,0,0,0,0,_
1756,0,冯汉诚,0,592,8,0,1,0,0,_
1757,0,Hg,0,129,17,0,0,0,0,_
1758,0,BalaBalabibibo,17,1303,57,1,2,383,0,_
1759,0,逆时针旋转,0,911,2,0,0,126,0,_
1760,0,风,0,2378,8,0,0,4861,0,_
1761,0,西瓜amy,0,14,14,0,0,1726,0,_
1762,0,懈怠之罪,48,506,21,7,7,46299,0,_
1763,0,爱吃煎蛋的大男孩,53,3385,67,17,18,4578,1,仓鼠爸爸_
1764,0,欢天喜地,2,723,23,2,2,10791,0,_
1765,0,天道酬勤,0,327,72,0,0,95,1,天道酬勤_
1766,0,一个非常哇塞的普通大学生,0,338,24,0,0,789,0,_
1767,0,那些你能玩吗,3,1317,12,1,1,807,1,人生命短苦长需及时行乐。_
1768,0,@Olivia,0,641,9,0,0,1325,0,_
1769,0,dyq9kkw44ys4,0,74,4,0,0,0,0,_
1770,0,♥我们，结婚吧♥,51,939,24,62,140,435,1,生活不易，好好珍惜眼前！_
1771,0,（你没关注的人）,1,530,77,0,2,841,0,_
1772,0,古月哥欠,0,2247,76,0,0,13083,0,_
1773,0,伊儿,55,36,20,0,0,0,0,_
1774,0,唯爱团队,72,1408,53,4,31,22941,1,扬州大学 医学院 社会实践团队医学科普团队记录一支医学🐶的日常青春不再来，秃顶不可怕，学医很快乐欢迎关注一下微博、B站号同名微信公众号敬请期待！_
1775,0,琪亚娜的晚餐,20,2758,21,6,6,10480,0,_
1776,0,云雨彼岸天,0,750,4,0,1,3336,0,_
1777,0,全屋智能一体化设备,421,109,82,33,34,11045,1,喜欢看电影电视剧😃感谢你的喜欢和关注😄_
1778,0,假面骑士,0,395,12,0,0,21612,1,卑鄙是卑鄙者的通行证，高尚是高尚者的墓志铭。_
1779,0,橘色小猫咪,0,119,96,0,0,21341,0,_
1780,0,JOKER,0,1040,48,0,0,12180,0,_
1781,0,德瑞是个神,0,138,5,0,0,182,0,_
1782,0,Fresh,184,395,72,22,78,13579,0,_
1783,0,用户396236000131,0,195,1,0,0,7661,0,_
1784,0,猪朱,26,79,14,0,0,0,0,_
1785,0,Bruce Wayne,0,2164,12,0,0,0,0,_
1786,0,就是你，快回家！,935,2068,129,56,1614,2744,1,之所以等是因为我知道你会来，迟点不怕，但愿余生都是你！我的幸福就差一个你哦，“选我所爱，爱我所选”余生只为家🏠！_
1787,0,喵畅不分,2,1450,7,2,2,386,0,_
1788,0,零,174,1145,199,4,19,3719,0,_
1789,0,暘,0,1236,93,0,0,292,1,别把自己的渣和废说的那么深情和洁白无瑕。举头三尺有神明，有些人和事，注定会死的很难看。_
1790,0,1157056755,11,109,10,5,5,0,0,_
1791,0,Qoo ♚ ,87,377,150,0,0,0,0,_
1792,0,积木,0,1456,0,0,0,0,0,_
1793,0,Sue,0,781,7,0,0,0,0,_
1794,0,老人与棉花糖和夏天,0,196,11,0,0,110,0,_
1795,0,唔姆,0,2147,14,0,0,18130,0,_
1796,0,老王,312,109,44,5,6,318,1,不个性！不签名_
1797,0,骷髅头,113,1354,54,2,2,0,1,凭本事单身_
1798,0,長江,0,141,0,0,0,0,1,写一手漂亮的字，看几本有趣的书。_
1799,0,东方彧卿,9,413,42,0,0,0,0,_
1800,0,恬觅,150,97,74,25,29,143227,1,平淡生活_
1801,0,柠檬,70,229,51,6,6,2043,1,这个人有点懒_
1802,0,小丁❤️,118,4997,1630,2,2,0,1,菩萨心肠，霹雳手段无限，专注，贡献非我莫属，知行合一，自作自受断负，知足_
1803,0,-舟舟,0,2623,1389,0,2,271,0,_
1804,0,雀跃年华,10,1589,160,0,11,560,1,一吕二赵三典韦 四关五马六张飞_
1805,0,迷人的小恶魔,278,4211,56,23,58,0,0,_
1806,0,迷,0,20,0,0,0,125,0,_
1807,0,剑步侠,0,853,10,0,0,451,0,_
1808,0,袁昌平,0,807,28,0,0,1743,0,_
1809,0,无邪天真,93,85,70,2,13,0,1,研究生三年级_
1810,0,春去🔅🌱秋来🍃🍂🌾,0,3434,36,0,0,1018,0,_
1811,0,懒散＇＇,149,774,10,0,0,0,0,_
1812,0,挞,83,411,64,28,32,209,0,_
1813,0,岁岁平安,0,11,1,0,0,2,0,_
1814,0,陪伴,0,94,2,0,0,156,0,_
1815,0,小公子,0,152,0,0,0,0,0,_
1816,0,伤官,0,626,9,0,0,8617,0,_
1817,0,散步的猫,0,686,4,1,1,2332,0,_
1818,0,一个人,38,103,11,12,21,779,1,我并没有遇到我的齐天大圣，经过了九九八十一难，爱里全是遗憾！_
1819,0,用户2215590891025,0,1407,0,0,0,0,0,_
1820,0,用户1124707872942,0,55,8,0,0,252,0,_
1821,0,指路人,0,2340,5,0,0,2389,0,_
1822,0,会飞的猪蹄子,0,77,0,0,0,2017,0,_
1823,0,凉拌皮蛋。,0,98,3,2,2,145,0,_
1824,0,漓溟,17,365,125,2,2,567,1,努力赚钱，乐观积极的生活！！！_
1825,0,用户225631197960,0,288,0,0,0,0,0,_
1826,0,汉中版小甜甜,2,426,117,0,6,60282,1,一宝_
1827,0,星云,0,150,13,0,0,963,0,_
1828,0,Mr.J,0,732,2,0,0,0,0,_
1829,0,歇歇:-[再走,61,1538,18,9,190,1874,0,_
1830,0,看淡人生,22527,157,1538,369,374,12910,0,_
1831,0,嗯？嗯！,0,82,16,0,0,0,0,_
1832,0,那兰陀国际禅修中心,30172,2692,3619,266,283,7908,1,圣寿禅寺，仙岩积翠峰下。创建于唐，天下第二十六福地，实修寺院。那兰陀，意谓“施无厌”，莲花盛开的地方。广植净莲养身心。息念忘虑，本自具足清净佛。佛法实修每周答疑+微：clorissu_
1833,0,MMario晓乐这娃,153,454,30,50,66,4282,1,会中英西三国语言🇨🇳🇬🇧🇪🇸！南美工作生活。双子座AB血型！爱交朋友！目标体重63kg和六块腹肌。_
1834,0,喝多那天,0,210,7,0,0,433,0,_
1835,0,莫邪一笑,0,1168,88,0,0,537,1,你知道吗？你是在机场等一艘船啊！_
1836,0,水土合德,0,67,16,0,1,511,1,忠厚诚孝_
1837,0,方知,0,88,3,0,0,0,1,TJU BACHELOR_
1838,0,若只如初见,0,1044,8,0,0,1723,0,_
1839,0,刘大仙儿😇,263,282,82,25,25,825,0,_
1840,0,珊宝宝❤❤,29,50,14,2,2,222,0,_
1841,0,前井光明,74,140,158,2,3,18787,1,不是每个人，都配得上你的善良。_
1842,0,浮生若梦,14,47,4,52,52,5756,1,何以解忧，唯有暴富。_
1843,0,LeeQnWn,118,2412,56,39,52,5333,1,所爱隔山海_
1844,0,神门001,1035,70,119,86,89,2741,0,_
1845,0,假装不在,0,209,7,0,0,0,0,_
1846,0,防御狗,3,302,11,1,1,151,0,_
1847,0,那一抹微笑,0,76,0,0,0,166,0,_
1848,0,热心市民糖先森！,151,1049,81,27,27,1639,0,_
1849,0,作为,27,169,26,7,9,1985,1,一万年太久，只争朝夕，虚心使人进步，骄傲使人落后，我们应当永远记住这个真理。_
1850,0,慕易安,0,602,4,0,0,446,1,开心乐观最重要_
1851,0,特级建造师,15,447,65,1,1,605,1,只看不拍_
1852,0,你的真猪奶茶,0,211,6,0,0,0,0,_
1853,0,ぅ花黎 Pun3ma,7,25,5,2,2,346,0,_
1854,0,用户5295798097135,0,307,1,0,0,3595,0,_
1855,0,时迟、,0,1003,2,0,0,0,0,_
1856,0,用户173925011864,0,577,2,0,0,1637,0,_
1857,0,山慕说,416,2265,98,29,41,0,1,Sober Revolution_
1858,0,嘉绒情歌,16,858,48,1,48,82,1,🇨🇳拼搏🇨🇳坚韧🇨🇳自律🇨🇳博爱做一个有修养的人_
1859,0,幸福,59,193,117,1,3,961,0,_
1860,0,海侠她老公！,1,141,17,0,2,352,1,自由职业者！_
1861,0,怒放的生命,168,354,99,25,26,0,1,生活不止眼前的苟且，还有诗和远方的田野_
1862,0,帅～气～的～涛～哥,0,2524,68,0,0,19972,1,忘川已经死了_
1863,0,@ZQ,4,362,5,0,0,0,0,_
1864,0,曾杰友,272,345,167,76,155,11441,0,_
1865,0,飞翔的猪,0,100,1,0,0,12,1,我喜欢那些遥远的年代，才气纵横，又有点醉生梦死，繁华中透着冷清，我将我的想象编织成故事，故事出口了，意思却还留在心底_
1866,0,寒江雪,24,406,57,1,1,6,1,寒江孤影江湖故人，相逢曾何必曾相识，相濡以沫，不如相忘于江湖！_
1867,0,茄子1982,0,584,21,0,0,152,0,_
1868,0,等风来呀,216,3001,50,0,0,0,0,_
1869,0,非也非也,11,223,29,5,14,1287,0,_
1870,0,人各有命，上天注定。,0,900,5,0,0,745,0,_
1871,0,3000,0,551,2,0,0,0,0,_
1872,0,原谅你的荒唐,0,101,7,0,0,2937,0,_
1873,0,风南醉,0,24,5,0,0,0,1,你怎么突然不笑了_
1874,0,她说万幸得以相遇,39,2897,27,8,18,5896,0,_
1875,0,背影,0,82,4,0,0,657,0,_
1876,0,李右右➡️,144,371,423,1,1,0,1,我是李右右，分享普通人成为精英的逆袭方法。🏅️二十国集团，G20 YEA常务副会长🌟毕业进BAT，后任跨国组织CMO🌟福布斯30位30岁以下精英🌟达沃斯经济论坛全球杰出青年 V：hzyglorious欢迎私信，必看 E：G20实习/工作/合作/推荐信_
1877,0,用户9802915348959,0,26,3,0,0,88,0,_
1878,0,亲自送一下,5,1789,28,0,0,0,0,_
1879,0,食草动物,896,2287,53,9,10,0,0,_
1880,0,争,0,3234,9,0,0,0,0,_
1881,0,Maria丶Tak,0,333,9,0,0,499,0,_
1882,0,~,1,198,19,2,3,210,0,_
1883,0,Shen.✨,212771,58,5497,3,3,98,1,🌙_
1884,0,默器,32,1965,26,7,7,7578,0,_
1885,0,饭团的爸比,160,178,87,16,17,9788,1,一个因疫情导致无法前去学校的当代大学生刚刚抱回家一直可爱的小猫起名叫“饭团”分享“与闺女的日常”_
1886,0,先驱者,0,87,7,0,0,21,0,_
1887,0,林海,0,2375,72,0,0,0,0,_
1888,0,僵小羽,12,674,35,1,1,6599,0,_
1889,0,一阵新的风,8,1397,32,3,3,6585,1,陕西服装工程学院_
1890,0,大侠饶命,1,1005,10,0,0,0,0,_
1891,0,陈坤仁,1,2708,129,1,1,5956,1,你们好_
1892,0,Black stockings,0,2188,16,0,0,6632,0,_
1893,0,Ｓmile、莫失莫离,0,2236,9,0,0,0,0,_
1894,0,冰镇的热狗,0,306,55,0,1,1774,1,不识字，不会签名_
1895,0,user5905469591609,11,188,2,0,0,0,0,_
1896,0,J,0,231,6,0,0,116,0,_
1897,0,温华,4,530,5,0,0,0,0,_
1898,0,故旧,0,1987,3,0,0,9838,0,_
1899,0,清川,0,47,4,0,0,226,0,_
1900,0,初九🍂,0,8,0,0,0,15,1,温情冷静知进退_
1901,0,我的前半生,1,205,23,0,5,321,0,_
1902,0,辉铠加身横刀在握,2,3289,2,0,0,0,0,_
1903,0,张,24,316,20,4,4,186,0,_
1904,0,知爱驰行,0,104,0,0,0,0,0,_
1905,0,梧桐哥,12,71,4,12,12,309,0,_
1906,0,初见与别辞,35,183,20,4,4,2357,1,🐱_
1907,0,SG,0,343,3,0,0,1819,1,zzzzzzz_
1908,0,878571617,67,471,145,0,0,0,0,_
1909,0,凌空终有道,0,228,55,0,0,0,0,_
1910,0,Lucky.Oens,25,110,184,6,6,575,1,🌞励志#正能量☀️壹方呵护，方得康舒☀️感恩遇见，感谢有你☀️好运送给每一个人☀️每一天都信心满满☀️创业路上的老冰_
1911,0,FAMOUS,62,559,91,26,28,5254,0,_
1912,0,逍遥难解,40,348,24,6,7,1794,0,_
1913,0,高靖轩,443,481,289,117,117,1204,1,关注必回_
1914,0,九荒,0,101,69,0,0,184,0,_
1915,0,略略略,0,620,2,0,0,421,0,_
1916,0,华中方块,0,1368,43,0,0,7691,0,_
1917,0,金金金,0,797,7,0,0,36788,0,_
1918,0,失乐园,0,40,5,0,0,80,0,_
1919,0,vicky灬兔子,0,255,2,0,0,75,0,_
1920,0,美好的梦幻,0,140,0,0,0,2,1,作家、诗人、法、政人、修道人。_
1921,0,秋暝,19,328,28,4,4,9832,0,_
1922,0,空,0,4,10,0,3,0,1,雲很淡，风很淸，任星辰浮浮沉沉_
1923,0,王㭠苼,215,1445,105,0,0,0,0,_
1924,0,oo烛光透影,0,391,8,0,3,45870,0,_
1925,0,小月亮,2,21,18,0,6,1217,0,_
1926,0,暢想,52,149,132,30,57,1769,1,每一个不曾起舞的日子 都是对生命的一种辜负_
1927,0,用户9303663155774,0,127,2,0,0,15,0,_
1928,0,猜不透人心&,0,779,13,0,0,1357,0,_
1929,0,Eien,0,328,1,0,0,0,0,_
1930,0,成功从自律开始！,55,288,37,0,0,0,0,_
1931,0,傻子入侵,3,1001,35,0,2,96431,0,_
1932,0,用户568665522461,0,96,1,0,0,338,0,_
1933,0,你好，树先生,12,108,11,4,15,349,1,等生我的人，和我养的人，都安排好了！就出去走走，走哪算哪，死哪是哪！_
1934,0,让大脑离地球远点,0,264,3,0,0,1808,0,_
1935,0,⁶⁶⁶,0,3367,52,0,0,0,0,_
1936,0,我爱吃泡菜,27,262,32,0,131,0,0,_
1937,0,(￣(●●)￣),0,478,0,0,4,0,0,_
1938,0,炜哥哥😝欣妹妹,83,502,48,45,47,2567,1,愿我小欣欣、小炜炜快乐健康成长_
1939,0,王 筱 飝,13,2060,25,5,5,1220,0,_
1940,0,时夏,4,442,7,1,1,1479,0,_
1941,0,登登灯,3,417,7,6,8,1555,0,_
1942,0,Jiang,44,559,71,4,9,987,1,…………_
1943,0,点点滴滴258,0,125,9,0,0,2450,0,_
1944,0,游子冲,10,912,12,0,42,876,1,大风车转呀转！_
1945,0,我的,0,153,4,0,0,315,0,_
1946,0,明眸有星河,0,305,70,0,0,0,1,意难平啊，shy哥别浪了啊_
1947,0,茶小二,62,1458,40,1,3,1126,1,广漂第二年_
1948,0,十字路口丶我该往哪走,0,1765,45,0,0,684,0,_
1949,0,㐨,0,436,22,0,0,17628,0,_
1950,0,what time is it ！,0,64,14,0,0,192,0,_
1951,0,苏格拉有底,17,1714,32,0,0,0,0,_
1952,0,Mr.peter,17,2615,75,6,6,3761,1,做好自己，一切都会如期而至_
1953,0,じ小奋斗,4,925,49,1,1,809,0,_
1954,0,天下,0,126,26,0,0,145,1,我们提供跨境电商咨询。提供专业的运营指导、现场教学操作、协助注册店铺、ERP采集，对接物流系统，选品指导，订单处理，发货海外等一站式的解决方案。_
1955,0,"色即是空,空即是色",0,36,1,0,0,1171,0,_
1956,0,大口九,0,767,31,0,0,0,0,_
1957,0,记忆深处,0,760,1,0,0,0,0,_
1958,0,影灭长空,0,305,40,0,2,588,1,活的干净_
1959,0,海淀李大霄,1,1014,19,0,0,0,0,_
1960,0,博歌,0,198,35,0,0,47,1,专业汽车凹陷修复、大灯翻新、玻璃修复_
1961,0,SHERO,0,279,11,0,0,0,0,_
1962,0,祁同伟,31,485,31,0,33,1370,0,_
1963,0,撒拉嗨呦,0,238,0,0,0,0,0,_
1964,0,苏格拉没有底,0,71,34,0,1,1124,0,_
1965,0,恋爱先生,7,1988,153,0,3,463,1,我们的故事从彼此有缘关注开始🌹☀️陪伴便是最深情的告白💞💝         不管以怎样的身份，留在我身边好嘛？🎉🤵🍇🍓🥝🍂🎊                               🐻情感问题💕：fenglei7192_
1966,0,H,0,523,7,0,0,182,0,_
1967,0,闪动,0,1813,31,0,0,2084,0,_
1968,0,路口头,0,21,5,0,0,59,0,_
1969,0,梦想的梦,0,4783,67,0,0,88,0,_
1970,0,莫问酒,168,4587,147,25,25,27306,0,_
1971,0,法号无心,52,741,29,10,10,371,1,万恶淫为首，百善孝为先_
1972,0,中国籍员工,0,2782,32,0,0,7767,0,_
1973,0,YTK,2,418,7,0,0,0,0,_
1974,0,用户9277041936657,0,387,11,0,0,0,0,_
1975,0,💭💭💭,47,447,49,5,11,0,0,_
1976,0,I have,0,192,3,0,0,0,0,_
1977,0,用户6707115688573,0,1154,7,0,0,3232,0,_
1978,0,囧客,47,653,28,23,23,0,1,去年给自己定了目标存款3万，今年掐指一算还差5万。_
1979,0,多发发,3,591,17,1,2,5338,0,_
1980,0,红茶,0,339,19,0,0,0,0,_
1981,0,大太阳,0,1414,2,0,0,69227,0,_
1982,0,阿砳,0,2105,98,0,0,0,1,额哼_
1983,0,金庚家电,14146,3839,1880,512,575,2115,1,孙铁铺农村电商的开拓者！关心家乡，留住乡愁，关注我！_
1984,0,永夜君王,69,1243,52,0,0,0,0,_
1985,0,宝英小迷弟,12,1096,41,3,6,1936,1,寻寻幂幂，不离不弃_
1986,0,永远的ASL,0,132,7,0,0,5,0,_
1987,0,用户8808202570192,0,141,8,0,0,114,0,_
1988,0,山隹,34,113,21,13,13,0,1,爱好骑行，户外运动。_
1989,0,安然,0,2020,18,0,3,962,0,_
1990,0,sean,0,161,1,1,1,727,1,既然是借的 当然要还_
1991,0,李明杰,5,1168,27,1,1,107,0,_
1992,0,老疯子,0,889,45,0,0,0,0,_
1993,0,待定,14,3765,122,0,52,187,1,闲时与你立黄昏，灶前笑问粥可温！_
1994,0,萝卜,0,344,10,0,1,117,0,_
1995,0,缘,0,329,14,0,1,2193,0,_
1996,0,小月亮,33,48,9,16,17,416,0,_
1997,0,祥子,0,415,19,0,0,1735,1,装修设计_
1998,0,，,0,541,0,0,0,0,0,_
1999,0,yohanna,0,269,0,0,0,225,0,_
2000,0,请叫我曹贼,103,1931,257,1,26,57903,1,醒来了，梦散了，你我都走散了。_
2001,0,用户8408098887652,2,114,2,1,1,549,0,_
2002,0,PicACG,0,1552,16,0,0,25295,1,在抖音聊游戏，睿智，脑tan，fw，底层玩家，云玩家太多，简单聊聊就可以，不然跟这些底层玩家聊多了容易睿智_
2003,0,以斯帖,5,498,32,2,2,1601,0,_
2004,0,Yc z,0,355,28,0,0,568,0,_
2005,0,鲸落芸生丶,0,137,0,0,0,0,0,_
2006,0,哈尼克孜太太,16,4835,31,4,8,25204,0,_
2007,0,我想飞上天,0,194,4,0,0,1716,0,_
2008,0,周国清！,11,117,23,1,1,387,1,一个看樊登的人_
2009,0,凸凸,0,275,3,0,0,87,0,_
2010,0,🐯,953,2043,539,104,107,184,1,郑州阿卡迪亚健身工作室实名V➕15837156470_
2011,0,LE,9,272,38,3,5,0,1,。_
2012,0,183的小哥,3,215,69,0,9,523,1,别看啦，就是你啦💗_
2013,0,漠潼,7,800,21,2,2,2452,1,安静，不哭不闹，听话，省心_
2014,0,魔魇,0,20,16,0,0,23,0,_
2015,0,春风十里,0,382,7,0,0,13492,0,_
2016,0,随机,0,232,5,0,0,0,0,_
2017,0,彩虹太阳☀,5,139,12,1,4,36,0,_
2018,0,朝雾,16,537,18,4,4,892,1,爱自己是终身浪漫的开始，，_
2019,0,十一,2,137,20,0,3,308,0,_
2020,0,时光,0,415,10,0,0,0,0,_
2021,0,夜葬苍天,21,133,19,3,5,0,0,_
2022,0,旭晴天,0,509,5,0,0,4213,0,_
2023,0,浮水,0,95,26,0,0,53188,0,_
2024,0,心非柠檬为何酸i,4,3871,12,1,1,9,0,_
2025,0,已重置,7,407,2,0,0,348,0,_
2026,0,噜噜（窗帘摄影设计印刷）,0,871,5,0,0,2556,0,_
2027,0,明,53,665,17,7,72,5921,0,_
2028,0,瑞rui,0,88,23,0,0,401,0,_
2029,0,如果siwang笔记支持正则表达式,0,111,3,0,0,286,0,_
2030,0,湮,43,520,41,9,20,397,1,☺😊😁😃😄😒😔😞😤👿_
2031,0,走在人生边上,13,32,0,0,0,1,0,_
2032,0,用户54310038318,0,124,0,0,0,307,0,_
2033,0,luo,0,331,10,0,0,2016,0,_
2034,0,机械新视界,520318,39,132583,60,64,0,1,Vx搜索:机械新视界，了解更全面的机械制造原理!_
2035,0,陌。。。,0,3098,44,0,0,1111,0,_
2036,0,我很忙！！,0,2384,47,0,0,1256,0,_
2037,0,菲力斯叔叔,9,1027,12,5,5,733,0,_
2038,0,潮young,0,53,1,0,0,1417,0,_
2039,0,୧⍤⃝🌸,20,907,45,2,2,0,0,_
2040,0,Beyond!,0,75,8,0,0,16554,0,_
2041,0,明儿爱蓝天大海💋☀️,11,1591,9,0,0,0,0,_
2042,0,荒野,6,911,68,0,0,0,0,_
2043,0,getting high,0,89,4,0,0,0,0,_
2044,0,MRWANG,54,941,145,5,16,0,0,_
2045,0,1260663965,138,3696,269,21,21,849,1,🚗如此多娇_
2046,0,爱吃了不起,0,219,6,1,1,81,1,一种相思，两处闲愁。此情无计可消除，才下眉头，却上心头。_
2047,0,骑士Lee,0,39,16,0,0,4604,1,听闻爱情，十人九悲，何不两清，做回甲乙丙。听闻回忆，十忆九伤，何不忘掉曾经_
2048,0,宁静致远,0,134,10,0,0,399,0,_
2049,0,淡泊,42,605,72,9,9,108,0,_
2050,0,PG_Batman,3,320,12,0,22,442,0,_
2051,0,两羊毛,0,926,37,0,0,289,1,生命摆渡人_
2052,0,小林,32,1190,52,8,8,1053,1,做最好的摄影和剪辑_
2053,0,用户2073899303020,8,136,2,0,1,672,0,_
2054,0,嘿嘿～～,0,577,8,0,0,7,0,_
2055,0,🌷 🌷,26,212,36,8,10,1159,0,_
2056,0,爱唱歌的张同学,11849,4,3405,13,17,88,1,工作之余， 喜欢唱歌  热爱音乐（自律）_
2057,0,迷人女士🐏,2,66,7,1,1,660,1,听了很多道理，我想做做看。🐾_
2058,0,至世末。,0,220,2,0,0,1073,0,_
2059,0,Ry14号,1,359,22,1,1,339,0,_
2060,0,梧桐木,3,695,59,0,3,14445,0,_
2061,0,天天天天,0,841,34,0,0,12,0,_
2062,0,慎独,0,46,28,0,5,4182,0,_
2063,0,🌎,35,456,6,0,0,0,0,_
2064,0,孤辰,0,115,12,1,2,152,0,_
2065,0,啊哈ㄉ,53,2282,120,4,5,6070,1,城南以南不再蓝 城北以北不再美 城中从此不再挤 心中从此再无你 南墙已撞 故事已忘_
2066,0,吾日需三省吾身,0,57,14,0,0,1674,0,_
2067,0,小新,16,174,22,6,6,18157,0,_
2068,0,Mr.Nie,1,858,49,0,3,7595,1,青春是用来奋斗的，幸福是奋斗出来的_
2069,0,名字越长越容易被发现,6,187,15,2,4,3941,1,真正的大师，永远怀着一课学徒的心。_
2070,0,花生糕与花生米🇨🇳,0,98,2,0,0,1270,0,_
2071,0,君莫笑,156,1564,344,15,15,7894,1,我寄愁心与明月，随风直到夜郎西_
2072,0,oooo,50,588,107,0,0,0,0,_
2073,0,用户5955880812510,23,1514,16,3,3,56,0,_
2074,0,C,0,333,12,0,0,0,0,_
2075,0,amlish,0,1640,4,0,0,3442,0,_
2076,0,CR-seven,0,316,21,0,0,564,0,_
2077,0,张地球,0,141,21,0,0,202,0,_
2078,0,瞌睡的大橘子,188,257,108,34,80,1224,1,我挣我的钱，我长我的肉，我爱我喜欢的人，我就是我，独一无二的我！_
2079,0,吖头&王文娟,313,937,147,13,24,17344,0,_
2080,0,露瑶之,508,4190,212,10,26,13146,0,_
2081,0,Foxhunter,0,94,7,0,0,0,0,_
2082,0,swaggy-p,13105,52,172,23,24,20273,1,湖人不夺冠不改签名_
2083,0,qzuser,1,2799,16,0,0,0,0,_
2084,0,用户9083604956378,0,91,1,0,0,0,0,_
2085,0,freedom,0,433,7,0,0,276,0,_
2086,0,小珺亦,28,1422,129,3,3,30674,0,_
2087,0,阿cheng,1,242,10,0,5,487,1,恋一个人，爱一座城_
2088,0,Xiong,10,357,13,1,1,987,1,🔹当浑浊成为常态 光明就是一道罪恶🔹_
2089,0,一剑封喉,0,947,12,0,0,0,0,_
2090,0,Masami~~,0,1207,118,0,0,0,1,可遇不可求的事，后海有树的院子，夏代有工的玉，此时此刻的云，二十来岁的你。_
2091,0,用户1010246946767,12,66,0,3,3,217,0,_
2092,0,Arvin,23,395,66,2,2,1275,1,世人皆醉我独醒_
2093,0,让我把记忆结成冰丶,0,215,7,0,0,304,0,_
2094,0,小胖不胖🤨,60,207,14,0,4,993,1,直男_
2095,0,nobita,0,3220,14,0,0,283,1,贵族 别墅专家 电子商务 自由作家_
2096,0,☀中年大叔🏃,0,25,0,0,0,86,0,_
2097,0,奋斗中成长,0,38,0,0,0,0,0,_
2098,0,神仙县长啊,135,1546,91,34,34,1088,1,啊哈？_
2099,0,梁梁,0,2043,517,0,0,560,0,_
2100,0,白日烟火,0,335,36,0,0,996,0,_
2101,0,用户656526979915,0,441,8,0,0,3638,0,_
2102,0,佩奇,3,203,4,5,5,902,0,_
2103,0,东东东东东东东东东东东东东东东东东东,35,1932,51,4,4,442,1,(ಡωಡ)_
2104,0,艾萨克·牛顿,17,284,13,8,8,0,0,_
2105,0,HH,0,349,10,0,0,1355,0,_
2106,0,石头酱,0,263,20,0,0,0,0,_
2107,0,白菜,0,301,7,0,0,31302,0,_
2108,0,白驹过隙℃,26,287,7,7,7,1165,0,_
2109,0,洛希@干物男,0,337,6,0,0,14634,0,_
2110,0,Lupin111,0,77,24,0,0,12,0,_
2111,0,逝水流年轻染尘 、,0,399,6,0,0,6076,0,_
2112,0,魈凡魅,23,158,46,0,269,3241,0,_
2113,0,阿鸿,27,69,13,8,8,225,1,谢谢你的关注_
2114,0,Harson,0,347,7,0,0,547,0,_
2115,0,g卑微得不像话,0,147,2,0,0,0,0,_
2116,0,躺在同福客栈点麦德劳,3,18,249,0,10,269,1,游戏人生_
2117,0,Z_HH,0,542,42,0,0,10819,0,_
2118,0,张二哈要拆家,0,383,14,0,0,1027,0,_
2119,0,石映飞云,1,216,23,0,1,8,0,_
2120,0,青春永柱,83,1587,48,8,8,2585,0,_
2121,0,吃面不要汤,38,312,36,1,1,62,0,_
2122,0,繁华、落幕✘,3,2324,14,0,0,0,0,_
2123,0,九天3257,4,1156,69,0,0,23153,0,_
2124,0,用户1322100367301,5,824,8,2,2,31,0,_
2125,0,xhsjdjudnd,0,347,0,0,0,0,0,_
2126,0,🦄nana,0,235,20,0,0,0,0,_
2127,0,壹壹得亿,4,217,23,1,1,0,0,_
2128,0,浮萍,0,327,18,0,0,541,0,_
2129,0,哈哈哈有意思,0,164,9,0,0,87,0,_
2130,0,笑笑。,0,1827,20,0,0,2088,0,_
2131,0,hoho,0,218,21,0,0,434,1,简单_
2132,0,我是王鹏呀,6,134,22,2,6,733,0,_
2133,0,=_=,0,33,2,0,0,0,0,_
2134,0,xindeng,0,204,9,0,0,593,0,_
2135,0,晨光r,0,40,5,0,0,405,0,_
2136,0,小叶秽,574,4387,126,8,8,0,1,随手记录身边的美好🌸🤗_
2137,0,飞翔,0,3719,91,0,0,5521,0,_
2138,0,小瓶子,306,500,77,61,61,0,1,时光瘦，指缝宽。_
2139,0,雨露,990,282,193,95,95,0,1,余生很短，好好珍惜_
2140,0,大波,27,3108,23,3,13,19892,1,我就默默看_
2141,0,用户9891295165968,0,49,2,0,0,219,0,_
2142,0,小🐲,161,1231,153,23,25,2151,1,做人开心最重要，_
2143,0,刘家鸣,8,390,30,1,1,5551,0,_
2144,0,Allan Hao,0,1320,14,0,0,2482,1,人生一共有两条路，一条用心走叫理想，一条用脚走叫现实……_
2145,0,小林&,2,2197,58,0,0,0,0,_
2146,0,Bubbles  cooker& 俊,10013,1109,98,6,6,3234,1,位卑未敢忘忧国_
2147,0,微光,159,367,129,12,13,2780,0,_
2148,0,Disappear,49,1037,105,1,1,35503,1,总之岁月漫长，然而值得等待......_
2149,0,昨天今天又少两天,2,451,39,1,1,2011,0,_
2150,0,恋,0,2672,0,0,0,0,0,_
2151,0,廾匸,161,864,20,8,43,13943,1,恭喜_
2152,0,会飞的螃蟹,14,352,25,0,31,2354,0,_
2153,0,…,1,197,11,1,1,1567,0,_
2154,0,Fetion,1,485,2,0,0,0,0,_
2155,0,希贤,11,161,28,1,50,1489,0,_
2156,0,愛,0,1058,24,0,0,15667,0,_
2157,0,Bob-秦,6,80,4,7,7,138,1,纵有千古横有八荒幸福似海来日方长😘_
2158,0,芋头哥,0,117,6,0,0,1230,0,_
2159,0,度,0,551,3,0,0,3323,0,_
2160,0,Mamba🏀SWK,40346,122,1133,74,75,0,1,喜欢篮球，喜欢科比，14年的老科密，Mamba never out!_
2161,0,多面体,0,1161,48,0,0,15732,0,_
2162,0,怠惰,0,81,5,0,0,16003,0,_
2163,0,憨豆先生,0,147,13,0,0,16817,0,_
2164,0,橘离,12,196,24,2,42,11163,1,敌特在引诱 网络在渗透 维护国家安全 匹夫有责_
2165,0,用户54,2,589,1,5,5,15192,0,_
2166,0,A _阿宝,46,2582,23,0,144,13673,0,_
2167,0,后视镜里的世界,3,410,2,1,3,5642,0,_
2168,0,努力努力再努力,82,1534,17,66,96,463,1,我们终此一生就是为了摆脱别人的期待，找到真实的自己。_
2169,0,无萧,0,20,0,0,0,118,0,_
2170,0,SY,36,89,16,8,12,740,0,_
2171,0,尖椒阿宝,606,1379,152,73,73,1974,1,一个业余的古典舞，音乐剧，各种舞台剧爱好者_
2172,0,白茶清欢,0,651,34,0,0,1116,1,你说人生如梦，我说人生如秀_
2173,0,通通通通通,214,4954,190,12,12,0,0,_
2174,0,一缕晨光,21,142,5,0,0,0,0,_
2175,0,剑舞春秋,0,44,5,0,1,106,0,_
2176,0,心为你动,0,2257,7,0,0,1011,0,_
2177,0,赤诚真心,52,1934,160,8,8,5618,0,_
2178,0,碎影＆流年,1,492,6,0,11,1641,0,_
2179,0,吃喝不愁,0,361,4,0,0,4083,0,_
2180,0,周燊,38,213,82,5,7,7395,0,_
2181,0,十二月历史花名,0,182,8,0,0,3655,0,_
2182,0,木叶集团总裁,0,567,9,0,0,0,0,_
2183,0,柠檬檬♛,12,128,34,3,3,1254,1,拥有全世界最可爱的小米奇一枚✔    爱美食爱生活，爱自己_
2184,0,个人资料,0,824,11,0,0,780,0,_
2185,0,热枕.,0,98,1,0,0,476,0,_
2186,0,Big    Dream,42,140,17,5,6,583,0,_
2187,0,苹果Apple,58,96,33,8,8,54,0,_
2188,0,zp,0,954,15,0,0,8118,0,_
2189,0,The provisions of the su,22,2293,38,2,12,3891,0,_
2190,0,小军军,27,1256,25,2,2,13473,0,_
2191,0,小，白,0,584,10,0,0,8209,1,我是一个爱笑的人，但我不是一个开心的人。_
2192,0,永邦12138,4,1353,187,0,4,6279,1,哦哦_
2193,0,user5105214045025,0,2929,38,0,0,59,0,_
2194,0,罗,0,67,1,0,0,749,0,_
2195,0,白羽,0,284,6,0,0,0,0,_
2196,0,为之于未有,0,44,0,0,0,1188,0,_
2197,0,朱小喜,0,2622,49,0,0,2234,0,_
2198,0,Stray、,0,150,10,0,0,629,0,_
2199,0,平凡路,5,246,12,0,19,165,0,_
2200,0,用户7534844123332,0,91,3,0,0,741,0,_
2201,0,王敏杰,0,29,12,0,0,181,0,_
2202,0,平衣,409,468,12,1,3,25644,1,我是单身怪孤独又缺爱朋友圈一点狗粮撒一脸本身想脱单奈何没人看不如耳机带谁都我不爱_
2203,0,AIR,1,132,2,0,0,0,0,_
2204,0,GUOYU,365,4102,283,7,13,59811,1,在人间，谁活着不是一场炼狱_
2205,0,阿奕,0,371,27,0,0,0,0,_
2206,0,守护是最永久的回答,1,356,9,0,2,27750,0,_
2207,0,门牙看国漫,11,72,6,3,3,121,0,_
2208,0,xoc,0,44,15,0,0,29,0,_
2209,0,Mr.峰,34,460,34,5,5,1027,0,_
2210,0,孤狼逐枫,0,642,13,0,0,12117,1,希望胡姑娘永远开心_
2211,0,活着,8739,287,259,23,31,0,1,万般皆苦，唯有自渡！_
2212,0,空城.,1,364,11,0,0,6510,0,_
2213,0,想不出来,0,54,1,0,0,965,0,_
2214,0,特没谱。,19,141,20,3,8,2514,0,_
2215,0,Gardenia,4,861,2,0,0,0,0,_
2216,0,张扬河马,0,30,6,0,0,248,0,_
2217,0,yukariLC,0,4779,116,0,0,0,0,_
2218,0,若梦,0,585,14,0,0,962,0,_
2219,0,哎呦喂～小样吧你！,95,4933,201,20,20,9832,0,_
2220,0,小问号游戏解说,65,429,31,2,2,1171,1,大家好！我是小朋友们的小问号！_
2221,0,飞布,1,317,64,0,0,245,1,顿悟_
2222,0,水盈弦。,1,303,11,0,0,658,0,_
2223,0,专业有售后,25,113,1,0,36,0,0,_
2224,0,逛一逛就走,0,3660,35,0,1,2123,0,_
2225,0,北方的河,12,52,3,3,4,642,0,_
2226,0,无尽火域,23,379,4,3,18,21001,0,_
2227,0,Alden,78,2221,101,4,4,812,0,_
2228,0,思书,79,905,75,8,14,0,1,泊飘。_
2229,0,T,0,1271,27,0,0,222,0,_
2230,0,用户5534822195306,0,2524,41,0,0,16624,0,_
2231,0,民间高手,0,2235,96,0,0,11650,1,NULL_
2232,0,暮雪,2,850,3,0,0,0,0,_
2233,0,裹着被子看动画,112,460,93,22,32,0,0,_
2234,0,小C同学,0,305,11,0,0,4902,0,_
2235,0,G.Q,21,1722,19,10,10,1395,0,_
2236,0,白瞳,0,721,5,0,0,0,0,_
2237,0,疯狂的玉米🌽,26,2453,143,1,1,18525,1,玉米棒子！_
2238,0,绿地集团陕西分公司CEO,182,134,61,21,21,643,0,_
2239,0,山风自由,14,20,12,0,14,198,1,非攻墨门、兼爱平生_
