0,0,用户3837063434041,132,246,59,8,8,1470,0,_
1,0,韩安冉的日常号,1,20,13,0,0,0,0,_
2,0,懒的嗨,2,906,7,0,1,728,0,_
3,0,ライム,50,2343,237,3,21,0,1,....._
4,0,美眉,203,720,46,0,0,0,0,_
5,0,小ྉ飞ྉ侠ྉ,4,917,6,1,1,1389,1,战战的小飞侠_
6,0,Sake落尘「芽」🍬,119,1348,206,11,12,11658,1,梦想是当个游戏主播，爱国粹底线看置顶_
7,0,不知道,11,79,26,1,1,1231,0,_
8,0,遥熙悦♡熙熙,3,183,7,0,0,4147,1,嗯……，想当一个可爱的小女生，嗯，如果你喜欢我的话就关🐷我吧♡♡♡_
9,0,南鲸,3,3133,42,1,1,11516,0,_
10,0,肉肉,209,480,191,25,25,430,1,相亲找我，会帮粉丝100给1个要求闺蜜50个可以做闺蜜 100粉露脸_
11,0,spesilae,17,256,8,0,0,0,0,_
12,0,剪花繁,0,642,4,0,0,7030,0,_
13,0,Raymond,0,590,2,0,0,1263,0,_
14,0,暮念风华,0,160,9,0,0,1458,0,_
15,0,space-是葵葵呀 (*≧▽≦),136,4994,78,19,19,0,1,space联盟爱蔡徐坤_
16,0,辰,0,65,0,0,0,201,0,_
17,0,迷你世界~免染,0,5001,50,0,0,4479,0,_
18,0,✨云朵☁有点甜✨,212,390,73,76,76,15,1,谁关注我，我就关注她(他)，不信？你试试呀！虽然不能秒关，但也会关注你的_
19,0,77大骚猪,2,919,6,1,1,95,0,_
20,0,堵得慌,0,1716,9,0,0,12800,0,_
21,0,嫱嫱鸭,6,569,5,0,0,0,0,_
22,0,⚡️染楠楠⚡️,47,346,15,10,10,137,1,学沫染_
23,0,liu海洋.☁,0,38,1,0,0,183,0,_
24,0,染柒月《沙雕一个》,0,2858,182,0,0,0,0,_
25,0,嗯。陪闺蜜过低谷期,391,729,427,36,39,5890,1,✨介✨闺蜜有了✨✨里✨仙友不要了原因私信✨✨仙✨现在关注我以后就会成为我的老粉哦✨桃✨关注我的人我都会回关✨✨桃✨爱你们哦✨ ✨别拉我随便进群✨✨一次性赞我全部作品✨_
26,0,星辞有个小笨蛋,149,4977,62,13,13,17888,1,我有一个离不开的小笨蛋....他还小，要宠着_
27,0,珺家的小星星✨✨,4884,252,288,27,28,1380,1,武汉加油！_
28,0,甜度超标。,0,1708,6,0,0,1282,0,_
29,0,独吟,0,218,7,0,0,21900,0,_
30,0,Rampant,0,60,1,0,0,0,0,_
31,0,烈扎的老娇砸,40062,249,1824,1,2,0,1,唯爱❤郭聪明 ❤ 十九wxc❤我输了全世界也不会输了你们主页就挂两个人，其他都在我心里_
32,0,蒲公英的梦,0,3030,7,0,0,343,0,_
33,0,顾一学长,10,10,37,4,5,1697,1,17636669913本人电话，没事不要随便打哦😃😃😃😄😄😄_
34,0,陌熙,0,503,51,0,0,0,0,_
35,0,安之光,0,229,54,0,0,606,0,_
36,0,瓜菌,29,283,4,27,27,407,1,先定一个小目标，1001粉露脸_
37,0,曦光,0,1619,23,0,0,0,0,_
38,0,十一.,2,432,10,0,13,861,0,_
39,0,铁憨憨mm,0,527,5,0,0,10884,0,_
40,0,可爱的王子呀,0,57,0,0,0,2,0,_
41,0,星筏_,16282,93,1712,11,12,2617,1,本人周一到周五不在线_
42,0,瑶（ET一枚）,14,3232,74,1,1,12510,1,🇨🇳🇨🇳🇨🇳✨🇨🇳🇨🇳🇨🇳✨✨🇨🇳✨🇨🇳✨🇨🇳✨✨🇨🇳✨🇨🇳✨🇨🇳✨✨🇨🇳✨🇨🇳🇨🇳🇨🇳_
43,0,万明,13,941,5,10,10,1040,0,_
44,0,玩游戏的东方月初,0,816,9,0,0,885,0,_
45,0,人间至爱是清欢,0,395,63,0,0,23575,0,_
46,0,゛ℒℴѵℯ孤酒ꦿ໊ོ,0,72,15,0,0,14,1,QQ:2485120693_
47,0,柠檬🍋沐染,0,414,31,0,0,0,1,at_
48,0,肆白,35,2284,37,4,4,94780,0,_
49,0,攒一口袋星星,0,78,8,0,0,0,0,_
50,0,小米,0,59,10,0,1,538,0,_
51,0,奕冥,0,195,3,0,0,3972,1,喜欢华晨宇的呢！！_
52,0,可耐,0,357,41,0,0,0,0,_
53,0,只不过将就,2,195,28,0,0,197,1,爱一个人掏心掏肺她不爱你没心没肺_
54,0,一口吃掉玛卡巴卡℡,0,670,26,0,0,4546,1,QQ  3351407344都可以加我啊_
55,0,殇雪，落情,23,117,31,5,5,100,1,O and_
56,0,Junye,0,322,8,0,0,2845,1,嘿嘿_
57,0,♡,0,12,10,0,0,310,0,_
58,0,爱吖,852,1528,34,189,189,13828,0,_
59,0,梦梦梦梦梦梦(●—●),32,1776,30,11,11,2213,0,_
60,0,城诺亚,13,3277,17,4,5,6005,1,圣诞小琳玲_
61,0,Mr.Leo,1754,151,96,3,3,196,0,_
62,0,白色恋人,0,174,1,0,0,3726,0,_
63,0,刘益达@,0,4999,25,0,0,125326,0,_
64,0,嘉世战队队长一叶之秋叶修,42,686,34,4,4,2929,0,_
65,0,七柒グ(老子终于有CP了！),471,186,72,27,27,497,1,维赛一生推，推了生一堆塔帕兹不惧末日，赛可爱不惧被日“界海是男主”和“时之歌没有CP”一起食用更佳哟～（梗，钢筋闭嘴）_
66,0,莹,0,333,0,0,0,61,0,_
67,0,仙玖月.元气桃子🍑,3382,1203,259,503,505,28050,1,做自己就好_
68,0,峰峰,7,530,18,2,2,3242,0,_
69,0,宝贝,0,2493,15,0,0,0,1,是个海王，求个对象_
70,0,梦梦哇@,194,672,60,51,51,595,1,喜欢明星:王俊凯。从开始到未来，只为王俊凯。蓝海猖狂，护凯为王。💙💙💙💙💙💙💙💙💙💙喜欢的喜剧明星:曾小贤。胡一菲。 美嘉。万能主播什么都会。已有姐姐闺蜜:生日:11月13日，年龄:15岁。_
71,0,喵了个咪｀,14,437,6,7,7,2675,1,己有小可爱的小朋友！_
72,0,゜Cynicism﹀╮,28,219,52,2,2,0,0,_
73,0,*11*か^＆,0,411,15,0,0,1887,0,_
74,0,仙女肖梦辞♡,0,580,5,0,1,343,0,_
75,0,-Hasana-,0,187,2383,0,0,661,0,_
76,0,樱桃奶球,14,3480,47,0,0,13441,0,_
77,0,以肖开头，以战结尾,1,920,8,0,1,486,0,_
78,0,贺谨宸,19,3763,310,0,0,0,0,_
79,0,渝万不想努力,65,3837,66,6,7,4091,0,_
80,0,把ta收藏,0,357,6,0,0,978,0,_
81,0,迷你世界✨暖暖（已退）,0,446,30,0,0,740,0,_
82,0,大帅哥,46,883,11,29,29,8638,0,_
83,0,俯卧撑不起来（刘丹淇）,0,112,9,0,0,3599,0,_
84,0,悦悦到处跑,3,1503,94,0,1,0,1,魔道是心中白月光墨香是神明的宝贝已有媳妇和夫君终是一坛天子酒此生不愧入魔道生是墨家人死是墨家魂墨香不倒，陪她到老熬过去了，2020我们一直都在_
85,0,独角戏🌙,0,89,6,0,0,5260,0,_
86,0,猫卜文案馆,211,148,302,11,11,11067,1,文案不写了，文案馆继续开。明日之后玩家#明日之后雁过溪不玩了，主玩亚叙城_
87,0,爱次小盆友滴八岁𓃲,0,231,9,0,0,169,1,🍓动物园有🍓小脑斧🐯大西几🦁小鸭几🦆大灰囊🐺梅发怒🦌小凶许🐿️小海疼🐬为什么没有你呢，因为你在我心里鸭.🍓窝是一名小菜鸡🐔段位不高不喜勿喷 𓃲_
88,0,余生,72,308,26,10,26,15115,1,如果余生是你等到何妨_
89,0,檀溪是个憨憨,22,24,99,4,4,213,1,🍒这里檀溪🍒🍒谢谢你的关注🍒❤️祝老迪生日快乐❤️_
90,0,LBY-YYY.⛓️CXYL,551,169,261,5,5,3166,1,不交友（喜欢会）交友不互🈴️：L2008.11.17（注明来意）CXYL🔒不喜欢就别看，谢谢你全家“秦霄贤是人间理想”_
91,0,琳哒很自律,2,47,10,0,0,226,0,_
92,0,星艺,0,31,1,0,0,52,0,_
93,0,迷你世界✨夏末,0,25,3,0,0,699,1,吾之所向，星河运阔✨_
94,0,白兮兮不白白,1,330,12,0,0,0,0,_
95,0,1559722496,11,131,13,2,2,37,0,_
96,0,是小寄呀,17,339,13,10,10,28834,1,r_
97,0,我爱少女,0,43,12,0,0,655,0,_
98,0,绝影HZ,74,193,40,14,14,687,1,王者给对抗带躺，其他游戏看情况，可以给意见。10粉原声，20粉在游戏中唱歌，30粉露脸。_
99,0,梦九[姚][苏][忏],103,693,137,13,13,6169,1,谁关注我我就关注谁不要一次性赞我所有作品，看见一个拉黑一个我的闺蜜是迷你世界千悦鸭_
100,0,对峙2.FCYHZ.听风,310,755,69,17,18,0,1,这里听风喜欢玩狙（玩的也不好喜欢就完了）打的不好勿喷手感来了杀神下凡手感没来白给带师_
101,0,涵涵长不高（目标：双中）,3,54,26,1,1,2572,1,目标☞：双中☁️炒鸡爱拆快递📦喜欢漂亮的小东西鸭学习博主哦粉丝到100露脸_
102,0,空城旧梦,0,106,11,0,0,2430,1,MC玩家  （反迷你）_
103,0,墨言言言言言,1,205,6,0,3,2893,1,喜画画喜动漫雷点不多肖战算一QQ:3381171168欢迎来加_
104,0,我叫MT,0,224,8,0,1,5998,0,_
105,0,离岸liya,0,64,5,0,0,368,0,_
106,0,ᴍᴀxɪᴍɪʟʟɪᴏɴ,0,192,31,0,0,411,0,_
107,0,朴昌,0,85,26,0,0,0,0,_
108,0,.Nen,0,562,0,0,0,0,0,_
109,0,玥玥,254,67,71,10,10,0,1,✨感谢所有遇见✨感谢您的关注和支持_
110,0,ＤennIsn,1,411,2,3,3,2081,0,_
111,0,小鲤鱼不会水,0,496,4,0,0,369,0,_
112,0,九亿少女的噩梦,0,53,3,0,0,0,0,_
113,0,慕,0,25,2,0,0,1285,0,_
114,0,华晨宇*＾ワ＾*,46,574,10,11,11,0,0,_
115,0,L.Y,0,99,10,0,0,895,0,_
116,0,西柚味的漠淼淼,31,100,23,6,6,3848,1,十分冷淡存知己，一曲微茫度此生_
117,0,长风,0,251,0,0,0,0,0,_
118,0,比卡巴卡,21,1282,63,5,5,2425,1,嘶哑的嗓音唱情歌_
119,0,Ttmet.假甜女孩.苒宝(CY）,138,4970,311,4,4,15722,1,一位刚来的沙雕迷你主播。宠粉，爱粉，可互关！想找名师傅。骂我粉丝？耒，美工刀拿来。骂什么都行。除了我粉丝，好友。暖阳也一样。骂了？你人就没了^V^~_
