0,0,福源便民汽车用品超市_,66,53,35,26,26,141,1,私v：879145386_
1,0,自语者,292,627,87,55,55,0,1,V   13889880067_
2,0,是你の晶晶嘛✐（坚持养号...）,14188,1603,2547,377,400,0,1,（拒私聊）哝🍭人咩  最重要的就是开心嘛_
3,0,跃鹏,124,260,40,52,67,642,1,修车_
4,0,胡咩咩🐑,129,3623,154,39,39,5078,1,VX:13112921571_
5,0,玉米乄,0,1238,24,0,0,12748,0,_
6,0,恋上了 那默契,156,1939,113,13,30,1443,0,_
7,0,俩嗰人的幸福,0,98,11,0,0,0,0,_
8,0,生活就像一把🔥,5,109,7,4,4,69,0,_
9,0,大麟哥,36,477,54,3,59,1162,0,_
10,0,BHL,28872,1427,1122,48,115,0,1,人生最大的幸运不是捡到钱 而是遇见贵人他打破你愿有的思维 提高你的境界 带你走向更高的平台……_
11,0,水瓶bin,0,74,9,0,0,2655,0,_
12,0,安徽尚品轩男装潮牌店,101920,541,2127,441,608,42772,1,一个人的着装打扮，是呈现给世界的一种方式。在这个信息交换如此之快的时代，服装是一种快速表达的语言✨        ——尚品轩•轻奢馆🍂_
13,0,黄伟生,765,686,153,98,103,1450,0,_
14,0,工作服定制厂家,638,1358,227,27,27,3592,0,_
15,0,谢茂,87,2972,76,14,14,11087,0,_
16,0,做面包的麦子🍞,243,193,76,34,43,104,0,_
17,0,心中有太阳🌞,0,46,1,0,0,125,0,_
18,0,时光N不了A,51,1044,32,5,20,3562,0,_
19,0,半岛木有铁盒,595,854,160,18,106,0,1,长大应该是变得温柔，对全世界都温柔_
20,0,雅雅雅,0,73,6,0,0,57,0,_
21,0,有点意思,99,91,77,12,12,1334,0,_
22,0,ghgfghhvvcfggg,0,37,17,0,0,83,0,_
23,0,一德服－,0,169,10,0,0,1397,0,_
24,0,齐效石 Francis,0,112,6,0,0,274,0,_
25,0,用户6143665427219,0,55,4,0,0,57,0,_
26,0,华仔,208,521,208,22,22,993,0,_
27,0,超信,325,221,74,36,37,507,0,_
28,0,平凡之路,11,10,6,2,2,22,0,_
29,0,用户4552559956772,0,44,0,0,0,25,0,_
30,0,星马汽配,36,575,45,9,9,0,1,出售各种柴油发动机_
31,0,和,0,61,81,0,0,4,0,_
32,0,故梦,48,2534,241,2,2,19953,1,我还是忘不了停车场的小姐姐_
33,0,汽油味199508,7,254,44,1,1,482,0,_
34,0,JW,72,184,46,18,18,0,0,_
35,0,用户1374816541773,0,1,0,0,0,2,0,_
36,0,驰星奔驰吕志冬,81,72,70,7,9,83,0,_
37,0,一…,0,13,35,0,0,138,0,_
38,0,🌻终老。,0,35,6,0,0,118,0,_
39,0,Alone°深秋ご,3,249,6,0,0,0,0,_
40,0,小六,28,273,37,7,8,656,0,_
41,0,L苏赫,0,1082,17,0,0,0,0,_
42,0,汶,0,163,3,0,0,29,0,_
43,0,眉角 金,0,710,4,0,0,11,0,_
44,0,西门大官人✔,3347,812,591,321,328,0,1,一个有很多创意的文艺青年，从事自己热车的汽车行业，帮助需要帮助的各位创业者，提供汽车专业评估等服务！_
45,0,吧唧嘴,0,1202,17,0,0,2718,1,拥有不代表不会失去_
46,0,大G,439,391,138,22,22,2289,0,_
47,0,歇斯底里,0,961,0,0,0,0,0,_
48,0,忙里偷闲,0,12,7,0,0,6,0,_
49,0,没故事的小黄花,25,516,63,1,4,1558,1,球鞋小小爱好者_
50,0,大飞博士,2,250,17,3,3,793,0,_
51,0,海潮666,1,130,6,4,4,117,1,普普通通平平凡凡_
52,0,用户9137585835819,1,288,3,0,0,0,0,_
53,0,郴州多多二手车,2077,2700,1801,22,22,982,1,感受不一样的生活方式_
54,0,有yao可9,1009,606,176,58,58,19938,1,心比相貌重要，懂比爱重要_
55,0,上火🔥,122,39,40,13,13,134,1,达则兼济天下！_
56,0,皮皮怪,0,823,1,0,0,0,0,_
57,0,辛付磊,290,666,198,14,18,0,0,_
58,0,网站排名1m.gs,7,666,46,21,21,13,1,百度排名1m.gs_
59,0,小杜,2837,2528,1838,8,8,2,1,相识是缘V:16521558304_
60,0,火云邪神,4,5000,167,0,0,0,0,_
61,0,叶良辰,7,40,5,2,2,9,0,_
62,0,🚄LU.Hua💨,5360,597,1172,21,21,1627,0,_
63,0,孙品,12,287,71,0,17,252,0,_
64,0,tuts,16,56,26,6,6,521,0,_
65,0,lysa,0,846,61,0,0,34,0,_
66,0,离殇,0,2974,10,0,0,16873,0,_
67,0,马某（沙滩粉丝）,53,2078,13,12,12,4611,0,_
68,0,阿泽,95,511,56,16,16,263,1,天大地大我最大_
69,0,阿辉123,0,142,11,0,0,3396,0,_
70,0,加潘阿木,0,180,23,0,0,439,1,悲哀的人生…_
71,0,℡清风烈酒,0,560,14,0,0,192,0,_
72,0,小阿达,5,8,32,2,2,0,1,出生于一九九六年混迹于东北喜交友V:TiMi0124_
73,0,嗨～大力,2,106,9,2,2,84,1,哈哈哈_
74,0,莱月七星,43,150,12,0,0,0,0,_
75,0,书山压力大,337,61,109,20,20,1906,1,谢谢大家给我点赞_
76,0,无所谓,33,439,119,2,13,620,0,_
77,0,@赵小妞💋,3836,97,817,43,44,0,1,🚗汽车服务顾问承接所有车型：维修、保养、车漆汽车问题咨询可私信_
78,0,明华,0,272,17,0,0,2978,0,_
79,0,区诚意汽配行,5566,2330,2001,296,297,60725,1,诚信为本，劳动为民_
80,0,平头哥,25,1741,259,2,2,420,1,用心做一件事儿_
81,0,风声鹤唳,0,59,13,0,0,72,0,_
82,0,手机用户85713014856,0,64,3,0,0,22,0,_
83,0,丶小阿锋,29,877,48,4,4,5229,1,执一人之手，与一人终老。_
84,0,阿巴嘎旗天宠【狗粮】【猫粮】,45,349,136,4,34,367,1,内蒙古锡林郭勒大草原加工天然精选狗粮猫粮，我们承诺还它个原生态的胃。_
85,0,大脑袋瓜子,306,70,102,29,49,0,1,比 u 比 u ，还有谁？_
86,0,阿源901吖🐬,0,522,51,0,0,0,0,_
87,0,振达涡轮增压器厂家,34,726,304,2,11,559,1,👍分享涡轮增压器专业知识👍帮大家解决汽车发动机的问题👍提供最佳的汽车配件跟换的选择👍帮大家正确分辨配件真伪_
88,0,奋斗。,45,354,32,5,6,227,0,_
89,0,用户2968847433142,0,20,4,0,0,18,0,_
90,0,老铁,0,112,5,0,0,596,0,_
91,0,用户5779210892110,6,265,14,2,2,115,0,_
92,0,哼哼,0,165,20,0,0,0,0,_
93,0,用户1333572511953,60,83,16,14,15,558,1,珍惜_
94,0,汽修,0,45,18,0,0,31,0,_
95,0,手机用户69519598694,43,663,11,5,221,1177,0,_
96,0,原子,205,692,91,0,0,0,0,_
97,0,安安,0,2630,80,0,0,18,0,_
98,0,用户6481071812778,0,26,1,0,0,24,0,_
99,0,梁哥,894,4200,1125,24,26,1186,0,_
100,0,用户6225882522941,0,6,0,0,0,17,0,_
101,0,用户6564163049857,2,106,3,3,3,675,0,_
102,0,懒猫,0,8,2,0,0,38,0,_
103,0,忘记2017,12,42,21,3,3,36,0,_
104,0,今非昔比※阿不来提,56,1457,81,31,32,296,0,_
105,0,阿帕奇润滑油+无水冷却液,1819,4852,1214,278,278,5180,1,这不是一桶简单的机油而是一套完整的商业模式我们有最实战的营销方案供你执行我们有最专业的行业教练教你落地我们有最疯狂的集客模式锁定客户我们有最实在的激励措施引爆员工不是所有的润滑油养护品都有培训体系_
106,0,无奈69905,2,189,6,2,2,659,0,_
107,0,车灵通汽修,0,234,117,0,0,4235,0,_
108,0,原垄凯,46,2695,174,15,15,329,1,精神  信仰  可以摧毁任何商业模式_
109,0,万年老妖,0,847,26,0,0,11,0,_
110,0,宇士博,4,194,172,12,12,379,1,vx18732668877_
111,0,宏盛汽车服务中心,9,16,24,3,3,51,0,_
112,0,用户8384430301893,0,133,7,0,0,232,0,_
113,0,用户5734762116343,0,14,1,0,0,1,0,_
114,0,我是老胡,0,1115,30,0,0,514,0,_
115,0,鱫欐絲鯡薾,0,12,1,0,0,33,0,_
116,0,刘朋16bn,70,371,19,20,20,2536,0,_
117,0,炽热🔥,0,312,10,0,0,901,0,_
118,0,成喜欢,0,134,0,0,0,132,0,_
119,0,阿～尤,1793,3211,1967,31,31,5753,1,就算跌倒也要豪迈的笑_
120,0,用户2118031680326,0,281,73,0,0,14,0,_
121,0,人生入梦523,19,104,11,10,10,788,1,人生就是酸辣苦热甜！_
122,0,鑫征途汽修,3088,1047,243,818,850,5811,0,_
123,0,single,0,684,11,0,0,4201,0,_
124,0,思诺42511,4,709,8,5,6,1950,0,_
125,0,不忘初心。,137,723,129,6,8,482,0,_
126,0,zlx,673,108,143,11,18,5488,0,_
127,0,新余新车镇汽车有限公司,0,392,24,0,0,543,1,让您明明白白用车！_
128,0,狼,0,1899,155,0,0,1901,0,_
129,0,臻爱萌宠,2,44,5,1,1,8,0,_
130,0,欧酷淇奶爸161,28,541,100,9,9,191,1,买家具搜shiraz家居_
131,0,下页  ,0,260,6,0,0,0,0,_
132,0,繁花落尽,15,132,49,4,4,1005,0,_
133,0,雪在飘,0,3111,123,0,0,631,1,"Capricious incomparable spring, summer, autumn and winter arbitrary change_"
134,0,壹璐珦騚,191,2054,180,20,20,15181,1,抖音，记录美好生活……_
135,0,思思宝贝,19,462,14,5,5,801,0,_
136,0,昵称已重置,0,152,7,0,0,1,0,_
137,0,Zen,0,786,28,0,0,0,0,_
138,0,低调的华丽,0,2075,26,0,0,0,0,_
139,0,领域汽车维修,0,238,38,0,0,150,0,_
140,0,杰文,0,26,12,0,0,19,0,_
141,0,用户7642048266809,0,547,7,0,0,8060,0,_
142,0,四海汽服,12,35,11,4,4,79,0,_
143,0,用户271159696376,0,19,1,0,0,52,0,_
144,0,🍓十点差三分,13,280,16,3,5,191,1,先说爱的先不爱，后动心的不死心_
145,0,Xiang🇨🇳,277,236,115,25,25,98,1,喜欢黑夜，习惯很晚才睡！🇨🇳愿所见都是美好，所遇皆是良人！🇨🇳努力分享创业资讯🇨🇳为创业中国人助力🇨🇳1V3C500W1B！_
146,0,人民～买买江_,26,682,131,2,2,3228,0,_
147,0,汽车服务（浩子）,0,164,12,0,0,97,0,_
148,0,呱唧呱唧,0,63,6,0,0,145,0,_
149,0,青岛利华晟广汽丰田总店,1575,330,487,5,8,105,1,车到山前必有路！走路必有丰田车。_
150,0,Mjunjun,0,504,7,0,0,130,0,_
151,0,建业,0,506,28,0,0,235,0,_
152,0,胖子,0,123,12,0,0,290,0,_
153,0,所念皆星河,4,34,5,1,1,327,0,_
154,0,邂逅,51,45,20,16,16,93,1,心不动，就不痛！_
155,0,老实人开心,0,1148,40,0,0,281,0,_
156,0,清风,0,272,21,3,3,894,0,_
157,0,修车老阎,168,170,64,73,73,442,1,一个专注修车二十多年的技术总监_
158,0,用户5193039555989,0,125,3,0,0,0,0,_
159,0,心狠,41,446,50,2,2,1379,0,_
160,0,啦啦,524,289,87,19,20,1742,0,_
161,0,枫殇§羽琊,23,326,15,11,11,250,0,_
162,0,九月的羊『天秤男』,144542,31,12308,31,31,0,1,☀️该经历的我都经历了，我会把所有的好只留给你～希望你值得❕_
163,0,京牌车务.阿俊,513,376,169,0,0,0,0,_
164,0,Ghoul,0,1259,12,0,0,3349,1,240大胖子一枚_
165,0,我想我是海DL,0,207,5,0,0,1,0,_
166,0,京牌专家,0,129,18,0,0,54,1,路遥知马力.日久见人心._
167,0,~轮回~,331,628,136,20,211,8327,1,逆水行舟还是随波逐流！人生不过如此 短暂！_
168,0,慌先生,0,22,6,0,0,54,0,_
169,0,听风,0,2028,28,0,0,16820,0,_
170,0,史上最牛逼硬汉,65,2525,106,1,2,4,0,_
171,0,混血小仙女💝,1,753,27,5,5,104,1,够1000万粉丝我就露脸_
172,0,ℳ๓᭄義ོ沏ོ瀡ོ緣ꦿོ࿐,0,80,75,0,0,73,0,_
173,0,爆炒猪猪侠,31,84,29,0,1,2074,1,无处安心便是流浪！_
174,0,赠yi场明媚,28,44,24,14,19,85,0,_
175,0,昵称已重置,0,76,3,0,0,276,0,_
176,0,有一种爱叫不放弃,8,752,33,1,1,3515,1,余生请你指教_
177,0,| 诠剧終 | 。,4,262,28,0,0,0,0,_
178,0,庞祖万,8,1598,126,2,2,611,1,人生没有回头路可走_
179,0,大概在冬季,0,858,15,0,0,1080,0,_
180,0,汽车人 锦,4,549,58,0,15,0,0,_
181,0,森林人,0,44,1,0,0,3198,0,_
182,0,MOK(中国)隐形车衣&熏黑灯膜,8,539,57,6,6,121,1,有些风景，只为强者而存在真正的强者，从不缺英雄相惜MOK漆面保护膜与你一路险峻相伴，纵横天地间！欢迎咨询V❤17502197651_
183,0,小丑的笑容,65,1238,132,30,31,1793,0,_
184,0,一诺零食海鲜经营部,72,2009,100,0,209,2025,0,_
185,0,莫欺少年穷,67,234,62,13,13,47,0,_
186,0,用户2881831697623,0,14,2,0,0,75,0,_
187,0,a000,0,1512,21,0,0,561,0,_
188,0,龙龙,107,601,100,14,15,1257,0,_
189,0,大长城,17,1659,120,1,1,962,0,_
190,0,*韦韦。,307,217,39,54,56,2534,0,_
191,0,初一初一初一,94,27,185,8,8,75,1,不要假装努力，未来不会陪你演戏。v：18008967281_
192,0,醉爱,0,79,38,0,0,255,0,_
193,0,Always°,6,170,34,1,1,284,0,_
194,0,魂练,362,73,75,65,69,1,1,QQ：2232617174微信：13697407504_
195,0,已重置,0,75,6,0,0,24,0,_
196,0,金红太阳汽车维修,0,191,51,0,0,180,0,_
197,0,许珈洛,0,60,38,0,0,0,0,_
198,0,慧慧我爱你,0,228,6,0,0,4211,0,_
199,0,翔隆汽车服务中心,228,422,86,37,39,1104,1,关注我带您深入了解汽车养护和维修知识！不定期有活动。_
200,0,有个Ray在做咖啡,144,645,71,7,8,1468,1,Easy come easy go做咖啡的Ray_
201,0,小龙哥哥,0,488,17,0,0,9561,0,_
202,0,浮华是非,7,31,18,3,3,123,1,你相信正能量吗_
203,0,李！,0,217,9,0,0,70145,1,城北以北不再美_
204,0,(♯｀∧´)无恋,12,2483,31,3,3,8536,0,_
205,0,韬光养晦,28,629,45,7,12,3396,0,_
206,0,欢欢,21,609,54,2,2,537,0,_
207,0,这一刻，不是你,81,112,29,11,11,16167,0,_
208,0,狗撵摩托不懂科学,1,165,107,0,3,413,0,_
209,0,年轻的资本就是打拼,43,1809,171,4,6,28362,0,_
210,0,用户3042718475461,0,425,0,0,0,0,0,_
211,0,动 力 🦆,6,42,5,0,0,2710,0,_
212,0,平果凯迪汽车修理服务,79,33,43,10,12,57,0,_
213,0,用户9870212252988,0,22,5,0,0,71,0,_
214,0,See you tomorrow,0,292,20,1,1,9483,0,_
215,0,微笑🙂,0,145,29,0,0,5072,0,_
216,0,小风,0,159,15,0,0,13,0,_
217,0,糖糖宝宝,4,344,68,1,2,221,0,_
218,0,神圣↪使者,7,1214,29,1,1,1661,0,_
219,0,七凉@,0,203,21,0,0,4548,0,_
220,0,彼岸花,0,3607,84,0,0,29791,0,_
221,0,至诚远行,15,685,25,12,17,4739,0,_
222,0,Rong & HAI,334,359,71,0,0,0,0,_
223,0,乌鸦坐飞机,0,278,0,0,0,493,0,_
224,0,AA捷诚汽修,318,369,127,31,38,711,0,_
225,0,qzuser,0,730,15,0,0,2529,0,_
226,0,皓然,877,3142,182,190,190,3538,0,_
227,0,康众汽配，姜小伙子,25,479,102,16,16,29,1,一人孤独走天涯，红鱼落雁又为谁_
228,0,往后-余生,36,4041,191,3,3,1309,0,_
229,0,南京永宏自动变速箱专修,1672,2972,1657,87,102,436,1,专业维修各种名车电子自动变速箱_
230,0,余生ง 多善良,0,96,14,0,1,58,0,_
231,0,大东,0,278,24,0,0,924,0,_
232,0,【中国543】,0,135,0,1,1,94,0,_
233,0,爱下一个人,17,3347,74,3,3,1663,1,一个人的潇洒，一群人的落寞_
234,0,苏其云,0,154,5,0,0,772,0,_
235,0,一棵树丶,20,92,40,1,1,387,0,_
236,0,心在路上,0,177,6,0,2,0,1,不能太理想化！_
237,0,太,0,301,7,0,0,119,0,_
238,0,柴汽油电喷后处理,32,140,55,9,9,460,0,_
239,0,十二,71,926,64,11,13,8023,0,_
240,0,张三,0,1183,19,0,0,51,0,_
241,0,專屬菂誠諾,395,131,64,31,33,827,0,_
242,0,用户8330428577028,0,15,8,0,0,18,0,_
243,0,河马,27,136,51,2,3,205,0,_
244,0,养一只太阳🌞,344,261,78,52,53,0,0,_
245,0,秦皇岛市骄鹏租-车小涛,1190,578,231,46,102,5629,0,_
246,0,난 당신을 일생일세 사랑해,0,198,16,0,0,1422,0,_
247,0,迷失沙漠,0,29,9,0,0,679,0,_
248,0,5648,0,17,0,0,0,47,0,_
249,0,缘分石,1293,551,38,145,145,12,1,人生太短，短到来不及浪费时间去恨任何一个人。_
250,0,870327856,18,638,48,4,4,1300,0,_
251,0,用户7202801493381,0,190,9,0,1,1676,0,_
252,0,余生，与你共度光年,91,49,23,14,15,198,0,_
253,0,保定市清苑区佳宁汽配店,370,3740,791,106,106,5144,1,汽车改装！喜欢就好！！_
254,0,可惜不是你,354,3155,338,19,20,19673,1,不断努力，奋斗，不要让生话遗忘自己！！_
255,0,大大大的,2,29,3,1,1,41,1,大_
256,0,平安夜,26,2873,312,1,34,3799,0,_
257,0,用户9741061590544,0,7,0,0,0,29,0,_
258,0,太阳,33,113,38,4,4,771,1,胜_
259,0,车之道,0,71,76,0,0,137,1,连水都会变质，何况人心呢？_
260,0,℘ℳ₨、墨 隐๓,9,388,14,4,4,977,1,本人单身  不相信爱情_
261,0,曹少帅,24,90,31,2,4,578,1,甘肃兰州汽车人一站服务中兰智海欢迎您_
262,0,修车小王,0,201,42,0,0,900,0,_
263,0,用户3891263430584,0,143,7,0,0,5206,0,_
264,0,农村.户口,371,420,222,6,13,3380,0,_
265,0,用户267766,0,32,3,0,0,275,0,_
266,0,。。。，，，,0,49,1,0,0,2,0,_
267,0,♤阳光下的忧郁 很迷离み,28,513,17,8,8,729,0,_
268,0,回眸一笑,0,656,35,0,0,4240,0,_
269,0,时过境迁,0,29,1,0,0,34,1,谁能十年悲苦付之一笑，千里尽长歌_
270,0,汽修小吴,7,1608,140,1,3,554,1,汽车:维修，保养，升级，改装，_
271,0,蝶恋花,0,451,10,0,0,206,0,_
272,0,龙哥,107,343,42,20,21,7127,1,有人加我微信吗！18333927501_
273,0,日月海,0,291,35,0,0,200,0,_
274,0,爱拼才会赢_210893144,919,992,526,54,54,6300,0,_
275,0,用户1321142066528,0,51,1,0,0,23,0,_
276,0,夕阳西下你不陪东山再起你是谁╭☞,22,2031,24,14,17,2817,0,_
277,0,静大大,6,69,16,2,2,56,0,_
278,0,吴飞,0,16,16,0,0,695,0,_
279,0,随便了,311,1055,182,16,17,9344,0,_
280,0,用户871369982116,0,2157,92,0,0,171,0,_
281,0,木*子*李,1249,391,1636,47,51,2754,1,谢谢你这么漂亮还喜欢我😜😜😜_
282,0,用户1212152207587,0,2127,81,0,0,24,0,_
283,0,机修—@邓弟弟,6,1258,22,1,1,3612,1,京东京车会尚腾金茶路店_
284,0,用户103503893,0,178,6,0,0,928,0,_
285,0,福,0,405,31,0,0,439,0,_
286,0,二胖儿,0,918,18,0,0,205,0,_
287,0,太康锅炉集团,848,1428,761,50,50,0,1,专业锅炉生产厂家，主营有蒸汽发生器、蒸汽锅炉、热水锅炉，超低碳锅炉等系列产品，按燃料分类有燃气锅炉、天然气锅炉、生物质锅炉、电锅炉、燃煤、燃油等锅炉。_
288,0,@阿茶,3262,1968,1776,41,41,0,1,余生，寻一杯茶，静而不争！_
289,0,怼的就是你,18,180,81,3,5,871,1,活出自己的精彩_
290,0,天涯茶客,23,222,22,1,1,0,0,_
291,0,用户2090112014153,0,414,3,0,0,1171,0,_
292,0,大明。,1770,1036,453,19,39,447,1,专业润滑油、滤芯批发，电话：18947794646_
293,0,佳硕,3,631,23,1,1,9953,0,_
294,0,卡不其洛,38,4841,184,7,8,22293,1,喜欢生活．忠于生活．热爱生活_
295,0,"I love you, candy",0,1996,28,0,0,2209,0,_
296,0,若愚的爱,0,55,2,0,0,337,0,_
297,0,GL,0,443,10,0,0,0,0,_
298,0,acolasia,226,389,103,42,47,0,0,_
299,0,用户3508021959184,0,486,4,0,0,795,0,_
300,0,少爷7076,116,122,70,26,27,127,0,_
301,0,金秋向日葵🌻,0,473,28,0,0,113,1,俗人，俗心，静而不语，_
302,0,小朋友,0,32,2,0,0,47,0,_
303,0,走位,24,139,23,15,15,0,1,保佑🙏好运_
304,0,牛步向前,0,41,7,0,0,91,0,_
305,0,用户358757133159,0,1033,21,0,0,0,0,_
306,0,╭∩╮（︶︿︶）╭∩╮鄙视你！,20,587,87,4,6,2091,0,_
307,0,肖先生,306,143,190,25,26,0,1,这个人很懒，什么都没留下  v    15029077913_
308,0,爱你一点点,0,332,8,0,0,0,0,_
309,0,L,0,26,1,0,0,349,0,_
310,0,阿 伟  思维助教,33,87,29,6,7,242,1,学无止境，学做人再做事_
311,0,@新,16,972,55,2,2,569,0,_
312,0,翔子,49,202,14,5,5,230,0,_
313,0,捷翱德系名修,3,12,4,1,1,2,0,_
314,0,林,3,145,14,4,5,175,0,_
315,0,王多鱼,8,226,75,1,1,29559,0,_
316,0,东悦,0,195,5,0,0,7,0,_
317,0,用户252314714123,2,5,3,1,1,21,0,_
318,0,ღ༄小星星࿐ེ,0,320,11,0,0,1393,0,_
319,0,用户2479713307762,0,33,0,0,0,85,0,_
320,0,风风雨雨,16,1081,65,7,8,201,0,_
321,0,金,73,772,125,7,71,2204,0,_
322,0,活着就是玩,0,140,28,0,0,160,0,_
323,0,Y_,2,130,52,1,1,160,0,_
324,0,宝顺汽车服务,19,1191,52,2,2,387,1,德系BBA维修奥迪大众疑难故障维修奥迪大众发动机烧机油维修质保一年十万公里_
325,0,鲨凋,0,741,4,0,0,3070,1,最美是浓烟，看不够的是人间，如期而至的夏天，你好。_
326,0,宏林,0,634,14,0,0,440,0,_
327,0,宝盛汽修～小郭,0,18,2,0,0,0,0,_
328,0,冥冥之极为昭昭,0,179,3,0,0,102,0,_
329,0,向阳花、,23,2386,19,6,8,1507,1,记录点点滴滴感谢抖音平台_
330,0,小霍汽修,9,103,19,8,8,389,0,_
331,0,诺诺,0,37,3,0,0,0,0,_
332,0,心魔乱江山,157,173,154,21,21,308,0,_
333,0,那时花开,16,202,35,4,4,1080,0,_
334,0,You have changed,0,36,3,0,0,0,0,_
335,0,╯提筆——書寫對妳的思念,1,192,16,0,1,2946,0,_
336,0,小爷潜能潜能无限,0,313,2,0,0,29,0,_
337,0,古城视聘劳务,1,293,11,0,5,119,0,_
338,0,瀚,0,84,75,0,0,0,1,cccvvgg_
339,0,星爷,3380,3068,1043,0,0,0,0,_
340,0,恒新汽修卓建希,24,337,52,23,23,144,1,谢谢_
341,0,灵魂设计狮,187,321,53,5,6,1387,1,不务正业的农场主，不务正业的汽车策划，不务正业的设计师_
342,0,救赎,1,719,48,0,2,3499,1,想找一个适合自己的女朋友有多难_
343,0,　　　　　　　　,30,1029,38,0,0,0,0,_
344,0,骑着毛驴去看戏,266,57,113,17,28,4729,1,惜缘 随缘_
345,0,老丁35321,153,855,170,24,32,1784,0,_
346,0,任哥哥,83,361,108,5,5,6008,1,归去，也无风雨也无晴。_
347,0,青山,56,449,197,14,14,147,0,_
348,0,用户2072708106672,0,51,0,0,0,635,0,_
349,0,压力来自轮胎,266,843,127,65,65,1989,0,_
350,0,江苏噶小（降温设备 工业风扇 工业吊扇）,44,1250,155,9,10,126,1,大型工业风扇、工业吊扇、降温设备_
351,0,我是春夏秋冬,587,3803,258,92,93,1343,1,春花，秋月，夏日，冬雪。你若盛开，清风自来。_
352,0,用户3284327424783,0,56,3,0,0,42,0,_
353,0,程洋,40,44,73,2,2,167,0,_
354,0,虚怀若竹青气若兰,16,320,7,7,11,0,1,墨写的谎言，决掩不住血写的事实。_
355,0,传说中de画心,110,678,66,0,0,0,0,_
356,0,慧哥,24,20,10,4,4,467,1,人生十有八九不如意 再苦再累 请别忘记微笑🙂🙂_
357,0,用户6346308420268,0,62,14,0,0,1545,0,_
358,0,kun,104,216,15,47,48,1658,0,_
359,0,锁爱_233619603,6,56,11,2,2,363,0,_
360,0,Rex d 哼哼,18,65,31,4,7,799,0,_
361,0,.          S,184,1377,240,22,28,4235,1,、_
362,0,生活在农村,2676,1503,1485,25,26,0,1,放弃城市生活生活在乡村户外烧烤户外活动生活美滋滋_
363,0,FOX,0,251,24,0,0,201,0,_
364,0,如M一生,35,832,45,11,11,1546,1,本人，出租😜_
365,0,我就是万哥,12527,3092,1873,228,238,7602,1,不想故作潇洒，只求活的真实！！_
366,0,修励,0,1397,29,0,0,0,0,_
367,0,饮水思源🐅,0,1,0,0,0,0,1,想对她说声对不起，遇见她的时候还太小，浪费了她很多的细节和温柔_
368,0,小飛,0,292,30,0,0,4,1,"要铭记在心,每天都是一年中最美好的日子._"
369,0,随心,11,350,41,1,2,2833,0,_
370,0,谭,508,569,162,1,2,13899,1,稳_
371,0,延锋Go,2,46,2,1,1,9,1,🎈感谢抖音平台，谢谢大家关注，优质短片持续更新中…_
372,0,青城,1,77,11,0,4,6350,1,来也来，去也去，往事都随风。_
373,0,秋,0,281,4,0,0,164,0,_
374,0,用户5398292496705,17,748,148,1,1,270,0,_
375,0,地表最堕落没有之一,165,286,130,13,15,1987,1,地表最堕落认识一下_
376,0,小明小小明,2803,1581,428,28,28,0,0,_
377,0,Quinn,9,3764,29,4,4,4319,0,_
378,0,呵呵,0,887,37,0,0,654,0,_
379,0,KKKITCHEN,0,1802,29,0,0,0,0,_
380,0,1687919993,98,377,69,16,17,389,0,_
381,0,别难过，后会有期,5,141,21,0,0,282,0,_
382,0,用户6677329924391,0,16,1,0,0,26,0,_
383,0,Demo,1,273,21,1,1,13700,0,_
384,0,妙善,399,4591,366,32,32,8197,0,_
385,0,陳大俠特煩惱,2,47,8,1,1,39,0,_
386,0,幸福因为有你,37,282,32,4,4,350,1,周亚舟_
387,0,林佳新🙈,5,25,16,1,1,9494,1,当一个人熬过了最艰难的日子，就不想在去寻找任何依靠，现实有多残酷，你就该有多坚强v：1109823908181cm---75 kg_
388,0,夏一,207,2210,39,86,87,15785,0,_
389,0,可乐daddy,50,101,70,6,8,564,1,我的儿子叫cola_
390,0,椧運祌哊莪噯妳,4,770,25,1,1,0,0,_
391,0,神秘人,4,892,16,3,3,3861,0,_
392,0,L。,0,159,9,0,0,94,0,_
393,0,追梦,0,64,35,1,1,36,0,_
394,0,用户9281235369490,0,398,7,0,0,1964,0,_
395,0,@大螃蟹,102,1074,66,122,123,12849,0,_
396,0,金华,0,527,82,0,0,0,0,_
397,0,🐯,26,570,35,5,5,339,0,_
398,0,永远,83,176,173,5,5,1414,0,_
399,0,用户058147,0,1131,15,0,0,38,0,_
