0,0,牧马人,176,234,69,37,37,1266,0,_
1,0,用户142770246746,63,706,11,0,0,0,0,_
2,0,不准见子胡。,280,464,74,25,25,0,1,forever young_
3,0,NG,0,144,3,0,0,201,1,Fly to my world or lose me forever_
4,0,DSL6271,0,452,6,0,0,0,0,_
5,0,美多拉,7,307,12,2,2,3877,1,世界不缺少美。美多拉，带你创造美，发现美！_
6,0,✨Marie✨,0,99,5,0,0,0,0,_
7,0,我系你涛哥哥,72,244,349,9,9,577,1,敏感又心软 活不出自己也爱不好别人_
8,0,后台大男孩,89,648,266,6,9,198,1,本宝宝暂时还没想到个性的签名_
9,0,和尚洗头爱飘柔,93,1313,213,11,12,3020,1,，，，，，，，_
10,0,酷冰仔,3299,126,224,7,7,0,1,教书需先育人，自身还需谦虚学习。三人行必有我师，受教受教～_
11,0,🚩🚩🚩€,82,83,38,6,6,35,0,_
12,0,记得填写昵称哟,8176,41,96,17,21,0,1,这个人太懒了……字都不会写！！_
13,0,豆豆,132,95,40,13,87,1909,1,错把陈醋当成墨，写尽半生都是酸_
14,0,阿达牛肉,96,84,46,9,9,28,0,_
15,0,有时,0,92,21,0,0,105,1,勇往直前，积极主动_
16,0,刘凯,24,2645,230,0,26,2639,1,ds_
17,0,湛江生蚝批发商,18596,1318,4364,98,98,0,1,想卖好一个蚝，真的没有你想的那么简单，食货的最高境界是食原材料。原材料新鲜，不需要太高超的厨艺。简简单单的，蒸就就完美了。_
18,0,自信,58,159,41,5,18,592,0,_
19,0,啦啦啦～,0,61,31,0,0,50,0,_
20,0,小香槟🔥,196,600,154,13,35,1691,1,因为爱所以爱！_
21,0,湾里来力台球,88,176,71,5,5,975,1,一杆在手，天下我有_
22,0,会做饭的崔总,1512,567,412,102,162,1390,1,爱运动，快乐星期二！_
23,0,一切归零,0,7,3,0,1,160,1,。_
24,0,961530071,0,385,25,0,0,3725,0,_
25,0,韩伟1,14,930,55,4,4,373,1,细节决定成败_
26,0,笑看风云88,64,196,56,14,14,610,0,_
27,0,大合手绘艺术设计中心,375,712,114,23,25,4,1,🎨纯手绘油画定制     3D立体画 / 地画     壁画 / 墙绘 / 涂鸦     家具 / 工艺品彩绘     隐形画 / 荧光画     雕塑 / 浮雕感谢抖音官方、感谢大家的支持🤝约画VX：minsheng33_
28,0,独照,0,867,18,0,0,1298,0,_
29,0,阿杜,0,103,12,0,0,61,0,_
30,0,肝胆小哥,7,122,19,1,1,111,0,_
31,0,jl,5,3661,36,0,4,1053,0,_
32,0,朱翰林6,12,578,49,3,4,214,0,_
33,0,Parco,15,1525,49,0,0,68,0,_
34,0,♈️,1560,645,147,29,29,1463,1,我是阿丁的经济人，需要找他代言广告宣传的我们请你吃饭倒贴人民币🤦🏻‍♂️_
35,0,北部湾,10,153,13,6,6,794,1,有你真好_
36,0,了烦,31,181,40,1,1,0,0,_
37,0,左麟右李,244,170,183,16,17,6706,1,相见时难别亦难，东风无力百花残！_
38,0,墨奇的修行日记,144,4581,538,1,4,18031,1,打不败你的永远是你的天赋。最合适的路就是在趋势中定位好自己，然后把你的天赋发挥到极致。合适胜过最好。创客墨奇的vlog。_
39,0,CL红底先生,12,2085,35,0,0,0,0,_
