0,0,小白狗不点,0,3699,21,0,0,0,0,_
1,0,你的小可爱,0,700,12,0,0,2163,0,_
2,0,诺，仙女,127,118,19,18,19,891,0,_
3,0,💋从小就洋务❗,761,10,70,105,105,1377,1,心软时，什么都可以原谅；心硬时，老子就是全世界_
4,0,用户1487465653827,23,4137,36,4,4,12545,0,_
5,0,ϳ看,0,72,0,0,0,208,0,_
6,0,用户221647665755,2,1898,2,0,0,0,0,_
7,0,真假花心,2162,1530,177,17,20,13132,1,玉树临风流倜傥，低调奢华有内涵v+d:15176980809_
8,0,枯木逢春,46290,85,239,83,83,0,1,花自向陽開 人終向前走_
9,0,浮生,7,613,11,0,0,0,0,_
10,0,萧沥,0,2239,94,0,0,1559,0,_
11,0,逍遥奕仙,0,2461,25,0,0,0,0,_
12,0,y~,0,1757,47,0,1,53631,0,_
13,0,不在,10,29,8,0,0,0,0,_
14,0,余曼,53,105,38,9,9,850,0,_
15,0,韩卫华,464,3289,669,82,82,2519,0,_
16,0,748.9w 人,0,462,5,0,0,49,0,_
17,0,余厌~,3,3610,199,0,2,11280,0,_
18,0,古曦,14,700,10,7,7,2415,0,_
19,0,佛BTV的,2,2401,14,1,1,343,0,_
20,0,涂涂小可爱,7,2354,77,1,1,36201,0,_
21,0,Once曾经,0,365,30,0,0,0,0,_
22,0,猫,2,484,17,0,0,0,1,新来的 谢谢🙏🏻_
23,0,禹默,18,141,11,7,7,459,1,糊涂过每一天_
24,0,寒剑莫听君子意。,45,3800,226,2,4,63111,1,林雨巫山望断肠。_
25,0,用户2618749346551,36,118,12,8,8,992,0,_
26,0,抱着只软熊.ฅ,4,1053,14,0,0,0,0,_
27,0,不易,0,64,22,0,0,492,1,晚安_
28,0,孙秋1q709月烟,279,849,77,27,27,5571,0,_
29,0,。。,51,43,34,3,3,29585,0,_
30,0,821.6W人,0,4581,46,0,0,13750,0,_
31,0,Badyoung,344,3772,127,37,37,9367,0,_
32,0,欲花銮练圣,531,2534,93,22,23,4867,0,_
33,0,玲玲学妹,381,4303,258,27,27,987,1,本人13QQ:3184755458微信:18272295485闺蜜:龚贝贝.向湘妤.方锦荣.筣筣……Abb虽然我爱拍作品但不喜勿喷。那些黑粉吗？我劝你不要再黑那些明星。还有包括(秦霄贤)要是你敢黑他我取你的狗命！_
34,0,G.,34,311,105,1,1,15913,1,喜欢就来 不喜欢就走没逼你_
35,0,用户1527577986185,29,897,34,1,1,3055,0,_
36,0,其乐融融,8,43,14,3,3,14,0,_
37,0,桦枫,0,146,23,0,0,1455,0,_
38,0,挽辞/仙染.【离梦染】,526,3983,160,6,6,23567,1,挽辞💫脾气暴躁，爱祖安主：王者 第五团：离梦染，月烟台，SG.，笙凝檀软件：剪映，inshot空吹奈吹香吹，杂食，与仙染公号—————————————————————————这里仙染✨杂食（识别我们俩个看水印就好）不进团（除离梦染）卖素材，logo，宠粉，脾气很好_
39,0,洲洲,0,62,23,0,0,193,0,_
40,0,Vcowbkch,5,1996,9,6,6,3365,1,郑妞妞_
41,0,小徐超nice,977,278,50,2,3,30946,1,愿你们都被世界温柔以待💞_
42,0,笑颜如初i└（★ｏ★）┐,181,4818,67,65,65,6077,0,_
43,0,陈团团OVO,27133,88,1152,15,18,0,1,叫我念念阿~团团死狗的文案铺圈地自萌  勿上升正主守护全世界最好的猪狗不如组合_
44,0,言饰,14,4022,22,7,7,2005,0,_
45,0,灰色草莓🍓,0,45,1,0,0,396,0,_
46,0,嗯呢吧啊,0,2015,58,0,0,21849,0,_
47,0,子轩.,11113,185,469,14,14,0,1,农夫山泉有点甜，不爱小虎有点悬🙈_
48,0,用户4257807750385,90,301,22,34,34,446,0,_
49,0,酒太甜……你太苦,0,2389,49,0,0,4746,0,_
50,0,赏月落孤独,17,4006,44,2,2,4926,1,夏   日晚   风      会         吹            来         芬      芳   ，送_
51,0,晓晓在抗抑,0,445,21,0,0,10801,0,_
52,0,暴富大大,0,1989,12,0,0,1844,0,_
53,0,怡萱,1457,705,188,149,149,5523,0,_
54,0,寒风,26,4275,115,5,5,0,1,啥也别说就是:帅_
55,0,晚街听风,310,704,138,52,52,2746,1,",:  给我一点运气就好 其他的我自己把握_"
56,0,一天到晚游泳的鱼,0,159,0,3,3,505,0,_
57,0,本人是吃货^0^,89,2586,131,33,33,9572,1,本人是个吃货哟_
58,0,手机用户70yojs王梓源,527,3410,88,262,262,7809,0,_
59,0,月苏（沙雕化+黑化）（打战魂）,13461,4686,3996,85,109,0,1,黑化、芽家、顾家甜家成员底线：孤魂、甜心、星星、小阳儿、心辞、顾辰玩归玩，闹归闹，别拿底线开玩笑！别动底线，不然你跪下求饶都来不及！别惹我！不然你会很难堪原形小仙儿不过现在有的坏🌚略微沙雕🌚💦_
60,0,☁️-初雪-☁️,3,196,160,0,4,26089,0,_
61,0,兔子爱吃萝卜。,2,392,6,1,1,2961,1,...._
62,0,顾仙玖🍧【顾家、雪家】雪沫阁图长,646,3755,369,41,41,4454,1,别赞完我所有作品。_
63,0,微微WXL,38,2811,30,19,19,48,0,_
64,0,誓爱·离别殇,197,1497,232,62,66,2925,1,怀疑来自过分认真。无所用心的人从不怀疑，但也没有信仰。当然，这并不妨碍他们以信仰_
65,0,01234567890,2615,60,127,88,90,0,1,✌👊👋_
66,0,永久的懒惰,6,231,22,1,1,2212,0,_
67,0,爱打球的库里,0,3111,26,0,0,12743,1,点个关注吧！_
68,0,张子凡,0,75,2,0,0,710,0,_
69,0,用户6674674691843,0,398,4,0,0,50,0,_
70,0,用户8400264773230,188,117,34,16,16,437,0,_
71,0,神樣さま,73,1579,45,2,2,28878,0,_
72,0,露梦星,30,115,2,29,30,1459,0,_
73,0,奶糖、涵涵吖,915,2667,145,43,46,0,1,由于开学了星期天可以更新，千万不要掉粉！！！！本人20岁，玩和平精英和王者荣耀！！_
74,0,张海,39,4743,58,15,20,5817,0,_
75,0,江潮.,0,50,0,0,0,1206,1,......._
76,0,当年情,40,3798,139,0,0,14914,1,？？？_
77,0,狗崽崽，嘻嘻,270,684,42,27,28,9410,1,喜欢成果热巴王一博        嘻嘻嘻_
78,0,人生若只如初见,32,871,69,4,7,2530,0,_
79,0,阳,45,1047,55,6,11,4386,0,_
80,0,风铃,0,755,7,0,0,13017,0,_
81,0,高高萌萌,4,30,13,2,2,177,0,_
82,0,简,0,1763,7,0,0,755,0,_
83,0,豆豆油,0,13,3,0,0,57,1,海南，澄迈，_
84,0,落天神族丶帝羽,0,1366,24,0,0,39614,0,_
85,0,CatLin💫,206,609,33,15,17,10452,1,谢谢，路过的朋友们~❤❤❤😘😘😘😘_
86,0,苏妲己,443,3699,115,64,64,7006,0,_
87,0,The other shore、彼岸,0,328,4,0,0,1602,0,_
88,0,熙熙.,8,671,7,5,5,9191,1,本人slomo玩家.♊双子座.🉑交友.💭有点沙雕.🌸13碎.🍓爱干净.🐰粉丝名：熙宝🍑人生格言：不要害怕学习，知识没有重量.🌈六年级的集美.冲冲冲.加油👑💌破500粉露原声._
89,0,血舞狂沙,0,3545,21,0,0,6077,0,_
90,0,申晓宁,0,2935,25,0,0,0,1,你好_
91,0,云里暗藏欢喜,208,2714,156,32,33,29961,1,“何为思念？”“日月，星辰，旷野雨落。”“可否具体？”“山川，江流，烟袅湖泊。”“可否再具体？”“万物是你，无可躲。”_
92,0,窄巷．,4,227,26,1,1,105153,1,3013394370余生没那么长 请你忠于自己  活的像自己_
93,0,"(,,•́.•̀,,)",0,15,8,0,0,0,0,_
94,0,娜娜,2242,3352,197,658,658,0,0,_
95,0,羊羊,166,4286,186,40,40,5164,0,_
96,0,Liu.,22,2288,87,0,0,0,0,_
97,0,安心,0,2396,27,0,2,6512,0,_
98,0,吃好睡好玩好,882,769,97,18,18,0,0,_
99,0,故里是奈吹,2332,4183,311,126,166,18949,1,爱好玩第五人格_
100,0,李大炮,0,2759,23,0,0,11270,0,_
101,0,🎈,13,35,6,4,4,1920,1,只求发财_
102,0,frlxty🦦,3682,87,82,0,0,0,1,么么哒_
103,0,春风十里不如你。,5,466,18,1,1,40563,0,_
104,0,JOO,6,1298,35,0,20,0,0,_
105,0,苡麟,0,811,42,0,0,0,1,游走号_
106,0,嗯,1,23,14,1,1,583,0,_
107,0,Lily_Reeeeeeed,181,1329,66,0,0,0,0,_
108,0,大明：,68,1476,16,2,4,27161,1,.._
109,0,栀虞,0,782,2,0,0,6191,0,_
110,0,别低头否则皇冠会掉,0,418,1,0,0,2091,0,_
111,0,用户2908189613807,0,477,7,0,0,2418,0,_
112,0,Hà Quỳn,0,246,3,0,0,229,0,_
113,0,文倩WQ,32,356,10,8,8,241,0,_
114,0,있어도 되고 없어도 된다,2454,76,92,23,25,199,1,我终于相信，生命中会出现这样一个人，就算不顾一切，就算倾其所有，就算万死不辞，我也无法和他走到最后_
115,0,不闻不问不回忆#,5,4898,115,1,1,17649,0,_
116,0,高冷,0,3031,250,0,0,2709,1,-_
117,0,胖胖是猪🐷,0,53,21,0,0,0,0,_
118,0,Shmily.,0,69,8,0,0,1515,1,._
119,0,白安·,0,14,13,0,0,812,1,从来没火过🙃_
120,0,能量少女！,0,872,9,0,0,0,0,_
121,0,蔡,0,459,19,0,0,28,0,_
122,0,呀哈,0,50,2,0,2,153,0,_
123,0,重莲,622,1836,102,164,164,1103,1,众生皆草木，唯你是青山_
124,0,XY.心,0,882,12,0,0,23111,0,_
125,0,麟&月,6,1584,37,8,8,17818,0,_
126,0,小楠,0,115,6,0,0,172,0,_
127,0,军师,13,1328,19,3,3,0,1,嗨，你好！_
128,0,落寂,3,4929,9,3,3,6184,0,_
129,0,张磊门窗,1931,4716,1738,13,13,6089,0,_
130,0,不二臣,122,3791,11,0,0,0,0,_
131,0,清酒暖风,0,4536,23,0,0,0,0,_
132,0,柒,0,334,0,0,0,12563,0,_
133,0,王英霞,28,301,27,5,5,1069,0,_
134,0,✈️✈️✈️GZ,9,78,5,6,6,628,0,_
135,0,🐾熊熊叹息🍃,94,1693,67,8,9,60076,1,？？？？？？？？？？？？？_
136,0,用户6156116850879,0,247,0,0,0,8532,0,_
137,0,踏雪荨～梅,569,40,88,45,46,1582,0,_
138,0,小谢,7,20,10,5,5,295,1,卑微的存在..._
139,0,我是个胖子！,87,237,107,5,5,0,1,当你凝望深渊的时候 深渊也在凝望你_
140,0,再遇,0,14,5,0,0,0,0,_
141,0,十三,11,4980,29,0,0,0,0,_
142,0,星河踏月归💮,0,242,5,0,0,1649,1,回眸那过往的曾经，原来只是一场游戏。_
143,0,womo,0,1536,25,0,0,6388,1,看清了，也就放下了_
144,0,和闺蜜👭的十年之旅,2883,2349,221,13,23,4515,1,一定要和闺蜜来一场说走就走的旅行🧳记录我们👭的旅行✈️生活准备好了吗？_
145,0,@🌼,51,2,351,3,3,5,1,👑_
146,0,热雪儿,30,1770,30,1,1,5668,0,_
147,0,☜,0,301,4,0,0,0,0,_
148,0,晚些在心动,0,217,13,0,0,0,0,_
149,0,Smile_亦舒（Az笑家创始人),38632,3309,2786,260,261,0,1,❤️冲❤️笑家总创❤️❤️一❤️禁止冒充❤️❤️万❤️如有得罪❤️❤️粉❤️老子乐意❤️❤️❤️❤️❤️❤️❤️❤️❤️粉过❤️3000说:奈奈生❤️粉过❤️5000说性格❤️粉过❤️一W露脸❤️❤️❤️❤️❤️❤️❤️_
150,0,离人,0,1108,10,0,0,24203,0,_
151,0,下雨天,2850,747,145,511,516,6463,1,专职宝妈_
152,0,软软,0,1388,12,0,0,11522,1,Q3501466260_
153,0,芋泥啵啵吻。,170,3551,54,14,14,0,0,_
154,0,小潘想睡觉,4,914,51,0,11,0,1,人间值得事如所愿_
155,0,用户9346082971363,0,47,1,0,0,1547,0,_
156,0,Fairy蜜橘,0,153,10,0,0,758,0,_
157,0,服不起的小鱼,19,1158,58,1,1,143821,1,这里鱼鱼闭关修炼，哈哈哈哈哈_
158,0,_忧伤,1,122,21,0,2,61,0,_
159,0,大雯,4709,44,981,34,34,0,1,感谢抖音平台_
160,0,冬眠,0,3,2,0,1,25,0,_
161,0,不能遗忘的2月5日下午3点,162,2004,58,10,13,10666,1,在所有的道别里，我最喜欢听明天见_
162,0,叫我辉辉.💭,681,132,156,46,133,0,1,Yᵒᵘ'ʳᵉᵗʰᵉᵒⁿᵉᴵ'ᵐˢᵗˡˡⁿˡᵒᵛᵉʷᵗʰ._
163,0,cc,0,994,11,0,0,9022,0,_
164,0,用户457545061964,47,98,27,15,16,318,0,_
165,0,哇哈哈^0^,0,14,1,0,0,0,0,_
166,0,荆棘海洋,143,177,57,10,10,10128,1,是几点钟方向 你才会收到暗号_
167,0,与星星共眠,0,232,2,0,0,0,0,_
168,0,诗琪琪,104,3519,69,0,0,0,0,_
169,0,user3862240916064,0,43,0,0,0,393,0,_
170,0,北故,43,72,58,0,0,0,0,_
171,0,wwwwwww,7,664,9,1,1,9365,1,wuwuwuu_
172,0,哇哈哈,164,162,92,27,28,319,0,_
173,0,仙离,124,3558,66,39,39,11829,1,好好爱自己_
174,0,9277用户3931863358147,0,674,58,0,0,455,0,_
175,0,胡说影视,12692,50,5277,31,32,0,1,✨感谢抖音平台❤️            ✨感谢大家关注🙏 ✨分享精彩片段🔥_
176,0,饭饭,1141,214,1031,21,21,103,1,最好的状态: 有人爱 有事做 有所期待_
177,0,什么克辣,155,24,514,3,3,18039,1,哈哈哈_
178,0,puppet,64,638,13,12,13,2097,1,可可爱爱，没有脑袋，双手插兜，谁也不爱_
179,0,〈热爱〉.今天你吃糖了吗,0,360,14,0,0,0,0,_
180,0,日月希,0,37,1,0,0,0,0,_
181,0,xk,270,477,42,28,28,4116,0,_
182,0,小太阳,1374,4673,158,0,0,0,0,_
183,0,Amy,42,559,50,9,9,226,1,⁽˙³˙⁾◟(๑•́ ₃ •̀๑)◞⁽˙³˙⁾_
184,0,黎梵🍥,9,4585,41,0,0,0,0,_
185,0,cilin,0,103,6,0,0,3007,0,_
186,0,瑄十二,28,282,30,3,3,4066,1,这里是瑄十二是cx的大号唔QQ圹列：1833784427画世界ID：370445_
187,0,老王啊,10,4445,149,0,9,20566,0,_
188,0,兔,28,786,5,13,13,843,1,藕兔女孩-兔_
189,0,卑微小时,0,4471,13,0,0,8733,0,_
190,0,Yoyo2002,2,128,6,2,2,171,1,(神經病化)🌚🌝_
191,0,呦呵糖糖喃,0,1318,4,0,0,18442,0,_
192,0,🦄,0,50,0,0,0,2214,0,_
193,0,520小森森森,9,1424,73,1,2,0,1,Acc_
194,0,小苑苑,163,1904,46,81,81,3509,0,_
195,0,猫眸,19,453,65,0,0,0,0,_
196,0,喜欢奥利给男孩,0,1127,24,0,0,0,0,_
197,0,Q冻土,13,1155,50,4,4,459,1,15376001665_
198,0,天💝情,231,55,74,21,22,45,0,_
199,0,duoduo123323,4,32,8,2,2,0,0,_
200,0,ありがとう,0,109,1,0,0,0,0,_
201,0,绝地和平精英黄金狙击手,72,524,69,19,19,307,0,_
202,0,ʚ 落落文案管ɞ,65,1334,16,10,10,0,1,所有失去的东西，都当作是借来的片刻欢偷，而到了该归还的时候。_
203,0,邡启玧,10137,176,214,6,6,0,1,普普通通一老娘们儿_
204,0,七个葫芦娃的爷爷,10,206,10,1,1,8568,0,_
205,0,h918773449,10,1603,31,1,6,14863,0,_
206,0,去去,0,239,5,0,0,6339,0,_
207,0,啦啦,7,875,66,0,0,4259,0,_
208,0,孤独是我的背影♥,47,187,16,12,13,118,0,_
209,0,永青7301,2,3181,5,1,1,2758,0,_
210,0,牧童粉丝,3,189,0,3,3,3042,0,_
211,0,M,18,461,10,1,1,0,0,_
212,0,🌸,0,2127,60,0,0,14883,1,呀呼！_
213,0,猪猪女孩,376,834,48,3,4,774,1,世界那么大 你们最可爱分享日常傲娇恋爱表情包原创视频 欢迎投稿不要运走哦🌟 备注优先投稿🌟：jswxxny_
214,0,老骥伏枥,0,22,17,0,0,120,1,老骥伏枥，志在千里_
215,0,安稳。,0,24,1085,0,0,0,0,_
216,0,枝枝,8,3838,39,0,2,46185,0,_
217,0,月初全球拓客优质顾客,918,320,193,36,36,0,1,专业美容美发！教育！健身房！瑜伽！餐饮酒店！火锅烧烤城！KTV娱乐场所拓客！质量第一！相信团队！财富热线18554400044_
218,0,奥运五环皮卡丘,8,4999,41,1,1,13781,0,_
219,0,曼曼超可爱,9,107,23,1,1,0,1,神爱世人爱到底_
220,0,only.勿。,2869,518,1073,14,16,0,1,不交友😂底线🤍萱萱❤️莹莹💙猴子💛甜玖熙生日8.6✨已读不回很正常。_
221,0,9095_蕴,135,482,39,0,0,0,0,_
222,0,甘草味西瓜,0,3151,21,0,0,3191,0,_
223,0,两清,43,248,24,7,7,5301,1,适可而止的放弃 起码不会输的太狼狈_
224,0,春风十里。,0,4634,16,0,0,0,0,_
225,0,臭弟弟🤓,80,68,11,13,13,1400,1,喜欢毫无理由的护短以及潜意识的偏爱_
226,0,give me,0,107,4,0,0,1,0,_
227,0,用户3649058566172,0,907,1,0,0,1031,0,_
228,0,新起点UV广告装饰,1064,1389,69,0,0,0,0,_
229,0,雷霆嘎巴哦,220,252,66,9,9,58916,1,小鬼. Justin.别一次性赞我作品！！！球球了！！每次都一次性 直接无语死_
230,0,江晚吟,52,123,7,0,0,0,0,_
231,0,旺仔小樱桃🍓,0,43,1,0,0,0,0,_
232,0,选我迷人🤔,219,415,54,24,25,15309,0,_
233,0,装惯了的老baby,0,1802,54,0,0,8627,1,懒癌晚期，直男末期_
234,0,AO Chao💦,618,129,56,23,24,3081,0,_
235,0,小红帽ya,1,33,0,0,1,97,0,_
236,0,🤷‍♂️,0,145,57,0,0,18735,0,_
237,0,.倾诉一片星辰,0,925,9,0,0,0,1,当代恶臭少女._
238,0,气质小青年,0,21,6,0,0,2290,0,_
239,0,青岛卓志运通达国际物流有限公司,15,455,18,1,1,3793,0,_
