0,0,灘,0,435,18,0,0,13,0,_
1,0,爱在寂寞无聊时,0,39,0,0,0,16,0,_
2,0,铁打的宅女,3,175,10,0,3,818,1,没人比我更宅∠( ᐛ 」∠)＿_
3,0,嘻ha嘻,13,1545,22,2,6,5738,0,_
4,0,不期而遇,1,241,14,0,4,3699,0,_
5,0,四叶草🍀,2,878,21,1,2,16299,0,_
6,0,用户5493973943564,0,75,7,0,0,28,0,_
7,0,1234567,0,631,25,0,0,3352,0,_
8,0,含笑半步癫儿✨,0,152,15,0,0,126,1,高兴就笑、不高兴就等一会再笑_
9,0,？,0,79,3,0,0,358,0,_
10,0,今非昔比……,2625,1047,833,113,121,1644,1,爱蕊丝皮肤管理18236383969_
11,0,感性.,35,24,20,3,3,30,1,"纯粹一点,幸运一点,俗气得晚一点,做无趣的成年人里面,稍微有趣那么一点点的人_"
12,0,ronan,0,34,0,0,0,0,0,_
13,0,佳佳吖！，。。。,1,2501,2,0,0,0,0,_
14,0,夜月不夜,0,45,1,0,0,5,0,_
15,0,用户8210456387422,1,1657,1,0,0,0,0,_
16,0,缔、蓝枫°,10,233,19,2,33,1018,1,愿得一人心！_
17,0,这货不是田林,0,19,4,0,0,4,0,_
18,0,B。,5,647,4,0,0,0,0,_
19,0,睿睿麻麻,30,44,21,8,8,81,0,_
20,0,大马猴,7,45,2,6,6,15,1,2020.03.18被辞职，从今天起记录我的生活_
21,0,欧辰,1,1395,18,0,0,0,0,_
22,0,欧妮🍀,0,82,13,0,0,0,0,_
23,0,用户6609542355516,0,1123,4,0,0,1652,0,_
24,0,Mr.周,457,2270,322,26,27,6422,0,_
25,0,吸秃周深小宝贝儿,0,87,30,0,0,164,0,_
26,0,楚菜 好味道,192,1976,254,31,31,421,1,中国多美食  楚菜更营养_
27,0,布丁🌟,0,124,1,0,0,0,0,_
28,0,岳宝妈咪,1461,4743,924,261,264,9016,1,80后老母亲一枚，向往着诗和远方_
29,0,谁的破特头🐽,546,152,32,59,59,752,1,土豆子的幸福生活几个知心朋友👨‍👨‍👧‍👦一对懂自己的父母👪一个深爱的人💑怎么说呢😂愿你走出半生，归来仍是少年🔆愿看到视频的你也能如此幸福♥️不要忘记点关注♥️♥️♥️_
30,0,一个陈同学,89,3956,25,31,32,796,1,每天更新，不喜勿喷。_
31,0,用户6413758300762,0,23,0,0,0,0,0,_
32,0,用户9593529739914,0,12,0,0,0,5,0,_
33,0,随风而去,146,160,59,5,5,0,1,永远不要触碰赌博_
34,0,时代229171574,0,62,2,0,0,10,0,_
35,0,文宇,6,441,6,3,3,523,0,_
36,0,酸菜馅饺子,2,783,47,0,1,3298,0,_
37,0,阿Q爱上,30,46,9,8,8,75,0,_
38,0,🐑羊,22,92,15,8,8,467,1,热爱可抵岁月漫长_
39,0,Minecraft---熙茶半👾,10,294,61,1,20,49,0,_
40,0,🌈小彩虹🌈,837,44,134,45,45,0,1,waiting for you ☆★_
41,0,记录生活的毛毛,0,4,0,0,0,0,0,_
42,0,Cat,0,59,0,0,0,78,0,_
43,0,Murooong,5,361,13,2,3,633,0,_
44,0,萌面少女,6,2757,14,1,1,10715,0,_
45,0,亦心⛸️,40,780,32,1,1,548,0,_
46,0,马王商行,0,37,58,0,0,3,1,内蒙古天然奶酪_
47,0,关于一只猫,0,36,0,0,0,0,0,_
48,0,0717.,39,83,47,3,4,0,0,_
49,0,黑豹,3,259,1,10,10,0,0,_
50,0,汪海伦,0,81,1,0,0,2,0,_
51,0,千寻♥̶,276,501,169,21,22,1165,1,你有多久没有说爱我_
52,0,JG 小菁,32,269,17,10,10,0,1,生活是一场旅途，经历一路的风波与喜悦，收获宠辱不惊的坦然与从容_
53,0,阿布234267494,184,184,182,26,26,28241,0,_
54,0,多阿姨,1404,3954,2677,6,9,0,1,在奋斗路上的东北大姑娘儿，95后，主业好好学习，副业搞笑来了的朋友一起见证彼此的成长_
55,0,daily_流年,0,275,16,0,0,325,0,_
56,0,善赟在杭州！！！,0,18,0,0,0,6,1,一个人_
57,0,夜许你卜懂,0,25,12,0,0,0,0,_
58,0,自在的鱼,0,23,4,0,0,0,0,_
59,0,汜,0,143,0,0,0,161,0,_
60,0,骑着三轮车的小呲牙,0,6,0,0,0,3,0,_
61,0,wlm,4,520,3,2,2,502,0,_
62,0,乔慕,0,404,8,0,0,1044,0,_
63,0,用户4631582877210,0,25,3,0,0,0,0,_
64,0,🐳木木,42152,194,1900,33,33,0,0,_
65,0,顧,0,317,24,0,0,3782,1,🤥_
66,0,岚川铜业～小强,74,432,72,28,29,19,0,_
67,0,萌,190,882,145,12,15,2522,0,_
68,0,小泽泽蒋鹰文不是体育老师,25,171,26,0,0,0,0,_
69,0,龙墨(反迷你),0,3888,12,0,0,21137,0,_
70,0,夏染,0,3378,28,0,0,0,0,_
71,0,xfbvgdgkvxf,0,3471,7,0,0,16072,0,_
72,0,厚载礼物,2,147,43,3,3,549,1,本人没什么喜好就是爱购物实用为大家提供便利感谢大家的支持_
73,0,宇宙星辰218,62,1376,11,15,15,351,0,_
74,0,小心里,0,1314,0,0,0,0,0,_
75,0,GORROSTIETA(๑><๑）,26,647,22,0,2,0,1,白首如斯，倾盖如故。_
76,0,阿羊,0,301,0,0,0,289,0,_
77,0,余白💙,28,774,29,0,0,0,0,_
78,0,沫萱的温柔都给陌浅梦✨5.30破壳🎏,24160,2833,1252,89,90,8130,1,这🌠网名我媳妇给我起的，撞名你TM改                           里🌠主页挂二个人:陌浅梦，老樱桃，别动他 是🌠对不起本人脾气不好校霸一枚，可交友  姜🌠别问我为什么我家那我会吃醋  沫🌠底线:NPC，Lisa，大厂男孩     萱🌠一天天的55667788花里胡哨，净整没有的吖🌠对陌浅梦百分之1000的占有欲，谢谢！🌠本人不喜欢男的，女女恋OK，立场九喵（合作请私信）_
79,0,深藏Blue,0,352,22,1,1,504,0,_
80,0,柠檬开学了,0,3441,81,0,0,0,1,🍓介里系柠檬仙女✨🍬吃货一枚，外加巨蟹✨🍰只有亲友能叫小柠子、暗暗子✨🍨关系懒得写，自己猜✨🧁脾气很好✨🍮主设只有柠檬，副设一大堆✨🍱催更去s💢🍩就酱，白白✨_
81,0,Wilson.🤤,924,119,132,0,0,137,1,快乐当然有一点🥳_
82,0,妖孽白、づ Yoon A,5,680,77,0,0,0,0,_
83,0,大猪熊,2,192,7,1,1,96,0,_
84,0,Maggie5106,0,119,11,0,0,373,0,_
85,0,sjhzh,0,601,24,0,0,6237,0,_
86,0,小哲是我,492,476,40,98,99,0,1,对澳洲留学、旅行及好物感兴趣的朋友们欢迎加V：tracychen2012_13_14_
87,0,昵称已重置,0,138,14,0,0,133,0,_
88,0,介个逼,16,2849,13,21,23,2423,0,_
89,0,user1203791498383,10,321,15,1,1,1962,0,_
90,0,社会悦姐❤️❤️❤️,363,4952,36,128,129,5986,0,_
91,0,笑冰,193,701,13,35,35,363,0,_
92,0,紫荆,0,865,15,0,0,0,0,_
93,0,热七丫,4383,17,771,7,7,3523,1,沪漂5年的互联网加班狗愿每一个抱着梦想来沪漂的你都能拥有一方自己的天地_
94,0,华华,1,1095,1,1,3,3392,0,_
95,0,大白兔奶糖,543,327,107,0,0,0,0,_
96,0,.,0,679,10,0,0,0,0,_
97,0,WCYaLLM,0,581,2,0,0,0,1,哈哈哈_
98,0,。。。,0,603,47,0,0,1832,0,_
99,0,Lulu不是露露啊,18,43,6,6,6,0,1,一名普普通通的女孩记录生活的点点滴滴‖vlog北京朝阳感谢大家喜欢没有小号 大号(就只有抖音)坚持感谢，记得关注_
100,0,一个黑煤球的日常,3,18,1,1,1,1,1,以一个学生的视角记录自己的生活如果大家喜欢请多多关注呀_
101,0,黑夜星辰,13,116,1,4,4,0,1,日常_
102,0,王欣慧,302,442,28,55,56,3620,0,_
103,0,浪小天,149,82,71,9,10,0,0,_
104,0,一顆珍珠🐖,2,41,14,0,0,0,0,_
105,0,手机用户71495123427,0,125,1,0,0,0,0,_
106,0,尤炸鸡博小号,0,161,2,0,0,238,1,无_
107,0,顾昊昀,39,32,36,6,6,46,1,至今为止，地球仍在我脚下_
108,0,森围围,0,94,3,0,0,108,0,_
109,0,无敌大漂亮,73,176,10,15,15,2288,0,_
110,0,丹枫微阳,111,231,25,12,12,446,0,_
111,0,鹏游蝶梦,7,1417,7,0,0,0,0,_
112,0,锅包肉也性感,54133,89,1774,67,72,3024,1,身高175 也想要做个小可爱不定期直播❤️没啥才艺 唠嗑第一名情感分析毒鸡汤_
113,0,。，。？？，，，，,0,504,1,0,0,45,0,_
114,0,帅崽加鲁鲁,1,118,12,1,1,407,1,帅崽阳光灿烂的每一天鸭～_
115,0,不辞青山,0,442,13,0,0,0,0,_
116,0,笑笑阳,83807,141,2930,128,128,0,1,生活不止有眼前的苟且，还有远方的苟且！_
117,0,非洲大酋长,0,58,136,0,0,16,1,so？_
118,0,旗鱼,1,290,114,0,1,15,0,_
119,0,用户7462384113051,0,58,0,0,0,53,0,_
120,0,YZS.🍓,17,71,129,0,0,23249,0,_
121,0,終遇妳🇨🇳,226,304,95,58,69,9372,0,_
122,0,是大宝哎🐶,0,129,37,0,0,0,0,_
123,0,春风(⊙o⊙)哇,0,242,6,0,0,126,0,_
124,0,用户1773724428165,0,343,25,0,0,367,0,_
125,0,丁丁日常,0,4,2,0,1,125,1,每日更新日常，做最真实的自己，我就是知识分子眼里的下沉群体，你如果也是我们做朋友吧_
126,0,吃货淘儿的一天,94,51,4,27,27,15,1,1岁11个月的淘气包2018年4月30日狗🐶宝宝一枚_
127,0,zero.zero three,0,75,28,0,0,99,0,_
128,0,直租联盟,0,115,3,0,0,70,0,_
129,0,孟昱,0,45,3,0,0,0,0,_
130,0,hf.,0,149,5,0,0,348,1,黑粉🌚🌚🌚🐶🐶🐶_
131,0,用户2370685841864,0,40,1,0,0,1,0,_
132,0,🌟🌟我要暴富🏳️‍🌈,19,155,5,9,9,334,1,嘿！兄弟有酒吗，一起喝。分享生活、热爱生活向正能量的生活一路前行生活快乐你我他还有我们要相信越努力越幸运_
133,0,暮色伤逝,82,1330,92,11,90,1261,1,小儿内科医生_
134,0,jjjj,0,143,2,0,0,274,0,_
135,0,用户5668462462446,0,30,0,0,0,143,0,_
136,0,汪小歪,0,134,2,0,0,103,0,_
137,0,胖鱼在这里,195,205,23,27,27,66,0,_
138,0,用户1975505216952,0,36,2,0,0,1,0,_
139,0,林思鸭,0,179,9,0,0,1,0,_
140,0,柠檬树下的阿超,13,108,10,2,2,5511,0,_
141,0,唐宋元明清,0,206,11,0,1,12531,0,_
142,0,洙洙洙洙洙宇,0,23,0,0,0,0,0,_
143,0,甜萌萌💓ว,8,414,8,0,0,0,0,_
144,0,🌠鲨鱼辣椒,6648,803,2320,0,0,0,0,_
145,0,爱吃红烧肉😍,2,4081,52,0,1,0,0,_
146,0,菁羽吖,0,376,2,0,0,6,0,_
147,0,user6760993529756,0,21,0,0,0,32,0,_
148,0,优秀(jank),23,297,26,5,5,501,1,本人师傅俊俊(jank)_
149,0,小可爱(冲1000粉),204,475,31,54,54,8688,1,掉粉中_
150,0,Milu.,0,159,18,0,0,0,0,_
151,0,AKM💅,221,31,47,32,32,227,0,_
152,0,村民小王,200,158,93,25,25,1132,1,乡村气息浓郁_
153,0,莘莘,1,201,0,1,1,195,0,_
154,0,一个b名一年改一次,0,30,0,0,0,17,0,_
155,0,hui.,43,101,23,2,16,3575,0,_
156,0,走进如意门,3,251,7,0,1,4227,0,_
157,0,焰火,0,270,14,0,0,1659,1,做个俗人，得之坦然，失之淡然，顺其自然。_
158,0,🍓草莓味的奶茶🍓,2,318,4,1,1,201,1,🍓一只可可耐耐的小可耐呀🍓🍓本人喜欢樱桃小丸子🍓🍓正在找关系🍓🍓处姐姐～(￣▽￣～)~🍓🍓粉丝名叫奶糖🍓🍓一位超级可耐的女孩🍓🍓你值得拥有🍓🍓爱豆:易烊千玺🍓肖战🍓_
159,0,夜月12138,0,45,0,0,0,2,0,_
160,0,captainMeeew,0,318,9,0,0,552,0,_
161,0,风云小洛,6,517,7,3,3,3577,0,_
162,0,于是说-801,28,125,45,4,4,1520,1,老阿姨，八零多一截儿、九零差一点儿😋_
163,0,傲姐很傲,8,45,2,0,29,82,0,_
164,0,明白告诉你,0,247,1,0,0,226,0,_
165,0,Y,0,73,2,0,0,0,0,_
166,0,仔仔旭,182,299,40,26,26,786,0,_
167,0,BootlegKkkz,672,2704,56,26,33,7883,1,普通地呼吸，普通地读诗_
168,0,短发儿姑娘,152,67,14,43,45,683,1,超级珍惜在帝都生活的每一天，因为不知道哪一天会离开，所以趁机带你也看看我的北漂生活。_
169,0,大师兄,0,4997,14,0,1,42980,0,_
170,0,铁钉,85,315,26,19,21,11339,1,我本想拂袖打马走天涯没成想却转身瞧见了你从此哪里还有什么天涯只此一生绿海为家💚💚💚_
171,0,v,0,28,11,0,0,0,0,_
172,0,Foojing,0,40,0,0,0,31,0,_
173,0,用户8810388091376,0,1,0,0,0,0,0,_
174,0,大卫,5,69,9,4,4,14,0,_
175,0,幸运💕girl💕,29,75,27,3,3,0,1,抖音新手，感谢🙏🙏🙏大家的关注支持。_
176,0,YAN °,0,8,27,0,0,9,0,_
177,0,你还好吗,0,31,0,0,0,0,1,你不懂我  我不懂你_
178,0,栀子花de~,14,197,11,11,11,48,1,每天更新_
179,0,若秋风揽月,0,187,8,0,0,51,0,_
180,0,◇樱花巷ぴ,0,44,0,0,0,2303,0,_
181,0,Yuki🍑❤️,71,1142,15,8,8,1921,1,欢迎关注_
182,0,心止若水,139,43,46,18,18,96,0,_
183,0,Atlantis,0,92,11,0,0,94,0,_
184,0,婷  🐾,5311,318,613,65,66,2505,1,我，80后中后期，90后边缘人_
185,0,🙉🙈🙊,1078,16,67,32,33,0,0,_
186,0,梦幻星☆,29,1487,9,4,4,8939,0,_
187,0,173.47w人,5,104,11,1,1,298,0,_
188,0,Hickey,0,17,19,0,0,8,1,言多必失_
189,0,emmm,0,38,0,0,0,10,0,_
190,0,自由的春天,0,4,1,2,2,2,1,一名自由职业者、宝妈，热爱生活，喜欢分享，想将辞职后的琐碎生活记录下来，看我能过成什么样呢？❤️：linyjwx_
191,0,连环吸猫犯,17,910,11,3,15,3083,1,大事掉链子十级选手，干啥啥不行吃嘛嘛香理事会会长，退堂鼓国家一级骨干。_
192,0,jenvs,0,9,0,0,0,7,0,_
193,0,NANA奈奈,345,849,107,38,58,12355,1,过自己想过的人生_
194,0,椒盐芝士,0,126,5,0,0,1241,1,感谢关注_
195,0,可把你气坏了,0,296,0,0,0,0,0,_
196,0,Old love,37,289,51,6,8,2081,0,_
197,0,L_hoho,40202,309,3934,40,43,841,1,瞎搞🐒🌟不定时直播_
198,0,憨憨,0,267,2,0,0,22,0,_
199,0,栗子,123,382,30,55,55,1680,0,_
200,0,用户7496191087587,0,32,0,0,0,18,0,_
201,0,🌸Jasmine🌸,91,100,46,10,10,788,0,_
202,0,用户5225289127380,0,37,0,0,0,0,0,_
203,0,Scarlett,0,254,4,0,0,0,0,_
204,0,橘子🍊,128,131,45,17,21,277,0,_
205,0,Wings,0,292,8,0,0,234,0,_
206,0,辨证,20,109,13,4,7,263,0,_
207,0,小龙人挺多,0,84,0,0,0,0,0,_
208,0,程小⑦,1990,113,146,51,51,218,0,_
209,0,Pick琪琪,4,426,13,1,1,6032,1,个人丰富 无法简介_
210,0,碔砆,14,56,26,2,10,10,0,_
211,0,Zzzz_鸭绒,0,242,2,0,0,0,0,_
212,0,你可以叫我王二,27,192,51,8,11,0,1,惠风和畅，宜练琴_
213,0,贺雨泽,4,794,2,1,1,1176,0,_
214,0,蜜桃仔仔,10584,417,157,26,26,1157,1,温柔_
215,0,山东金玥电气,147,489,169,19,26,1682,0,_
216,0,鱼,0,38,5,0,0,0,0,_
217,0,Hzy.,0,492,2,0,0,4,0,_
218,0,牧maren,0,138,13,0,0,0,0,_
219,0,......,0,241,26,0,0,141,0,_
220,0,没有什么能够阻挡,0,240,14,0,0,0,0,_
221,0,吴亦凡我回来了,48,594,30,9,15,0,0,_
222,0,王姐,0,104,1,0,0,148,0,_
223,0,算了,1,38,0,0,0,0,0,_
224,0,老米zzZ,33,414,11,6,6,1184,0,_
225,0,星光小索索,44,141,228,0,0,0,0,_
226,0,LLL,3,198,16,1,1,400,0,_
227,0,用户2598359530655,0,4,1,0,0,10,0,_
228,0,S,0,542,65,0,0,17909,0,_
229,0,li,8,84,11,3,3,571,0,_
230,0,1997,6,460,7,1,1,726,0,_
231,0,天然呆,0,53,16,0,0,0,0,_
232,0,୧⍤⃝🧸,132,97,13,2,64,0,1,不努力会变猪🐽_
233,0,养痒痒,0,1572,22,0,0,0,0,_
234,0,阿斋,149,160,49,24,27,135,1,人生不易_
235,0,real橙子,23741,2405,1729,124,127,47503,1,这里橙子，不进入工会，电商勿扰一般情况下不会进微信和QQ的粉丝群，也别来问我有事说事不喜欢总被问在不在，问就是不在有微信，有QQ一般不会轻易给别人，也别来问我要别问年龄问就是18喜欢你就留下不喜欢就走没人拦着别总是进进出出(关注取关)，这里不是你家我不是你家长没必要惯着你，你也别在我这赛脸我也不是人民币做不到人人喜欢，我也有脾气轻易别惹杠精请绕道，不喜欢伸手党想说的自然会说别总问会很烦感_
236,0,曦月花生,349,946,207,31,34,87768,0,_
237,0,⭐,3,353,21,0,0,0,1,懒无🈚_
238,0,𝙋𝙪𝙧𝙚 𝙎𝙢𝙞𝙡𝙚,60,143,22,16,25,0,0,_
239,0,高飞狗,0,324,7,0,0,6,0,_
240,0,杨小十,1,89,1,15,15,1,0,_
241,0,凝重,80,339,98,6,7,0,1,人生是一趟有去无回的单程旅行_
242,0,♚饭饭♚,23,72,28,4,4,25,0,_
243,0,叶子235815837,0,409,37,0,0,866,0,_
244,0,彩色玫瑰,423,137,22,98,98,840,1,磨人的小妖精_
245,0,哈哈然,584,83,234,87,105,658,1,FM106.1抚顺经济交通广播主持人逛吃爱好者_
246,0,Adonis~Soon,0,111,45,0,0,7200,0,_
247,0,用户3259722713469,1,109,2,0,5,1505,0,_
248,0,Daniel －胖丁,0,380,53,0,0,1099,0,_
249,0,Scott Li,0,431,0,0,0,0,0,_
250,0,123456,9,184,30,2,2,0,1,感恩……_
251,0,柒言,315,115,59,23,23,0,1,平生故人 去我万里 瞥然尘念 此际暂生_
252,0,腾舞飞扬,0,193,19,0,0,50926,0,_
253,0,🙎,0,530,11,0,2,0,0,_
254,0,小5⃣️冲130！,112,352,128,6,6,0,1,十里寒塘路 烟花一半醒_
255,0,我有一块糖,0,477,13,0,0,269,0,_
256,0,田振华,0,91,25,0,0,765,1,上善若水_
257,0,北屿Rachel,0,495,3,0,0,2041,0,_
258,0,🦁,0,192,8,0,0,2126,1,略略略_
259,0,蔷薇花,0,344,28,0,1,1469,0,_
260,0,MRLZ,28,96,10,5,6,105,0,_
261,0,不放香菜小姐,1351,125,296,0,0,0,0,_
262,0,苏柒柒,22,264,1212,0,32,62541,1,❤️❤️❤️那希望路过的小哥哥小姐姐们能给我点个关注吗😊爱你们，么么哒～(^з^)-☆❤️❤️❤️_
263,0,骑猪撇标枪,79,158,14,32,32,3550,1,在1748公里外的努力奋斗的人_
264,0,？？？？？,0,287,0,0,0,0,0,_
265,0,Saturday,203,297,31,82,111,383,0,_
266,0,王大王,274,75,50,64,64,712,1,你终于发现我了_
267,0,x星星有点凶💞,0,1127,27,0,0,67844,0,_
268,0,🥥,176,242,35,2,3,0,1,生人勿近_
269,0,～🌸,332,741,112,0,0,0,0,_
270,0,不点,0,98,32,0,0,0,1,平平无奇的学习小天才_
271,0,菜花🦄,7,548,68,0,0,0,0,_
272,0,我昊然哥哥,26,91,6,2,2,0,1,日常哈哈哈_
273,0,程序堆里的媛媛,52,6,23,2,2,0,1,我是媛媛，程序媛的媛，一个负婆呆在码农堆里，记录日常✨❤️点亮我_
274,0,_老喝酸奶,278,304,53,0,0,0,0,_
275,0,灯灯灯灯,152,224,106,3,8,377,0,_
276,0,strawberry,0,39,0,0,0,0,0,_
277,0,@.丨,0,317,2,0,0,5038,0,_
278,0,屁屁,0,534,3,0,0,14686,0,_
279,0,fourteeen,0,61,2,0,1,213,0,_
280,0,NANA,0,115,29,0,0,0,0,_
281,0,是啊咩啊💭,437,333,37,5,5,0,1,星辰大海遇见李甄好_
282,0,韦青,0,86,11,0,0,9057,0,_
283,0,芝士琪琪脆,111,195,34,16,16,388,1,热爱生活的李某_
284,0,迟🐋,35,278,38,6,11,285,1,V❤️1452527982_
285,0,玉小玉,0,129,34,0,1,282,0,_
286,0,沉悠,2,39,4,1,1,0,0,_
287,0,☀️,1190,287,85,31,39,0,1,本宝宝想不到签名_
288,0,胺碘酮,285,971,241,6,35,5945,0,_
289,0,meistal,9,149,9,3,4,1609,0,_
290,0,ruielf,14,305,24,1,1,311,0,_
291,0,带你旅行,565,60,162,16,16,39,1,🚘「民宿遛弯儿爱好者」🎥「vlog解说民宿人的日常生活」❤「怀揣一颗爱玩儿的心」------------------------------------🎙「不定期直播带大家“云踩线”」✉️「你还想知道民宿的那些事儿？」_
292,0,胖心,0,136,26,0,0,62,0,_
293,0,*sweetie*,48,311,45,7,9,1459,1,随心，不在意，静心，蜕变_
294,0,九郎的女人,60,89,61,5,5,20628,1,我太酷了很无奈啊~_
295,0,雯雯,44,50,35,7,7,196,0,_
296,0,用户7661058872992,0,68,0,0,0,0,0,_
297,0,天涯浪子,10,51,13,1,1,1477,1,宁愿等别人不让别人等你_
298,0,nnn,0,91,1,0,0,41,0,_
299,0,用户8458671356728,0,31,3,0,0,835,0,_
300,0,脚印👣,0,51,44,0,0,1098,0,_
301,0,Taurus莹莹,7,311,3,0,56,28,0,_
302,0,羽灬飞扬,330,91,38,31,32,217,1,南京大学研三狗🐶即将工作程序猿🙈_
303,0,异常的狮子座,0,41,12,0,0,21,0,_
304,0,橘里🍒,133,188,6,18,18,0,1,🌈2020.5.14—2022.2.12🌈如果连等待的时间都幸福的话 就是爱吧❤️倒计时用自己的方式等待你归来❗图片侵删_
305,0,仲夏酒的猫,15,74,5,6,10,0,0,_
306,0,LN.谢,0,97,14,0,0,2,0,_
307,0,指尖的メ可乐,2,17,263,0,0,0,0,_
308,0,白茶清欢,120,94,9,17,20,722,1,感恩喜爱，佛系且杂❤️我最欣赏的，始终是作品。_
309,0,Kkkkk,12,443,24,3,4,0,1,这个人很无聊 什么都没写_
310,0,心圣不心动,0,80,7,0,0,133,1,厦大，等我好喜欢晴天☀️DANCING🌸_
311,0,蓝胖子,8,136,47,1,3,1021,0,_
312,0,你的世界我最懂,20,250,28,2,5,0,0,_
313,0,可望不可即,0,495,21,0,0,0,1,德云女孩，十二（南极星），行星饭，粉墨，火星人，谦友…………_
314,0,JENNIFER,134,158,41,24,24,146,0,_
315,0,樱笋时贰,8,34,55,0,0,1631,0,_
316,0,啾啾～啾啾,5,571,18,1,4,40304,0,_
317,0,陈震,39,92,32,3,3,1206,0,_
318,0,是你的圈圈酱呀,243,112,56,72,73,1214,1,没营养的社会闲散青年_
319,0,老头子的女神,0,480,21,0,0,88,0,_
320,0,叫我陈美丽,287,248,122,29,30,112,1,爱生活爱分享_
321,0,殇,0,233,3,0,0,0,0,_
322,0,Mdiotw,0,245,26,0,0,0,0,_
323,0,L,17,210,24,2,2,2408,0,_
324,0,柠,0,709,9,0,0,1601,0,_
325,0,流氓兔的忧伤,25,82,36,0,0,0,0,_
326,0,漂亮逗逗,0,189,28,0,0,0,0,_
327,0,最初的梦想,17,164,31,2,2,617,0,_
328,0,不羡,8,378,8,1,1,32579,0,_
329,0,叾屾,1,13,2,0,0,0,0,_
330,0,提子不是葡萄,0,328,6,0,0,0,0,_
331,0,2ॱଳ͘,170903,301,803,22,23,1396,1,浪漫_
332,0,轩尼诗【墨子】,0,375,125,0,0,0,0,_
333,0,那个地方只有我们,1266,415,69,6,7,8816,0,_
334,0,港湾,120,117,117,8,12,3330,1,这家伙什么都懒得写～_
335,0,HanX_,62,145,45,5,5,21432,1,长安有故里，安和桥有你．_
336,0,我的抖音叫什么吖～,108,80,33,17,17,281,0,_
337,0,狗熊先生,3,228,186,0,0,0,0,_
338,0,用户9545054602644,0,218,15,0,0,68,0,_
339,0,云胡不喜ᝰ,111,69,35,16,16,0,1,喜欢自己才能拥抱生活_
340,0,握不住的沙！,220,70,47,26,30,2217,1,"拿出爷们一样的战斗力 ,与这个坑爹的世界拼搏到底_"
341,0,╰︶夏末′凉梦,14,77,21,3,3,2559,0,_
342,0,崔崔崔老同学,967,645,181,37,39,0,0,_
343,0,sys3816_,169,1061,146,22,22,2304,0,_
344,0,用户3439332762535,0,84,0,0,0,8298,0,_
345,0,岁月如歌,4,42,3,1,1,219,0,_
346,0,小痘痘,0,277,17,0,0,0,0,_
347,0,昵称已重置,0,186,0,0,0,63,0,_
348,0,老实有错咩,0,206,5,0,0,567,0,_
349,0,孙明月,192,160,155,7,7,15118,0,_
350,0,杨、小乖,339,621,70,47,47,11715,1,我是一个热爱生活的小导游🧐用抖音记录宝宝成长的点点滴滴_
351,0,芳菲时节,26,40,12,4,4,154,0,_
352,0,dyang,24,322,37,5,8,827,0,_
353,0,宋嘉音,0,1097,24,0,0,2291,0,_
354,0,蜜桃养乐多,0,176,2,0,0,0,0,_
355,0,仙💐,105,29,12,29,30,39,1,记录美好生活_
356,0,梅娜克谢,0,87,0,0,0,9,0,_
357,0,Annie.H,28,66,28,1,1,0,0,_
358,0,暖暖七,11,213,38,0,0,0,0,_
359,0,小糖同学,86,111,17,7,7,2000,1,生活奇奇怪怪我要可可爱爱_
360,0,2倒贩籽_,55,1381,32,15,15,2933,0,_
361,0,小管,54,334,89,8,8,172,0,_
362,0,韓某某_249389,0,52,40,0,0,1743,0,_
363,0,用户4012252567399,0,18,0,0,0,4194,0,_
364,0,💚你的77鸭❤️,28,180,52,0,0,0,0,_
365,0,一条大河浪浪浪,0,321,2,0,0,0,0,_
366,0,你在放屁,32,3666,12,0,0,0,0,_
367,0,飞天小麦兜,14,985,26,7,7,0,0,_
368,0,彤彤.T,27,60,14,0,0,0,0,_
369,0,稚沫,42,118,26,10,13,20836,1,安安稳稳做自己_
370,0,九月吖💋,669,320,220,17,17,1668,1,💝    👫👫👫👫👫_
371,0,哈哈哈,0,166,8,0,0,0,0,_
372,0,”无爱八怪小青年ㄅ,82,560,31,42,43,2862,1,艾瑞巴蒂，嗨起来_
373,0,一只小鲸鱼呀🐳,0,54,22,0,1,600,1,可可爱爱，闪闪发亮💖_
374,0,不二🍶,0,67,1,0,0,0,0,_
375,0,小布丁,7,122,18,0,0,0,0,_
376,0,王源千翻儿,7,257,13,0,7,0,1,星河滚动，我抛下万物，奔像王源.“这一年的故事很简单”“我遇到的秦霄贤我很喜欢”满目星河皆小抽_
377,0,Jessica,45,393,13,7,7,2272,0,_
378,0,其实不然,3,2624,43,2,2,22996,0,_
379,0,用户1572579607482,0,74,6,0,0,153,0,_
380,0,山西万亚新能源科技,0,542,155,0,0,0,1,山西万亚新能源汽车充电技术及产品已非常成熟，涵盖了全系列的充电设备，包括直流充电桩、交流充电桩、新能源一体化充电站，并相继为中国普天、银隆新能源公交站、重汽豪沃客车、中通客车、大运汽车等用户及运营商提供充换电站建设运营整体解决方案及高端的充换电产品，获得了大家的一致好评。_
381,0,刘春生,0,1069,34,0,0,37899,0,_
382,0,我不缺德,0,1001,19,0,0,0,0,_
383,0,瓜怂,0,1687,26,0,0,0,0,_
384,0,....,0,219,19,0,0,450,0,_
385,0,抖腿糙汉,0,1925,46,0,0,10266,0,_
386,0,许小已,17,1535,18,0,0,0,0,_
387,0,用户5526840360298,1,84,1,1,3,4407,0,_
388,0,没有想好,407,2576,123,180,196,16965,1,🐣🐣嘻嘻(ღ♡‿♡ღ)大人不记小人过_
389,0,dyruim12zg4d,0,0,0,0,0,0,0,_
390,0,小琪同學,82,279,58,9,9,9336,1,子衿不嗣音_
391,0,李憨憨的小仙女,0,1504,215,0,0,0,1,爱豆：❤李现❤彭益畅_
392,0,小博,18,227,15,4,10,954,0,_
393,0,Only U,11,58,15,0,0,0,1,☀_
394,0,桃子,0,39,55,0,0,6,0,_
395,0,萌笨酱,46,698,16,5,24,4285,1,生活奇奇怪怪    我得可可爱爱_
396,0,长野锅,0,67,303,0,0,33221,0,_
397,0,申子楣,440,2772,126,0,0,0,0,_
398,0,小十一.,0,116,4,0,0,165,0,_
399,0,幸福奶奶,5,17,3,2,2,49,1,幸福奶奶_
400,0,星河见LLJN,0,128,0,0,0,0,0,_
401,0,园园不圆,307,113,52,58,81,0,1,你好我是圈圈抖音记录我的生活点滴谢谢您的关注！！_
402,0,红豆不甜,0,13,0,2,2,0,1,一个没有任何拍摄技术的抖音爱好者_
403,0,Annie🍼,31,48,3,6,6,56,1,记录生活 分享我的快乐源泉✨_
404,0,草莓味儿的兔兔鸭,11,172,11,1,1,647,1,赶紧离开这个鬼地方_
405,0,甜甜,0,112,26,0,0,225,0,_
406,0,于小鱼,0,74,6,0,0,1053,0,_
407,0,晔潼,2143,2359,1357,0,0,0,0,_
408,0,🐼世界和平,4,2035,20,1,2,0,1,世界和平_
409,0,疯子,2,537,49,0,0,0,0,_
410,0,莞尔864,79,63,87,10,10,106,0,_
411,0,九七的草稿箱,14,73,2,8,8,0,1,影视混剪 持续更新✨感谢抖音 拒绝搬运⚠️宠粉无度 承蒙关注💙_
412,0,那么久,9,17,27,2,2,22,0,_
413,0,四月蔷薇,0,1057,0,0,0,32,0,_
414,0,96434516,0,119,4,0,0,242,0,_
415,0,原罪,0,70,0,0,0,276,0,_
416,0,大傻子,31,2454,143,3,3,556,0,_
417,0,一朵大丸子,0,12,0,0,0,0,0,_
418,0,黑市,0,226,2224,0,0,18441,1,顺风顺水_
419,0,墟,0,57,20,0,0,0,0,_
420,0,似水流年w,4,92,0,1,20,98,0,_
421,0,彭卫东,2703,1020,584,248,262,501,1,竹红。_
422,0,我爱奶茶,0,98,1,0,0,538,0,_
423,0,王萌萌的张小宝,4,323,18,2,5,3352,1,记录93年老阿姨和95年小鲜肉的日常东北姑娘的北漂日志_
424,0,姜珊,4154,433,835,31,32,587,1,👉🏻 北漂20年的浙江人👉🏻 讲述 真实的前半生_
425,0,日,0,285,2,0,0,626,0,_
426,0,王玉洁,252,630,51,12,12,1782,0,_
427,0,包公子(宇),5,1052,24,0,0,0,0,_
428,0,小可爰,11,281,6,36,36,232,0,_
429,0,→_→,0,92,2,0,0,338,0,_
430,0,浑身都是刺的小榴莲,0,381,30,0,0,1619,0,_
431,0,Teresα,2,803,17,2,2,4976,0,_
432,0,♚..伤感即可ζφ.,3,1145,34,0,0,0,0,_
433,0,小张想瘦30斤,167,105,37,6,10,0,0,_
434,0,盛铭,0,147,2,0,0,8,0,_
435,0,禹杰 王,0,104,9,0,0,217,0,_
436,0,怼怼张,0,102,4,0,0,1519,0,_
437,0,无花果(已黑化),4,561,57,0,0,0,0,_
438,0,用户3280740241946,0,9,0,0,0,60,0,_
439,0,佩奇吹风机,223,719,63,15,15,2395,1,即使生生不见也要岁岁平安_
440,0,小翟啊zz,0,118,0,0,0,0,0,_
441,0,曹玉阁,3167,224,161,71,75,3775,1,本人，曹玉阁开心快乐是我的生活方式_
442,0,梁森,231,417,82,10,11,51916,0,_
443,0,effort丶剑鯮,3,252,5,1,2,521,0,_
444,0,古未,0,164,12,0,0,0,0,_
445,0,Lucky2020,50,2334,64,16,52,0,0,_
446,0,00,0,48,3,0,0,129,0,_
447,0,池鱼🍒,42430,189,278,59,72,10091,1,池中之鱼，林中之鸟。_
448,0,HC,53,2608,37,11,11,14532,1,周博_
449,0,越吃越瘦的小八六六,41,56,21,2,2,0,1,超感谢喜欢！！身高168  原体重174  立志减到110！爱吃爱笑爱分享~春风十里关注列表里缺一个你~_
450,0,斜杠青年,118,1771,4,3,3,24402,1,有些人不是赢在了起跑线上，而是直接生在了终点。_
451,0,祸害,0,70,6,0,0,1846,0,_
452,0,津漂女孩黑妹儿,13860,63,3114,17,17,405,1,一个津漂女孩的日记不畏别人，只为自己加油黑妹儿我是山东姑娘。_
453,0,lch liebe dich,0,116,10,0,0,36,0,_
454,0,轩轩妈妈,199,101,58,0,0,0,0,_
455,0,性冷淡的大熊猫,0,48,0,0,0,2,0,_
456,0,_芷妍✨辰辰🦄,21,2015,517,2,2,34274,1,_这里辰辰✨._尊师：_芷妍✨九妍🦄_工作室：芷妍._芷妍：欣/琪/洁/萌/辰_粉丝名:辰宝_
457,0,大佬。,0,748,13,0,0,854,0,_
458,0,大橙橙,0,210,33,0,0,539,0,_
459,0,用户9467801638969,0,347,2,0,0,29,0,_
460,0,喵喵.,131,583,33,47,48,3306,0,_
461,0,[看]᭄᭄㍿[看],14,3032,31,5,10,5560,0,_
462,0,野,1,524,20,1,5,10125,0,_
463,0,燕京之歌,0,111,41,0,0,0,0,_
464,0,karra,20,2738,47,3,3,1874,0,_
465,0,可乐,0,99,11,0,0,3204,0,_
466,0,星伟的日常,422,20,60,2,2,10,1,一个广东靓仔_
467,0,祖安琪拉（反10后）,5,581,24,3,3,81,1,写点啥好呢_
468,0,用户2623727301013,0,698,0,0,0,505,0,_
469,0,我的世界，我做主，你的世界。你做主但是我,37,2911,48,9,9,5533,0,_
470,0,OMG,0,1719,44,0,0,23092,0,_
471,0,80689800,0,137,2,3,3,360,0,_
472,0,采蘑菇的小姑娘,147,196,96,14,14,238,1,每天努力使自己优秀一点点～_
473,0,David83,22,1502,33,2,2,1251,0,_
474,0,玉雪即溶,683,4453,1449,35,35,1075,1,山本无忧，因雪白头_
475,0,王七七💋,20,875,11,11,11,0,1,随手记录心情_
476,0,Kobe Bean Bryant,811,1336,131,7,7,37291,1,一名08年的篮球迷、假面骑士迷❤️❤️❤️♋️_
477,0,花花花生吖,2,1116,128,4,4,62,1,本宝宝太帅了 不知道起什么签名_
478,0,逆风而行的我,0,4244,54,0,0,4171,0,_
479,0,欒偉偉,2583,1286,299,237,238,85633,0,_
480,0,excellent,0,448,17,0,0,25070,0,_
481,0,☞武少☜,0,328,3,0,0,0,0,_
482,0,JDL,0,168,0,0,0,33,0,_
483,0,无聊星期天,0,1749,28,0,0,4189,0,_
484,0,我们好像在哪见过🅥,2,1742,9,1,2,11784,0,_
485,0,猛喝汤粥就凉啦,0,533,28,0,0,3250,1,ᵗᵒᵈᵃʸ ᶦˢ ᵃ ʰᵃᵖᵖʸ ᵈᵃʸ˙˘˙_
486,0,Paulckchen,0,484,1,0,0,2487,0,_
487,0,用户1433143771550,0,387,15,0,0,911,0,_
488,0,淡淡茶香—摄影,45,54,5,21,21,283,1,💫   愿所求 皆如愿 💫   愿所行 化坦途         …       …      …    …✨   多喜乐 长安宁        ～     ～     ～    ～                    🌸  静静的独自行走  与世无争…  🌸_
489,0,💕,0,162,13,0,0,2472,0,_
490,0,土豆你个马铃薯,0,306,5,0,0,0,0,_
491,0,阿生，,0,28,1,0,0,44,1,让别人快乐是一种慈悲让自己快乐是一种智慧_
492,0,用户390148446922,0,25,0,0,0,3,0,_
493,0,腊8粥,113,572,16,5,5,1738,1,没有差学生，只有被遗忘的学生！手机没有错，错在不能正确引导～--毕业生.物理_
494,0,梦里有星河,0,10,0,0,0,1,0,_
495,0,艾水❤️,136,3636,75,74,74,0,1,分享一些美的东西 ❤️感谢关注➕私信哦v18520845266_
496,0,小豆子,0,14,0,0,0,1,0,_
497,0,曾经年少爱追梦,445,360,187,16,16,227,0,_
498,0,可爱的我,55,873,5,13,33,14483,1,Reading is an art_
499,0,双子座的小鱼儿,553,20,52,0,0,0,0,_
500,0,烧饼夹肘子,0,44,10,0,0,31,0,_
501,0,我是仙公主,9,1202,4,38,38,887,1,我是一个没有爸爸的孩子_
502,0,爱恨滔滔一笔勾销,0,1170,7,0,0,3150,1,喜欢美食。旅行。音乐。电影。游戏_
503,0,啊啊啊啊啊啊,0,88,3,0,0,0,0,_
504,0,额出版社场面话,1,346,14,0,3,1540,0,_
505,0,杳鸢,517,2715,107,88,89,18413,1,QQ:1546499139QQ粉丝群:1047384494_
506,0,玛卡巴卡✨,5,3886,70,1,20,29248,0,_
507,0,💜,0,338,6,0,1,67,0,_
508,0,Jasmine在多伦多,277,78,90,18,18,77,1,曾经的北京大妞儿  现在的斜杠中年分享我们一家四口在加拿大的生活点滴铭记身边的小美好_
509,0,用户2393219033907,0,47,0,0,0,649,0,_
510,0,墨墨耕耘人生,0,120,12,0,1,154,0,_
511,0,用户1217201918786,0,35,2,0,0,173,0,_
512,0,老王走丢了,31,4421,134,5,6,0,1,-别问，问就是人脑子有病_
513,0,藍家藍若琪,26,3726,73,7,7,15007,1,LFQ_
514,0,雯雯在这儿,27,93,7,9,9,628,0,_
515,0,鹿小粉LL,0,42,4,0,0,9,0,_
516,0,奔跑皮卡丘,0,170,9,0,0,6174,0,_
517,0,vivi,1,76,0,2,2,24,0,_
518,0,👑T,67,419,34,15,15,1537,1,谢谢你的关注哦😘_
519,0,靓仔（小小如）,3601,81,1234,8,17,1058,1,岁月改变不了真挚的❤️愿意和你们共同在抖音的世界里拉进你我的情意。_
520,0,a a a 777,0,18,6,0,0,111,0,_
521,0,liberty◇,0,60,7,0,0,38,0,_
522,0,宇宇同学,298,216,178,0,0,0,0,_
523,0,渣渣龙,0,39,0,0,0,1,0,_
524,0,满月咕,151,454,162,5,5,0,1,智者不入爱河_
525,0,用户6240481715544,0,16,1,0,0,23,0,_
526,0,半山腰的路人甲,8,4959,41,0,18,56207,1,人间凑数986号_
527,0,盛夏光年呀,58,195,14,25,26,4639,1,我还是少年_
528,0,Broken凉城,0,61,1,0,0,38,0,_
529,0,用户4360687982050,0,101,0,0,0,50,0,_
530,0,萌萌的团子,40,642,10,6,6,0,0,_
531,0,小K家服饰,14,60,57,6,6,0,1,知足常乐。。_
532,0,寻欢.,0,182,8,0,0,1043,0,_
533,0,开心🌸每一天,23,35,5,14,14,164,0,_
534,0,123456,0,232,1,0,0,0,0,_
535,0,好好好,0,38,13,0,0,110,0,_
536,0,吃不饱的小平妹,30,545,33,10,14,18418,0,_
537,0,用户3678461745056,0,153,0,0,0,4,0,_
538,0,昵称已重置,0,206,2,0,0,814,0,_
539,0,用户574873867541,0,172,5,0,0,861,0,_
540,0,我很好😉,230,53,53,24,24,0,1,可是你放我走了，我又怎么舔着脸皮回来_
541,0,♡,0,4307,15,0,0,504,0,_
542,0,心已落幕,0,441,18,0,0,20,0,_
543,0,用户5246633417187,1,15,0,1,1,100,0,_
544,0,在一起,5,192,12,4,4,797,0,_
545,0,手机用户67453296653,0,310,9,0,0,134,0,_
546,0,忘川,0,556,8,0,0,0,0,_
547,0,墨宇~,13,431,13,2,2,1737,0,_
548,0,喜欢你    是不可改变的,0,20,0,0,1,46,0,_
549,0,用户2146292921153,0,44,13,0,0,3,0,_
550,0,嘿！嘿！嘿！,127,83,34,62,66,726,0,_
551,0,房算盘-办公选址平台,3,8,1,1,1,12,0,_
552,0,叮叮当当,0,208,82,0,0,0,0,_
553,0,哈可乐的小妞😁,1341,3069,1399,72,73,6418,0,_
554,0,恋过的风景,64,1598,41,21,22,4190,1,一个学生党_
555,0,麒麟,54,1252,10,15,15,0,0,_
556,0,里个啷,0,36,4,0,4,10,1,做自己的纽蔻。_
557,0,梨莹儿,851,388,47,26,26,0,0,_
558,0,馨元,3,1264,5,1,1,485,0,_
559,0,汉旗乐器 淑贞,1268,2577,674,18,18,29,1,vx：hunchina1 打击乐，吉他🎸_
560,0,g阿,3,1715,30,0,0,0,0,_
561,0,女孩子怎么可以那么可爱,2,43,4,1,1,19,1,愿你所做的一切，皆为热爱_
562,0,lhh55,13,13,2,7,7,125,1,滚滚滚滚滚滚_
563,0,秋樱,0,2882,79,0,0,30302,0,_
564,0,致知穷理,11,4843,71,0,0,0,0,_
565,0,用户2725482733008,0,314,0,0,0,1866,0,_
566,0,H_Doku,4,1703,60,0,0,11367,0,_
567,0,佳同学🙂,1066735,814,31369,12,12,2990,1,感谢你们长的这么好看还来关注我❤️_
568,0,七凉敲可耐,225,2157,566,6,6,0,1,七凉敲可耐😍破壳日:2006.12.12😜😜😜_
569,0,墨然,139,3729,170,20,21,20000,1,"支持抖音平台💪🇨🇳中国加油！希望魔道能传递下去。🙏每个学生党都不容易,请不要看不起他们谢谢。_"
570,0,？！。,0,350,27,0,0,402,0,_
571,0,Hello  小鱼,142,1316,296,6,6,6063,1,我是自己的小太阳🌞_
572,0,11.12,34,384,6,0,0,0,0,_
573,0,阿辰,0,1790,7,0,0,2265,0,_
574,0,谁的崽,133,1280,39,0,0,0,0,_
575,0,魔鬼筋肉人,0,226,1,0,0,11331,0,_
576,0,李常弘,4,350,5,1,3,3602,0,_
577,0,做你的唯一,10,199,49,1,1,0,0,_
578,0,dygy46irvw5u,0,0,0,0,0,0,0,_
579,0,朱朱朱,331,1149,139,83,86,0,1,好茶好酒好色_
580,0,花絮（悠然）,429,386,97,28,29,0,0,_
581,0,谢球宝,186,121,83,15,16,3723,1,yy_
582,0,WF?,0,23,0,0,0,106,0,_
583,0,blue.,0,1037,95,0,0,76417,1,..._
584,0,colitas,0,391,38,0,0,315,0,_
585,0,Shirley～,10,711,23,3,3,4580,0,_
586,0,用户8953901666304,0,1696,11,0,0,158,0,_
587,0,一天一思念,0,2390,47,1,1,2781,0,_
588,0,翠啊瓜说球,821747,146,41689,58,58,569,1,篮球归根结底是给我们带来快乐的东西！_
589,0,♛骑着☞狼☜放羊♛,0,36,4,0,0,896,0,_
590,0,嗯嗯嗯,0,359,1,0,0,0,0,_
591,0,是六一儿童劫呀,0,771,12,0,0,5226,1,恰到好处的喜欢，最舒服_
592,0,倾仙荟.十月💔,1382,1068,263,114,114,0,1,爱家人💙爱密密🌸爱粉丝💙 的小仙女🌸。。漫茶团  关系：闺蜜两个💛💛💙💙           公主殿下灵荟雪✨💜                 姐姐一个💚_
593,0,JAGGET,0,333,5,0,0,0,0,_
594,0,柒染,0,372,1,0,0,11,0,_
595,0,娇娇,54,109,69,10,10,7856,0,_
596,0,行者,0,419,15,0,0,20,0,_
597,0,安妮princess（5.25满月）,13479,1255,5172,244,516,0,1,其他直播时间随缘旅美硕士独立投咨人，知名985硕研学霸山东济南人，现居北京，单身，你大爷家的优质男可介绍京东系社交电商万人团队合伙人，加我带你一起飞美食艺术生活家（大众点评v8，钢琴十级，去过20多个国家旅行）合作&粉丝+❤️：annie0273，注明抖音_
598,0,Duuuuu,1,4311,199,0,0,0,0,_
599,0,小张有宝藏,2465,312,2432,18,18,1041,1,关注我 不定期分享  宝藏们都在这👆感谢平台 感谢关注 感谢信任❤️_
600,0,🐘🌧️·奔跑的绵绵.,2392,2688,2908,44,45,361,1,对方是你的手机联系人❤不忘初心.🏃健康奔跑.💪继续加油！_
601,0,肉骨茶－,0,171,4,0,0,2317,0,_
602,0,July,51,113,18,20,21,97,1,～✈️🏠🐈～_
603,0,Hudson,0,27,2,0,0,26,0,_
604,0,zbl,11,187,9,3,4,4491,1,大号:好孩子~仙离_
605,0,凉城旧梦,0,412,27,0,0,0,0,_
606,0,变色的调料剂,234,908,26,97,98,2085,0,_
607,0,MELODY🎼,545,67,45,141,144,18,0,_
608,0,杨紫小鞠丽颖是世界上最美的和虞书欣赵小棠,78,554,65,61,62,7044,1,"我的宝藏女孩很好底线赵丽颖,祝绪丹喜欢杨紫鞠婧祎最爱,虞书欣,赵小棠最爱的电视当然是他们的影视作品_"
609,0,GUN92691,0,363,2,0,0,977,0,_
610,0,yuebiling,0,204,0,0,0,53,0,_
611,0,作业写不完,0,84,2,0,0,309,0,_
612,0,在下雪辞.九初双念,1,1453,7,1,1,703,1,您若执意要和我斗，我不介意斗到底_
613,0,仙味(๑><๑）,0,327,51,0,0,0,0,_
614,0,得过且过,0,796,0,0,0,0,0,_
615,0,做人嘛开心就好_,0,594,26,0,1,455,0,_
616,0,大海,0,1080,19,0,0,463,0,_
617,0,S毓朱疏墨3,128,2989,75,7,7,10876,1,爱电影爱生活品头论足话电影_
618,0,蔡英俊,0,154,0,0,0,0,0,_
619,0,今天也要更加喜欢小耿,224,506,116,14,14,766,1,小耿的心动男孩儿_
620,0,无争争不争777,1947,232,1191,308,319,3232,1,就是玩儿_
621,0,酸菜,10,309,24,1,3,5178,1,嘿嘿嘿，QQ:3274418244你想要的都在这里_
622,0,张越,6,44,119,2,2,83,0,_
623,0,小爱是大美人,90,525,19,16,17,14468,0,_
624,0,萌萌哒的羊驼精,10,172,5,2,2,366,0,_
625,0,kkarwei,0,31,2,0,0,38,0,_
626,0,利新 曹,0,22,0,0,1,38,0,_
627,0,松柏,153,1924,1095,5,11,401,1,想租好房，我来帮忙。零押月付，恰到好处！_
628,0,西门吹牛,0,55,11,0,0,0,0,_
629,0,zzzzqing,0,61,3,0,0,23,0,_
630,0,李大人要上进,0,4626,17,0,0,10301,0,_
631,0,王小明,3,57,3,0,0,0,0,_
632,0, 小精灵,4,42,15,0,0,14,0,_
633,0,。    。    。   。,60,2292,42,7,8,21686,0,_
634,0,【ガゴゲ】,15,1989,11,16,17,10881,1,😄😄😄_
635,0,小强,0,280,11,0,0,0,0,_
636,0,用户1396526082482,0,92,2,0,0,15,0,_
637,0,江漠,0,2782,7,0,0,5722,0,_
638,0,1v,0,5,14,0,1,1,0,_
639,0,为爱❤独舞,173,95,58,0,0,0,0,_
640,0,小时观察指北,0,38,2,0,0,5,1,刘昊然圈外女友_
641,0,贝壳风铃♬,0,100,42,0,0,26083,0,_
642,0,Wanvanyee#0,0,144,12,0,0,0,0,_
643,0,极限hp,0,283,4,0,0,272,0,_
644,0,薯条儿,36,247,19,6,6,569,1,谢谢你长得这么好看还关注我❤️🍀_
645,0,要开心,0,192,0,0,0,0,0,_
646,0,布丁是只猫,1524,63,92,276,276,1276,1,纯属玩玩，喜欢点赞，不喜不看_
647,0,如懿,14,5000,46,0,0,0,0,_
648,0,婷✨,268,41,71,16,16,213,0,_
649,0,一天世界晴,0,112,23,0,0,0,0,_
650,0,SIXIANG。,0,215,1,0,0,23,1,好巧啊，你也在网上冲浪-_
651,0,小老虎 🐯,113,224,41,16,31,0,0,_
652,0,山沟沟的男人甲,583,1631,128,180,181,0,0,_
653,0,momoda项,84,620,105,10,10,1540,0,_
654,0,可乐要加冰,0,303,19,0,0,0,0,_
655,0,用户6198021684110,0,6,0,0,0,2,0,_
656,0,懵了的孩子,141,149,74,33,34,370,0,_
657,0,·柒柒,3,360,9,4,4,264,1,爱是一件小事，爱是一件好事。_
658,0,Amoヽ晴天,0,1422,41,0,0,2184,0,_
659,0,菱熙的每一天,13,104,4,3,3,0,1,沪漂女子单身日记让我们一起记录美好生活～_
660,0,易梓茆,31,53,6,12,12,0,1,Everything  will  say  Godbye_
661,0,阳💋,0,84,27,0,0,0,0,_
662,0,张海鑫,0,151,13,0,0,0,0,_
663,0,地理先生,1129,609,197,368,383,593,1,认识人生，广交歌友!_
664,0,略略略,0,779,5,0,0,0,0,_
665,0,小骄傲,40,12,3,18,18,22,1,✨记录游戏日常_
666,0,魔放,15,534,11,4,4,13855,0,_
667,0,临沂批发城刘岳滨茶行,438,5000,876,24,24,1174,1,餐饮饭店茶叶酒店专用袋泡茶叶小包装独立包装一小包一大壶一壶一大桌好喝耐泡   （点击下方  👇👇👇 “查看店铺”👇👇👇即可购买欢迎关注）_
668,0,呀！,4,74,17,1,1,125,1,啦啦啦_
669,0,喝完这瓶奶就去学习,693,4473,15,0,1538,0,0,_
670,0,赫福茗茶行,47,68,8,11,12,93,1,因为爱喝茶，就开了小茶叶店，希望得到爱喝茶的你的关注，我们会用心把茶叶做好，让你喝到物有所值的茶叶！_
671,0,MXx小鑫,20,410,29,8,8,2056,0,_
672,0,登登登登,1422,68,163,35,36,337,0,_
673,0,*ཌ࿅元素࿅ད*,0,1285,15,0,0,0,0,_
674,0,碉碉堡天,0,234,0,0,0,0,0,_
675,0,.,0,28,0,0,0,21,0,_
676,0,每,0,605,2,0,0,0,0,_
677,0,狗哥的Fans,2,4904,41,1,1,9700,0,_
678,0,糖诗.,0,59,108,0,0,0,0,_
679,0,绅士小龙龙(成成的崽崽),2202,42,102,14,16,418,1,我可以错过黄昏的末班车-可以错过四月的樱花季-可以错过很多很多-但唯独不能错过你_
680,0,逸,0,50,2,0,0,216,0,_
681,0,K    、,0,321,6,0,0,61,0,_
682,0,一只霸王龙,0,4731,191,0,0,51118,0,_
683,0,五月女夭女夭,70,139,59,12,26,211,1,宁愿错过也不主动V13613426733_
684,0,爱看彩虹的长颈鹿,0,74,0,0,0,11,0,_
685,0,南宫残花,0,62,7,0,0,103,0,_
686,0,风,11,16,2,5,5,8,0,_
687,0,那天的天很蓝,0,44,6,0,0,0,0,_
688,0,小熊蛋糕778,135,87,35,21,22,1646,0,_
689,0,陌生人,91,177,48,17,17,290,1,希望_
690,0,傷、城,0,299,17,0,0,2599,0,_
691,0,和风碧水蓝天,0,494,3,0,0,282,0,_
692,0,(◔◡◔),0,4891,7,0,0,0,0,_
693,0,✨东  邪✨,4,108,23729,2,2,0,1,该用户已经关注了你_
694,0,七彩风铃12,7,96,3,8,8,297,1,夏源完小一年级一班，高钰卓_
695,0,诺宝宝,14,1599,9,2,2,5865,0,_
696,0,小欣欣九酱,28760,603,3671,32,32,883,1,你确定不关注❓别怪我不告诉你这里有宝藏👛🌸90后 北漂可盐可甜A到爆记录与闺蜜的日常🌸🧣：Maxine0218_
697,0,🦄小竞文,344,390,64,59,77,2253,0,_
698,0,草原上的大白羊,145,907,38,0,0,0,0,_
699,0,桃子汽水💃,26,644,68,2,2,845,0,_
700,0,小徐同学,4,203,1,6,6,0,1,保持热爱 奔赴山海_
701,0,每日情商,58,29,19,12,12,75,1,🥰谢谢你来看我🥳这里有暖暖的窝心话🤝喜欢我关注我_
702,0,用户8470317396376,0,14,0,0,0,0,0,_
703,0,花衣服,3,379,5,0,0,0,0,_
704,0,花好月圆,3219,255,160,182,183,1510,0,_
705,0,我是小可爱,18,351,7,3,3,168,0,_
706,0,LiZhuoXuan-,34,23,34,11,12,40,0,_
707,0,little girl,0,527,81,0,0,6079,0,_
708,0,蓝莓气泡水,148,2674,29,64,65,18311,1,心是蓝色的💍_
709,0,琳ベ羽,0,65,8,0,0,0,0,_
710,0,二郎丶,0,17,1,0,0,4,0,_
711,0,阿恒,0,117,7,0,0,18357,0,_
712,0,Lisa的碎碎念,0,180,51,0,1,158,1,典型摩羯女外冷内热记录深漂生活_
713,0,夕林墨夜,0,1416,0,1,4,11395,1,填写个人简介更容易获得别人关注哦_
714,0,猫在一边,3,107,31,1,3,9,0,_
715,0,火影免费手游,0,390,16,0,0,0,0,_
716,0,庄庄Daisy,2725,490,899,26,62,0,1,记录生活分享正能量感谢你的关注！_
717,0,大娇,66,2638,43,22,23,12727,0,_
718,0,璐之摇,283,413,96,50,50,574,1,感谢你们的不离不弃_
719,0,夏天的雪糕,45,832,22,6,6,1147,0,_
720,0,牧云💫,0,2169,7,0,0,9844,0,_
721,0,二莎么,0,13,3,0,0,15,0,_
722,0,狂龙,1,982,25,0,0,0,0,_
723,0,用户1029380169588,0,100,0,0,0,50,0,_
724,0,明月照九洲,0,502,7,0,0,403,0,_
725,0,甜美少女Z,931,816,76,30,31,0,1,听说长的可爱的人都关注我了_
726,0,歐陽君君,0,44,0,1,1,33,0,_
727,0,乔乔,0,35,1,0,0,103,0,_
728,0,举世无双的精灵,3226,116,720,27,27,188,1,从业10年的教育工作者～从商学院到儿童教育，哪个都爱！轻松段子随手拍，陪你笑对人生🥳_
729,0,胖哒圆滚滚,56,245,4,0,0,0,0,_
730,0,谷谷,0,145,6,0,0,94339,0,_
731,0,阿姆斯特朗回旋加速喷气式阿姆斯特朗炮,0,78,0,0,0,8,0,_
732,0,许某某,0,87,53,0,0,0,0,_
733,0,和平精英陈一,188,1100,32,55,57,6202,0,_
734,0,陈清泉的外语老师,0,399,9,0,0,0,0,_
735,0,麦稻,0,241,12,0,0,46460,0,_
736,0,芦笙,90,932,21,9,43,3097,1,念念不忘必有回响是假的，枕边书、怀中猫、意中人也是假的，爱而不得，山海不可平才是事实，_
737,0,汉堡家的日常,783,67,111,10,10,0,1,欢迎吸猫_
738,0,一个云朵☁️,0,1104,7,0,0,2286,0,_
739,0,哥頓,30,1673,224,1,2,254,1,个性张扬 身手矫健_
740,0,JCX.,0,78,20,0,0,164,0,_
741,0,新宇賊帅,0,165,0,0,0,0,0,_
742,0,柠檬不酸。,3,3286,6,1,2,24221,0,_
743,0,宅翟童鞋,344,287,54,39,40,451,1,📍坐标深圳｜号称肥宅💣_
744,0,黄小雨,92,623,30,8,10,1176,0,_
745,0,哎呦魏！！！,2,150,6,1,4,128,0,_
746,0,ICE小宇宙,99,184,10,40,40,34,1,记录一家人生活琐碎_
747,0,不加糖の白开水,39,125,9,20,38,1191,1,一只忙于加班的社畜🤪🤪🤪_
748,0,小仙女,2,198,4,0,0,0,1,你若盛开蝴蝶自来_
749,0,用户628608072,0,651,1,0,1,20,0,_
750,0,安北北,0,75,0,0,0,0,0,_
751,0,',0,5000,94,0,0,23785,0,_
752,0,小花_2493303,142,275,67,15,35,928,0,_
753,0,樱天,0,520,4,0,0,1324,1,想成为的人_
754,0,用户8997500396603,0,52,0,0,0,5,0,_
755,0,琉璃若念,0,288,8,1,1,1592,0,_
756,0,包子Lily,2075,1316,1267,62,62,1766,1,爱生活爱自己_
757,0,绵绵.,1,52,3,0,0,0,1,可可爱爱没有烦恼_
758,0,cici11,0,112,14,1,1,45,0,_
759,0,乖乖924,0,28,3,0,0,3,0,_
760,0,无聊的很,0,374,12,0,0,2332,0,_
761,0,ᅠᅠᅠ,133,257,190,5,7,51722,1,(ಡωಡ)_
762,0,我是小刘,24,33,19,0,0,223,1,日常话痨碎碎念添油加醋讲故事大王_
763,0,zjf,0,11,0,0,0,31,0,_
764,0,胖承饿了,0,255,1,0,0,128,0,_
765,0,桓,180,1064,26,45,48,788,0,_
766,0,冰,0,33,2,0,0,2,0,_
767,0,孙漂亮,380,29,109,0,0,0,0,_
768,0,????,0,736,3,0,0,9569,0,_
769,0,啦啦啦来来来,2,42,1,1,1,3851,0,_
770,0,貔灬貅,227,711,108,0,0,0,0,_
771,0,し,0,101,3,0,0,16604,0,_
772,0,抖二斗,10,137,17,1,2,1163,0,_
773,0,粉玲珑,1319,516,246,79,79,89,0,_
774,0,猫饼儿,14681,397,4953,0,0,0,0,_
775,0,八倍镜文体用品,0,286,2,0,0,1014,1,文体用品、玩具、图书_
776,0,格格不入,30,152,12,5,5,380,0,_
777,0,用户7675336390912,0,3,0,0,0,3,0,_
778,0,MD顽强的小沙子,152,539,23,31,31,2532,0,_
779,0,Cascada丶,0,64,14,0,0,0,0,_
780,0,emotional °,32,2287,41,5,7,14848,0,_
781,0,官茧尧💕,38,164,10,7,12,1278,1,貪婪、隱忍、克制そしてずっとそこで待っている。_
782,0,饮酒孤鸿逍遥人世欢,1,269,5,1,1,950,0,_
783,0,小兔♥星九,59,2228,70,16,16,40227,1,已有闺蜜。_
784,0,Dear star.,120,573,28,0,0,0,0,_
785,0,孙柏🐳,0,190,59,0,0,194,1,每天两件事：健脑和健身！_
786,0,凡人昕语,0,19,1,0,0,135,0,_
787,0,一休哥儿的叶子,105,1018,49,12,12,0,1,非职业的执业医师的职业销售_
788,0,youth,4,38,2,3,3,0,1,真的嘛_
789,0,a乖乖女,6,204,2,4,5,152,1,越努力越幸运！_
790,0,我是cc常,1,29,28,0,0,0,0,_
791,0,D❤️G,187,392,60,29,30,2159,1,恕我直言 你们都是宝贝❤️呵呵哒❤️ vx:13290528777 vx:13621052887_
792,0,小糖块,0,1046,3,0,0,0,0,_
793,0,ELLEN糖糖,10,80,31,2,3,12465,1,她很懒，什么都没有留下，也什么都留不下_
794,0,告白铁球丶,0,721,38,0,0,0,0,_
795,0,听海哭的声音,1,26,0,0,0,0,0,_
796,0,大胡子哥,79,380,115,4,6,39415,0,_
797,0,厚宇 孙,0,42,0,0,0,7020,0,_
798,0,饕餮,6,292,14,0,1,0,0,_
799,0,马丫丫🌻,195,246,68,27,31,513,1,❤🧡💛💙💜_
