0,0,W.,0,115,20,0,0,0,0,_
1,0,三妹,1,413,4,6,8,716,0,_
2,0,用户2245208541751,0,100,1,0,0,26,0,_
3,0,用户5305750299079,24,2,23,3,4,97,0,_
4,0,宸,13,139,14,1,1,909,0,_
5,0,xiaohuo,213,166,56,1,2,290,1,从来没有对她失望过，只是失望自己不是她喜欢的样子。_
6,0,张z单身贵族,0,2,3,0,0,45,0,_
7,0,人机,9809,356,1413,24,24,0,1,谢谢你的关注、点赞_
8,0,月光下的一见钟情,2,82,10,0,0,0,0,_
9,0,🏋🏻🏋🏻🏋🏻🏋🏻,65,32,24,28,31,55,1,撸铁使我快乐！_
10,0,水果香蕉,656,200,79,23,34,4230,1,胡杏香_
11,0,撞南墙👊,120,70,44,52,52,905,1,你这南墙我还得撞几次_
12,0,帆,11450,72,2551,3,4,19945,1,爱翁🐷_
13,0,Allen,29,88,35,7,8,60,0,_
14,0,用户5434200543523,2313,655,293,88,91,2989,1,卿不负我，我定不负卿_
15,0,朝神,0,984,53,0,0,0,0,_
16,0,跑掉的春风,38,66,34,3,3,0,1,无论活成什么样都要相信自己前途无量_
17,0,四戒,38,228,82,0,0,0,0,_
18,0,p20热度,0,95,7,0,0,635,0,_
19,0,过去的自己_59041,10,217,15,2,2,4773,1,加油，明天会更好_
20,0,狐狸先生,0,186,20,0,0,29,0,_
21,0,Hannah kk,5,357,8,0,0,0,0,_
22,0,油腻如烟丶缱绻缠绵,179,4990,110,3,3,22588,1,。。_
23,0,V,16,129,19,8,9,1637,1,是否值得去喜欢，你配吗？你也配？🌚_
24,0,余生,11,429,12,3,3,1575,0,_
25,0,汤姆♨,0,6,0,0,0,194,0,_
26,0,烟若柳尘,9,99,10,3,3,610,0,_
27,0,悦美文化（LED租赁）杨,17641,170,725,17,17,106,0,_
28,0,憨憨_仙泞💫,40,1892,115,13,13,3211,1,宝贝不挂主页挂心里。大虞海棠冲鸭！！_
29,0,用户8579892399565,0,4,2,0,0,4,0,_
30,0,小手,0,18,2,0,0,39,0,_
31,0,北街九命猫💢,5,26,1,1,1,173,1,忙著賺錢💸_
32,0,๓°世俗ོꦿ࿐,11,115,31,2,2,925,0,_
33,0,用户6939845933,0,5,0,0,0,2,0,_
34,0,(￢_￢),0,3067,1,0,0,5531,0,_
35,0,无畏,41,59,47,2,2,6492,1,再见 我的爱人_
36,0,泽伟,370,2541,591,22,25,2413,1,余生的买单，会很贵的，要好好珍惜！_
37,0,王魏,0,140,57,0,0,0,0,_
38,0,爱笑的一鸣,6,26,1276,3,3,12,1,记录生活 分享生活_
39,0,双鱼男,102,9,104,12,13,0,1,情出自愿，不负遇见_
40,0,正在缓冲…99%,77,144,119,7,8,58,1,求五湖之財，謀四海之利。。。。商人，太傷人。_
41,0,炸了个鸡,67,425,31,20,21,1034,0,_
42,0,小萝卜✨和平精英,376,2,763,4,4,31,1,关注一起游戏哦_
43,0,方舟阿瞒,0,5,2,0,0,0,0,_
44,0,青歌,37,3019,106,10,24,7438,0,_
45,0,小飞哥,7871,1672,737,254,255,33159,1,这个世界上唯一不劳而获可以轻松得到的就是一个字……穷_
46,0,曲成万物,0,576,73,0,0,101,0,_
47,0,江晴之河,0,42,7,0,0,113,0,_
48,0,...,0,257,0,0,0,150,0,_
49,0,网恋被骗八万,2,263,13,1,1,738,0,_
50,0,花花影视推荐,641,16,19,8,8,12,1,感谢抖音 感谢关注我的朋友❤️热爱剪辑 好剧分享💯用心做好每部作品🎬总有一部温暖你🌞_
51,0,天上仙,28,15,7,5,5,842,1,细水长流，记得微笑_
52,0,不好ye不坏,0,3,2,3,3,2,1,总不能耗尽一生，换你一句有可能！！！！！_
53,0,琉璃易碎,0,311,8,0,0,1915,0,_
54,0,Lndulge™,0,19,27,0,0,2444,0,_
55,0,伟,0,281,1,0,0,0,0,_
56,0,我很好i,0,58,1,0,1,100,0,_
57,0,꧁༺࿈࿆飛༒飛࿈࿆༻꧂,434,208,221,10,10,14,1,要么战死沙场，要么狼狈返乡，有梦想何惧远方。_
58,0,W.w,29,227,31,2,2,332,0,_
59,0,杨xiao夏。,183,156,119,11,11,195,0,_
60,0,臭弟弟,71,455,37,6,6,189,1,15225226060_
61,0,昵称已重置,398,218,37,89,90,5331,1,风水轮流转_
62,0,好像去过另一个世界,4,240,19,4,4,6744,0,_
63,0,ppp,743,280,44,2,2,143,0,_
64,0,淮冷.,23,551,29,0,0,0,1,这个人是真懒_
65,0,罗爱漫,0,20,21,0,0,54,1,那个夏天。_
66,0,🌴🌴🍂🌱🌾🐓🐓,13,11,94,2,3,34,1,愿你三冬暖，春不寒_
67,0,飘向太空,8,945,35,0,1,822,0,_
68,0,🌊芝欧女青🐬,370,68,94,112,112,90,1,三观比五官还正！_
69,0,用户1624271004776,0,3,0,0,0,3,0,_
70,0,馒头,0,180,9,0,0,17361,0,_
71,0,小驴多草,0,39,11,0,0,0,0,_
72,0,(●—●),56,57,25,8,12,27665,1,我随时起飞！_
73,0,小米奇搬砖,989,316,173,2,2,36,1,卫星号: 243130021_
74,0,孤魂,0,3,3,0,0,4,0,_
75,0,完美的坚持,78,867,156,0,550,14040,1,从来没有从天而降的英雄，只有挺身而出的凡人_
76,0,方文寺,0,4,0,0,0,12,0,_
77,0,💋灬战伍渣,1,71,53,1,1,298,0,_
78,0,七夜ᝰ,0,568,1,0,0,0,0,_
79,0,小粗兽,24,251,15,0,0,1811,0,_
80,0,香蜜轩小王,186,688,117,15,16,1332,1,我目前在深圳餐饮管理销售行业工作_
81,0,小川哥哥,25,73,57,3,3,211,0,_
82,0,中卫礼宾,31,18,21,4,4,35,0,_
83,0,不*^_^*知,0,59,2,1,1,329,0,_
84,0,高扬,54,55,60,6,6,94,0,_
85,0,首饰设计💍,16,24,11,19,19,32,0,_
86,0,旭日东升,0,382,19,0,0,1978,0,_
87,0,u辰溪,0,7,8,0,0,16,0,_
88,0,方天画戟--ぁぃ,0,4,0,0,0,14,0,_
89,0,Frank,0,1,0,0,0,0,0,_
90,0,笑饮孤鸿,0,56,9,0,0,988,0,_
91,0,一届俗人,2,123,30,2,2,1301,1,清零_
92,0,晨曦,0,18,0,0,0,196,0,_
93,0,久违的激情,115,196,95,14,17,1596,0,_
94,0,霜月十二,16,111,36,1,1,2295,0,_
95,0,旭旭,0,66,7,0,0,378,0,_
96,0,演一世荒芜,0,103,3,0,0,244,0,_
97,0,孤岛少女情~,2,793,9,1,1,717,0,_
98,0,用户4851973670758,11,79,14,3,4,85,0,_
99,0,柏(bai)远,68,27,176,5,5,8,1,日落里有一个小商店，贩卖着橘黄的温柔。_
100,0,烂人,0,33,13,0,0,0,0,_
101,0,用户4732362388525,0,122,4,0,0,70,0,_
102,0,钟少,1,3,1,4,4,11,1,世界上，90%的女人都在研究如何变美？😂而世界上90%的男人都在研究如何找到一个漂亮的女人！🤔😍余生，我想做一件事，带大家一起变瘦变美变富🥰🥰🥳…_
103,0,黑马♞,5887,259,429,97,128,1368,1,路遥知马力 日久见人心。_
104,0,用户612259469732,0,23,0,0,0,58,0,_
105,0,中国好人,131,1067,99,16,20,10336,0,_
106,0,道不同不相为谋,0,5,0,0,0,17,0,_
107,0,一个傻子,0,4,1,0,0,0,0,_
108,0,用户1436698350301,0,32,3,0,0,540,0,_
109,0,那年花开我正圆,22,3758,310,2,2,12783,1,饿了没有肉吃_
110,0,夕阳,158,90,73,4,88,540,0,_
111,0,九安追剧,1155,49,38,21,29,0,1,🇨🇳感谢您的支持💞感谢抖音平台－－－－－－－－目前更新美剧《怪奇物语》喜欢的点点关注，后续日更_
112,0,AmaZing lau,64,433,115,5,7,446,0,_
113,0,？梦魔！,0,43,1,0,0,577,0,_
114,0,清欢渡,7,127,54,1,10,773,0,_
115,0,你好。,0,34,4,0,0,50,0,_
116,0,hsf198,956,2760,852,6,99,13818,1,实实在在做人 勤勤恳恳做事_
117,0,用户524775991086,0,85,17,0,0,1723,0,_
118,0,阳光男孩,77,600,20,23,24,470,1,不会火的人_
119,0,丧,528,220,19,6,11,4721,0,_
120,0,靚,0,52,5,1,1,176,0,_
121,0,TA丶,0,7,5,0,0,46,0,_
122,0,后来遇见她。,0,84,4,0,0,111,0,_
123,0,大HHH,0,839,20,0,0,0,0,_
124,0,大耳朵,365,489,95,243,243,1058,1,贺州八步蛋糕热线15078155546（微信同号）_
125,0,刘世琼,0,53,3,0,0,226,0,_
126,0,nsbxhjdkx,5,203,5,0,0,0,0,_
127,0,李若溪💗,1647216,499,668919,263,267,0,1,服饰 潮牌👚🛍👗👠：Liruoxi001203（只加女）_
128,0,你的静儿i,0,33,0,0,0,1,0,_
129,0,小男孩👦,51,68,15,2,2,6109,0,_
130,0,厌世.,0,8,15,0,0,3,1,……_
131,0,蝌蚪哪去了,605,143,78,62,62,785,1,关注我把_
132,0,一世繁华（桥头排骨）,219,528,212,20,22,0,1,想了解桥头排骨的私信_
133,0,沐辰丶,13,588,18,1,1,3585,0,_
134,0,久违。,0,43,1,0,0,0,0,_
135,0,哈哈哈,13,3,10,6,6,6,0,_
136,0,cc.,0,199,1,0,0,0,0,_
137,0,镜子里的人说假话.,7,608,43,3,3,3770,1,镜子里的人说假话._
138,0,用户6268647788729,0,229,1,0,0,5720,0,_
139,0,該怎麽生活,17,30,11,1,1,1771,1,初来乍到，请多关照，_
140,0,牛桃,0,80,1,0,0,0,0,_
141,0,天丰之塔,4,121,3,3,5,529,0,_
142,0,用户3982689018249,0,41,1,0,0,118,0,_
143,0,萝卜西施,757,4129,775,30,30,8939,1,80后的不再年青_
144,0,你吖,0,10,0,0,0,66,0,_
145,0,一抹灰尘,10,72,192,0,0,0,0,_
146,0,♚   ,0,127,69,0,0,307,0,_
147,0,&,1,238,3,1,1,1431,0,_
148,0,余生很贵,117,108,137,21,21,3333,1,只要思想不滑坡，办法总比困难多_
149,0,遇上对的人,20,55,14,3,3,232,0,_
150,0,悍匪👊🏻,85,346,47,26,26,325,0,_
151,0,C • 柚,241,274,37,3,3,2706,0,_
152,0,樱月,6,658,54,2,2,4540,1,生活到处都是苦难 假欢喜_
153,0,一如既往运,0,82,60,0,0,965,0,_
154,0,buibuibui,3,1081,33,2,2,0,1,榜首猴子_
155,0,兰德里的折磨,477,1231,235,22,25,4858,1,你说我能找到比你好的，其实是你想找到比我好的。_
156,0,执,0,80,2,0,0,242,0,_
157,0,秀儿,0,1341,18,0,0,20368,0,_
158,0,.,41,92,29,11,11,566,1,QQ 2720226769_
159,0,Hai,174,75,30,28,31,894,1,。。。。。。。_
160,0,李江龙,0,278,88,0,0,498,0,_
161,0,小泽,0,79,1,0,0,535,0,_
162,0,Agony.,161,18,1100,0,0,0,1,I miss you_
163,0,拾花记,2,149,12,1,1,54,1,拾之花者，幸也，喜也！_
164,0,新,0,44,25,0,0,151,0,_
165,0,一句句,54,926,218,0,0,0,0,_
166,0,期待,2,21,10,0,5,216,0,_
167,0,小黄,0,37,22,0,0,9551,0,_
168,0,不了解,0,2,1,0,0,0,0,_
169,0,楚,0,152,2,0,0,357,0,_
170,0,庄大大,789,102,141,43,43,947,1,白日梦想家_
171,0,我༒,0,31,2,0,0,52,0,_
172,0,断桥久别,0,46,9,0,0,0,0,_
173,0,等风来c楚门,0,56,4,0,0,0,0,_
174,0,一个来自海的南边的人,86,302,54,32,35,949,1,简单点就好。_
175,0,时尚王叔叔,27,151,15,9,9,15801,1,引领潮流，我就是时尚…_
176,0,胖か一,0,1183,45,0,1,12509,1,我最最爱吃的，爱学习，爱专心做事，还有漂亮小姐姐🤓🤓🤓_
177,0,′獨享寂寞🇨🇳,3359,818,227,397,424,0,1,爱情这东西，始于颜值，陷于才华，忠于肉体，迷于声音，最后，折于物质，败于现实。_
178,0,영원한 친구가 아닙니다.,0,26,16,0,0,749,0,_
179,0,用户2939077455328,0,13,1,0,0,34,0,_
180,0,5不一样,29,60,58,6,6,100,0,_
181,0,等待者,0,7,0,0,0,12,0,_
182,0,seven~,0,49,7,0,0,0,0,_
183,0,传球给内马尔,1,842,47,0,0,0,0,_
184,0,小渣渣,11,396,19,2,9,32877,1,你关注我，我就关注你哦(´-ω-`)_
185,0,user8413695546188,0,17,11,0,0,0,0,_
186,0,七号选手已经断开连接,0,38,5,0,0,164,0,_
187,0,随缘,2264,3769,1198,105,108,4300,1,日落西山你不陪，东山再起你是谁。_
188,0,用户9865746807193,0,6,2,0,0,16,0,_
189,0,敬往事一杯酒。,0,81,8,0,0,0,0,_
190,0,aaa果之缘,0,10,5,0,0,13,0,_
191,0,Amour,0,47,107,0,0,0,0,_
192,0,ig牛逼,0,191,4,0,0,1449,0,_
193,0,鬼画符,0,1337,41,1,1,337,0,_
194,0,818181,181,226,29,98,98,970,0,_
195,0,余晖丶超优秀,2,8,1,1,1,489,0,_
196,0,你剑不剑🗡️,0,155,23,0,1,1124,0,_
197,0,飞,0,3,2,0,0,33,0,_
198,0,陈浩文,0,27,0,0,0,25,0,_
199,0,兰陵笑笑生,10,642,46,1,1,138,0,_
200,0,新建,95,261,139,28,33,351,1,万丈悬崖终有底。😀😬😁_
201,0,陈北玄,1,88,26,0,3,32713,0,_
202,0,頔,21,885,11,2,3,5458,0,_
203,0,胖c菌,0,992,14,0,0,9818,0,_
204,0,你开心，就好1,2,909,24,1,1,34148,0,_
205,0,lpfzwke,0,17,4,0,0,19,0,_
206,0,她啊。,129,44,44,9,10,1040,0,_
207,0,用户5883471396282,0,1,1,0,0,2949,0,_
208,0,不学就不会,0,238,3,0,0,1947,0,_
209,0,墨眉丶,12,57,120,1,1,0,1,随心所欲。。。随意而安。。。自在。。_
210,0,莫忘,0,361,2,0,0,439,1,抖音游戏达人_
211,0,情友c,10435,629,169,35,37,1888,0,_
212,0,南  .川,0,159,179,0,0,6706,1,。。。_
213,0,用户2858425292131,0,6,0,0,0,56,0,_
214,0,董少,141,1732,78,13,17,3579,0,_
215,0,→_→,0,64,4,0,0,0,0,_
216,0,Change💯,1026,310,188,91,92,1931,1,v❤：cuiyunjie521_
217,0,信仰,140,1300,123,23,26,1209,0,_
218,0,用户2644544194693,0,1,0,0,0,1,0,_
219,0,叫泡椒婷婷o,26,409,15,0,0,0,0,_
220,0,邓先森_61606,0,366,18,0,0,2251,0,_
221,0,😝,0,137,0,0,0,5086,0,_
222,0,打的过爷吗,0,405,24,0,3,1366,0,_
223,0,许丶一份温暖,39,36,21,1,1,0,0,_
224,0,小太阳_245919710,0,172,50,0,0,265,0,_
225,0,手机用户58239979045,0,60,34,0,0,2449,0,_
226,0,伴过风的你,0,181,8,0,0,0,1,在这薄情的世界深情的活_
227,0,TiOM,0,132,2,0,0,58,0,_
228,0,曼巴,0,3,0,0,0,2,0,_
229,0,多年以后,143,1095,253,3,3,4617,0,_
230,0,认真且怂,36,3409,226,1,1,8018,0,_
231,0,长长的反射弧,12,4398,97,0,0,0,0,_
232,0,小宇,0,5,2,0,0,32,0,_
233,0,用户694913079273,0,6,0,0,0,0,0,_
234,0,阿美寮,0,10,6,0,0,23,0,_
235,0,曼哥哥超菜的吖,2,27,5,1,2,634,0,_
236,0,绍晖,0,349,5,0,0,247,0,_
237,0,天赐,8,153,38,0,0,0,0,_
238,0,给许醋,0,120,9,0,0,1230,0,_
239,0,钰妹超乖🌙,0,88,0,0,0,369,0,_
240,0,西门浪子,1358,503,233,125,126,1030,0,_
241,0,醉红颜,0,25,10,0,0,49,1,世界和平_
242,0,刮台风,0,46,0,0,0,647,0,_
243,0,恍然若梦,0,1000,30,0,2,1131,0,_
244,0,奋斗~,14,256,39,2,5,0,1,无畏，_
245,0,FENG,18,120,8,0,0,0,0,_
246,0,无聊人生,4234,796,443,71,72,19673,0,_
247,0,执笔,7,70,13,2,2,7940,0,_
248,0,K,0,42,0,3,3,41,1,有好的音乐分享我_
249,0,汇川大道金科集美东方,163,136,47,34,34,515,0,_
250,0,用户3082840355089,0,40,1,0,0,742,0,_
251,0,简易2020,1902,580,166,177,180,1048,1,种好因，得善果。_
252,0,易燃易爆炸💢,216,15,30,21,21,180,0,_
253,0,及时行乐,50,172,84,1,1,799,1,._
254,0,ıu uɐnɥ ıx oм,10,3,35,5,5,64,1,南来北往   不辜负生活   不迷失方向_
255,0,依旧,8,92,6,9,9,126,0,_
256,0,我是你伯伯,0,217,13,0,0,0,0,_
257,0,山河故人,8,845,4,2,4,10578,0,_
258,0,用户8139174241343,0,24,0,0,0,32,0,_
259,0,无恋守候,0,3,0,0,0,450,0,_
260,0,？？？,38,97,14,0,0,599,0,_
261,0,℡凉白开！,95,46,12,40,40,32,0,_
262,0,李煜龙,0,85,4,0,0,168,0,_
263,0,A+－X÷,95,252,59,25,39,172,0,_
264,0,﹏Dear·‘ ლ,0,181,27,0,0,938,0,_
265,0,小肚兜,0,5,1,0,1,21,0,_
266,0,Zhang.振,1710,100,356,10,10,229,1,人若知足，处处都是风景_
267,0,封心锁爱,70,34,44,11,12,102,0,_
268,0,尼桑,0,1,0,0,0,0,0,_
269,0,用户5668403914041,0,65,2,0,0,872,0,_
270,0,斤斤计较,0,2914,15,0,0,0,0,_
271,0,哪个小朋友,3,243,25,0,2,12200,0,_
272,0,👿,0,327,57,0,0,5719,0,_
273,0,我不认识抗吧,0,243,0,0,0,0,0,_
274,0,战神,0,99,6,0,0,11,0,_
275,0,再也没有！！！,0,6,3,0,0,202,0,_
276,0,邓桐飞,0,40,2,0,0,5,0,_
277,0,穿开裆裤的娃,187,273,51,17,17,5640,1,人生太不容易_
278,0,我的承诺,21,92,12,6,6,176,0,_
279,0,最爱的石头,223,377,125,10,10,259,0,_
280,0,开开,0,12,22,0,0,415,1,不求关注，但求支持_
281,0,林小生,27,425,33,2,2,362,0,_
282,0,远方的旗帜,0,313,250,0,0,1290,0,_
283,0,看看,0,16,1,0,0,71,0,_
284,0,浓墨〃,205,76,30,28,28,272,1,想和你认识认识！_
285,0,用户15150191996,0,69,3,0,0,807,0,_
286,0,芷溪,56,558,69,9,19,4004,0,_
287,0,风进口袋,24,112,8124,1,1,102,1,认真！做自己 要快乐_
288,0,北城浮梦,0,1804,28,0,0,1936,1,城南以南不再蓝， 城北以北不再美城中从此不再挤， 从此心中再无你_
289,0,吻痕,0,12,6,0,0,151,0,_
290,0,夜雨星辰,17,1675,149,3,3,0,0,_
291,0,二水,1,82,55,0,1,841,0,_
292,0,Fugff,0,37,3,0,0,663,0,_
293,0,无感,2,52,4,1,1,728,0,_
294,0,久伴forever,39,202,49,34,35,808,1,深情不及久伴，厚爱无需多言！_
295,0,野性.,109,9,21,2,2,5480,1,我的东西给你 你拿的稳嘛_
296,0,财源,82,356,33,10,10,154,0,_
297,0,W.Q,251,160,99,31,35,210,0,_
298,0,糖豆爸爸,6,63,17,1,2,56,0,_
299,0,惜,7,5,15,2,2,12,0,_
300,0,童童,0,10,2,0,0,33,1,爱是一路 仁义至尽_
301,0,北京空调维修中央空调售后清洗大猛哥,79336,200,6820,205,210,0,1,北京，一家公司的负责人，一家公司的股东从事：空调、中央空调、冷暖设备、家用商用电器等。销售 售后维修 安装清洗保养 回收服务。客户群体：公司企业 物业房产 饭店餐饮店   学校医院 个人家庭等等。我们有200人以上的服务团队，资质齐全，服务全北京个人客户20多万，常年服务企业单位1000多家。薇抖同号1.寻企业负责人共赢合作。2.各行各位老板相互介绍客户共赢合作发展_
302,0,玲靖萱,54,189,85,7,8,1398,0,_
303,0,@权权 纸箱印刷 丝网印刷 制作,26030,218,717,202,202,0,1,人间正道是沧桑_
304,0,流浪者,1672,1050,289,64,66,69024,0,_
305,0,贪嗔痴,0,64,7,0,0,997,0,_
306,0,三明治组合出道记,2116,4165,2464,44,50,729,1,蓝白弟弟吐司，蓝白妹妹果酱，纯白妹妹蛋白~三明治组合😁😁😁😁😁感谢您的关注_
307,0,yjihjjnf,64,133,52,4,4,137,0,_
308,0,用户128164,0,84,17,0,0,264,0,_
309,0,滥情,9,369,23,5,5,598,1,。_
310,0,AいW,1,18,4,1,1,135,0,_
311,0,WE.轻羽,0,42,7,0,0,888,0,_
312,0,为爱浪迹天涯,16606,4976,1859,246,246,48441,1,为爱走天涯_
313,0,君行,0,7,11,0,0,2,0,_
314,0,燕子行者,12,4929,62,0,0,0,0,_
315,0,平安才是最大的财富！,52,1883,63,11,11,2829,0,_
316,0,DabuliuY,0,24,2,0,0,55,0,_
317,0,冷月,0,795,86,0,0,322,0,_
318,0,用户9496312714257,280,272,139,13,14,5607,0,_
319,0,阿，楠,10,145,21,8,8,489,0,_
320,0,小魔头,0,79,3,0,0,740,0,_
321,0,还没想好昵称,18,35,30,7,7,165,0,_
322,0,佰灵,140,314,71,13,13,391,0,_
323,0,_wykkk🦖,66,7,1372,4,4,0,1,太阳落山，别忘了还有夕阳陪伴_
324,0,一世做舔狗,0,8,3,0,0,0,0,_
325,0,用户1544149843051,0,13,0,0,0,29,0,_
326,0,大鹏1,0,37,0,0,0,151,0,_
327,0,用户1936962170924,0,121,11,0,0,5,0,_
328,0,那些年的篮球梦,1996,698,275,112,112,2103,0,_
329,0,浪玖～,0,119,6,0,0,102,1,生活百般滋味，人生需要笑对_
330,0,用户9685891907486,0,482,2,0,0,0,0,_
331,0,用户7782716557437,0,1,0,0,0,5,0,_
332,0,卿卿本佳人,0,151,7,0,0,1141,0,_
333,0,329,0,273,17,0,0,0,0,_
334,0,正经素人,2,19,3,4,4,66,1,滑旱冰的小眼睛松鼠_
335,0,寻,0,33,0,0,1,13,0,_
336,0,Agoni,35,67,11,1,4,0,1,🍂。我现在喜欢各种各样的女孩  只要不是你_
337,0,　,0,4,3,0,0,3,0,_
338,0,想你,0,1715,62,0,0,6046,1,人生_
339,0,陈.T5E21,167,914,55,14,18,884,0,_
340,0,和尚,21,2228,21,2,3,99965,0,_
341,0,科博德,0,1917,85,0,0,0,0,_
342,0,执念,79,48,206,13,28,3427,1,@对方是你的好友_
343,0,半沁半城半回忆,43,562,49,38,67,949,1,VX:3020961470_
344,0,(｡･ω･｡)ﾉ♡,0,96,0,0,0,0,0,_
345,0,朱,53,157,85,6,6,62,0,_
346,0,用户288860635791,5,201,5,0,39,0,0,_
347,0,樱桃小丸子5201314,2,95,16,2,2,3831,1,小学生_
348,0,Do it,68,415,62,37,38,2077,0,_
349,0,英雄联盟-心劫,72973,9,6143,59,59,2079,1,故事的开头总是极具温暖，事实的结局总是蓄谋已久_
350,0,憨弟弟,0,3,2,0,0,3,1,虚拟网络_
351,0,卿卿茶,67,51,36,9,11,791,0,_
352,0,人定胜天,0,16,0,0,0,0,0,_
353,0,小厮,0,1944,22,0,0,5116,0,_
354,0,空白919,9,18,19,2,2,58,0,_
355,0,满目琳琅,0,7,26,0,0,8,0,_
356,0,屌丝,596,465,123,39,40,568,0,_
357,0,用户1576617747185,0,496,1,0,0,136,0,_
358,0,往事已成空,162,254,122,15,21,762,0,_
359,0,秋秋,19,648,100,1,1,1003,0,_
360,0,晨～,493,70,93,67,69,1330,1,我的以后，只负责让自己开心，谁也别和我叨叨些废话_
361,0,idea,0,77,0,0,0,6,0,_
362,0,1581010310,0,95,6,0,0,4072,0,_
363,0,ljw,0,16,2,0,0,3289,0,_
364,0,用户2635013652298,6,56,11,3,4,100,0,_
365,0,勇,0,214,17,0,0,0,0,_
366,0,丑小丫。🌼,598,107,107,52,53,81,1,不开心的时候记得吃糖。_
367,0,融合商贸,21,265,19,13,15,67,0,_
368,0,小……,0,283,15,0,0,0,1,我的人生可以有遗憾_
369,0,荣参堂,0,174,137,0,0,65,1,专注一份业，做大一根参_
370,0,🐠🐠鱼摆摆,0,10,5,0,0,97,0,_
371,0,阿阿阿😄阿毅,3,56,12,0,12,600,0,_
372,0,小🐷,0,165,55,0,0,158,0,_
373,0,16张昱,0,42,2,0,0,1233,0,_
374,0,黄俊波,0,9,21,0,0,989,1,我的家乡最美_
375,0,无法想象的懒,8,14,10,0,0,66,0,_
376,0,小新影视剪辑,23892,36,1015,33,41,155,1,🔥谢谢抖音平台，感谢关注🔥🔥评论区留言必回复，不信你试试🔥🔥只剪超清影视剧集，带来视觉享受🔥🔥本期更新《庆余年》三分钟看剧情🔥🔥剧情丰富，关注不迷路🎬🎬🎬_
377,0,境哥哥,648,1419,306,43,43,4709,0,_
378,0,梦凡,0,107,13,0,0,18,0,_
379,0,xuanxuan,469,101,1154,7,7,0,0,_
380,0,嘿呦,28,277,32,7,7,2376,0,_
381,0,🍀九离,0,47,4,0,0,230,0,_
382,0,用户1724838301952,0,35,1,0,0,66,0,_
383,0,小伙,0,11,1,0,0,8,0,_
384,0,气质小柒.,0,269,4,0,0,7757,0,_
385,0,小飞,7,207,28,1,1,1878,1,初来乍到_
386,0,奥特曼,508,298,105,40,49,1999,1,记住一个记不住的人_
387,0,犬来八荒的张律师,5,41,4,0,1,0,0,_
388,0,大刘刘,0,15,0,0,0,61,0,_
389,0,子黎a,240,17,491,5,5,8179,1,别一次性赞完所有作品谢谢 会限流_
390,0,Kevin,0,357,25,0,0,443,0,_
391,0,～★侯你丿多时☜,0,5,0,0,0,9,0,_
392,0,黄奎,0,16,0,0,0,115,0,_
393,0,大帅❤️,0,114,4,0,0,61,0,_
394,0,火,0,12,1,0,0,32,0,_
395,0,。。,64,32,37,8,8,734,0,_
396,0,黄泽强,0,17,4,0,0,40,0,_
397,0,你说人间有情,537,464,57,12,12,15256,0,_
398,0,逝水洛凌,1,320,38,0,0,0,0,_
399,0,小柔柔,2,20,5,1,1,844,1,第一次发作品~多多关注我呀💜我会继续努力的🤗_
400,0,久仙山庄baby,190,2129,120,13,49,1812,1,虽然被伤害，从未放弃寻找幸福。_
401,0,一条晴彦（好多个国服）,0,36,5,0,0,158,0,_
402,0,云,9,32,2,2,2,115,0,_
403,0,李礼,6,608,34,2,2,2605,0,_
404,0,嘿嘿嘿,1,6,0,1,1,15,0,_
405,0,张祎SG,0,144,4,0,0,1570,0,_
406,0,思琪潼潼,0,80,30,0,0,46,0,_
407,0,过去,0,26,2,0,0,102,0,_
408,0,五金工艺品厂,112,20,47,8,8,52,1,😎😎_
409,0,查乐,11,53,25,1,2,727,0,_
410,0,做物流的小宝哥,290,193,127,14,14,166,1,破茧成蝶，不是飞蛾扑火便是遇火重生。_
411,0,梓宁,0,2,0,0,0,14,0,_
412,0,情有独钟,18,174,32,3,4,9822,0,_
413,0,随遇而安,59,326,158,3,3,527,0,_
414,0,✎﹏ℳ๓,0,104,30,0,0,0,0,_
415,0,我爱的人远在天边@,1,429,24,0,1,1732,0,_
416,0,你好,0,294,16,0,0,775,0,_
417,0,Carl,2,102,7,0,0,0,0,_
418,0,杨正剑,23,156,61,5,5,448,1,老四_
419,0,Key,43,533,76,3,5,988,1,富力现代城钟☎️17687979681_
420,0,宁哥哥呀,0,70,6,0,0,178,0,_
421,0,12345678,1,1716,20,0,4,7904,0,_
422,0,宇轩_工作室,3859,1091,832,72,74,0,1,天净壇宇轩工作室_
423,0,sskfm,0,82,6,0,0,83,0,_
424,0,代号9527,80,67,32,0,0,33,1,反正你就慢慢跟我处，处不好你自己找原因。_
425,0,南亭,38,4492,170,1,1,6763,1,真心交友QQ3023355199_
426,0,务川名众汽车,42,18,43,9,10,132,1,如果不是真心实意  就不要相互打扰了_
427,0,木子电气智能科技,0,17,4,1,1,124,0,_
428,0,用户7796789609471,0,14,1,0,0,120,0,_
429,0,用户5267227636667,0,41,1,0,0,79,0,_
430,0,三世情缘,377,113,107,51,52,2672,1,专业水电暖，太阳能出售安装。沛县安国庙道口15052044688店面地址：沛县温州商贸城_
431,0,骚,0,115,7,0,0,0,0,_
432,0,【不负好时光】🌄,98,148,58,6,6,694,1,一棵长在深海里的草渴望阳光可当自己努力漂浮上岸才发现真正属于自己的是那片深深的海_
433,0,金海东,21,69,22,19,19,271,0,_
434,0,豪,16,65,81,2,4,0,0,_
435,0,帅的好黑,231,617,134,25,26,12943,0,_
436,0,手机用户95040752651,0,143,10,0,0,66,0,_
437,0,30秒科普,7982,39,477,17,18,62,1,用30秒告诉你你不知道你不知道但却想知道的知识_
438,0,用户3329037834413,0,24,2,0,0,160,0,_
439,0,烤炉鸡蛋灌饼（原国华小吃街）,127,65,51,16,16,168,1,凡事有因果， 万事有轮回_
440,0,手机用户20599803997,0,195,11,0,0,1050,0,_
441,0,一叶一追寻,43,563,107,9,15,1017,0,_
442,0,袁岚,114,235,53,9,14,895,0,_
443,0,胡子多男士理髮馆,33,66,18,9,9,49,1,咸阳首家以男士发型为主的理发馆油头雕刻风靡时尚界百年，不管是摇滚乐手还是上流阶级的绅士们，不管是贵气的欧洲还是自由的美国，油头总是以不同的形式继续演绎着时尚和风度_
444,0,小李飞刀又见飞刀,0,1,0,0,0,0,0,_
445,0,细细D刻,1,215,46,1,1,783,1,向往美好_
446,0,今晚我去打老虎,115,398,63,0,0,0,0,_
447,0,谢明阳,0,162,14,0,0,337,0,_
448,0,枭,13,40,15,6,6,138,0,_
449,0,奥迪哥,27,180,52,0,0,0,0,_
450,0,嘟噜嘟噜,11,89,6,0,4,35,1,一只在上海工作的江西95后_
451,0,哪吒不是小龙人,108,249,47,17,17,1174,0,_
452,0,已重置,88,130,46,12,12,297,1,宁可让人恨  也别让人怜_
453,0,沃德·吉尔·鹰邦邦,0,77,13,0,0,89,0,_
454,0,用户3439908616267,0,338,0,0,0,1188,0,_
455,0,酱油,29,33,21,1,1,9817,1,一个玩音乐的大学生_
456,0,我,0,20,3,0,0,130,0,_
457,0,一个人！,0,22,11,0,0,82,0,_
458,0,冷曦,0,121,2,0,0,260,0,_
459,0,峩想要旳未来,0,338,10,0,0,1245,0,_
460,0,加油！奇迹,37,307,20,12,12,1303,0,_
461,0,菩提树下,0,195,30,0,0,1388,0,_
462,0,张舒然,0,195,6,0,0,77,0,_
463,0,啥也不是,26,190,20,5,5,905,0,_
464,0,曼妙而多汁,161,244,61,12,12,218,0,_
465,0,永恒旋律,0,454,5,0,0,10251,0,_
466,0,还没完,0,19,7,0,0,43,0,_
467,0,就这样吧。,2,4,4,1,1,1030,0,_
468,0,郭俊雷,0,102,42,0,0,53,0,_
469,0,王建勃,0,59,3,0,0,0,0,_
470,0,年少若梦,446,1738,471,20,20,1825,1,只为遇见你，_
471,0,The story,0,706,3,0,0,1332,0,_
472,0,为了治愈,0,321,2,0,0,939,0,_
473,0,俊平竹制品厂,91,252,106,12,12,499,1,牙签一条龙生产，散签，包装_
474,0,九月（互）,2,496,391,0,0,1706,1,维修清洗，净水器，太阳能，热水器 ，水电，水管，洁具，龙头，水泵_
475,0,傑,0,70,1,0,0,217,0,_
476,0,老祖宗,6,24,2,4,4,146,0,_
477,0,宠你成瘾💔💔,16,123,10,3,3,323,0,_
478,0,多磨难,0,50,8,0,0,213,0,_
479,0,阿超,86,136,42,15,15,2929,1,要么死  要么活_
480,0,防,0,14,2,0,0,0,0,_
481,0,.,0,392,89,0,0,2330,0,_
482,0,家有   四千金,134,128,48,43,43,606,1,权哥海鲜水产🦑V:15222655561_
483,0,项憨憨。,46,625,21,11,11,3361,0,_
484,0,🙄,0,407,1,3,3,763,0,_
485,0,春阳时暮镜心雨,92,359,149,11,11,1481,0,_
486,0,无极,0,487,16,0,0,726,0,_
487,0,用户5818171638846,0,123,2,0,0,1913,0,_
488,0,蛋白志,0,80,0,0,0,42,1,是我没有放过自己。_
489,0,梅河口、长安汽车🚗,0,474,22,0,1,1423,0,_
490,0,姐姐吃糖么,0,1040,15,0,0,3982,0,_
491,0,Kb24.,0,104,24,0,0,4394,0,_
492,0,缪达宏,52,1836,404,12,12,255,0,_
493,0,中二$少年,0,244,8,0,1,808,0,_
494,0,刚,200,1080,207,13,13,190,1,有容乃大，无欲则刚_
495,0,天仔,0,134,2,0,0,686,0,_
496,0,敲歌悦耳,0,354,28,0,0,670,0,_
497,0,用户3464551760255,0,12,0,0,0,42,0,_
498,0,用户242899313,495,821,89,16,16,1532,0,_
499,0,日子,0,81,9,0,0,73,0,_
500,0,用户1240814131803,0,268,3,0,0,321,0,_
501,0,陆先生,0,50,6,0,0,0,0,_
502,0,MrLiu,0,33,3,0,0,51,0,_
503,0,山鬼不识字🌊,0,171,63,0,0,300,1,西风不解情🌊_
504,0,嘉木……,0,13,12,0,0,73,0,_
505,0,123万人关注了you,89,133,12,28,28,2563,0,_
506,0,王瑞松🐲,0,2,0,0,0,6,0,_
507,0,话里人OO,7,110,60,1,2,900,0,_
508,0,十一,0,5,16,0,0,0,0,_
509,0,丹丹,292,224,110,46,48,2525,0,_
510,0,一切随缘,0,276,11,0,0,801,0,_
511,0,殇  痕,0,97,7,0,0,77,0,_
512,0,小鹿🦌。,0,29,0,0,0,240,0,_
513,0,瑞士卢森地板,54,13,38,29,30,49,1,🇨🇭瑞士卢森地板—100%瑞士原装进口🇨🇭瑞士卢森地板—闻得到木香 🌲🇨🇭瑞士卢森地板—全球最大木业制造，欧洲销量第一品牌。🇨🇭瑞士卢森地板—国际大牌☞经瑞士/欧盟/中国/多重认证环保-健康地板。🇨🇭瑞士卢森地板—畅销全球100多个国家。🇨🇭瑞士卢森地板—50-120年成年松木纤维，随时随地享受纯正的瑞士原始森林。_
514,0,阳光,0,333,42,0,0,12321,0,_
515,0,染七,4,77,17,1,1,470,0,_
516,0,晟睿服饰,286,831,228,25,25,0,1,随缘不变，不变随缘_
517,0,春秋没有冬夏,0,384,108,0,0,3846,0,_
518,0,yl,0,455,5,0,0,836,0,_
519,0,寒夜知秋,0,8,6,0,0,9,0,_
520,0,转身消逝的年华,0,49,21,0,0,596,0,_
521,0,狂野男孩,0,1564,10,0,0,0,0,_
522,0,“最熟悉的陌生人”,0,59,15,0,0,30,0,_
523,0,我叫MT,0,8,15,0,0,67,0,_
524,0,打发打发时间,0,31,5,0,0,26,0,_
525,0,赴约,0,1590,27,0,3,5347,0,_
526,0,用户6740562609072,0,88,11,0,0,98,0,_
527,0,墨雨白烟,7,540,3,0,0,0,0,_
528,0,Moo.,95,651,193,15,16,113,0,_
529,0,姬,2,2,2,0,4,9,1,混的差了别人瞧不起，混的好了别人看不惯。从此努力做别人看不惯的人。_
530,0,今晚打老虎,109,289,86,13,18,23518,1,乾坤未定，你我皆是黑马_
531,0,椰子哟,0,42,1027,0,0,340,0,_
532,0,行当,39,244,13,0,0,0,0,_
533,0,@？,0,439,76,0,1,5875,0,_
534,0,男人的坚持是一种态度,3,288,11,1,2,1228,0,_
535,0,¿单人床,23,3486,22,3,3,34397,1,ེㅤㅤㅤ_
536,0,用户7988977003793,3,175,27,2,2,48,0,_
537,0,今天睡早点,0,136,25,0,0,268,0,_
538,0,✎言希,31,4873,13,11,11,8530,1,我是总有一些奇怪想法的言希小可爱们，留下了，就不要走了吧！_
539,0,渐行渐远,81,349,88,8,8,499,0,_
540,0,卖女孩的小火柴,164,1694,251,3,126,12674,1,宁愿错过，也不将就_
541,0,昵称,0,53,5,0,0,73,0,_
542,0,不告诉努哈,0,712,14,0,0,0,0,_
543,0,晨风有爱,439,385,128,30,35,1472,0,_
544,0,白泽,12,260,24,0,0,0,0,_
545,0,不良人,0,582,50,0,0,10854,0,_
546,0,R,99,135,75,12,12,1949,0,_
547,0,🍊,0,80,26,0,0,2422,0,_
548,0,追日,0,475,65,0,1,260,0,_
549,0,帅到没朋友,8,272,29,0,0,1833,0,_
550,0,柠檬好酸🍋,0,87,12,0,0,168,0,_
551,0,速效救心丸🍑,1,404,62,0,0,0,0,_
552,0,章鱼哥,3,572,14,0,0,0,0,_
553,0,I miss you.,1,37,9,0,1,13,0,_
554,0,。。。。。。,0,26,15,0,0,614,1,卦不敢算尽，畏天道无常。情不敢至深，恐大梦一场！_
555,0,浩,402,160,90,18,19,1622,0,_
556,0,暴走小兔兔,3,164,11,2,2,1958,0,_
557,0,渴死的鱼,61,64,23,5,5,553,0,_
558,0,心如荒岛囚我终老,0,357,44,0,0,6476,0,_
559,0,user6809551222005,4,101,2,0,0,28,0,_
560,0,叫姐姐,13,84,27,2,2,265,0,_
561,0,🐷,336,231,41,7,7,1019,1,谢谢关注我的小伙伴😚_
562,0,安,0,73,20,0,0,16,0,_
563,0,用户8186125202701,0,7,1,0,0,25,0,_
564,0,Nick young,0,4385,28,0,0,12180,1,自由球员_
565,0,抚琴,0,69,2,0,0,453,0,_
566,0,路西法,0,60,5,0,0,16064,0,_
567,0,意海还念,117,19,89,7,15,370,0,_
568,0,我希望我早点睡,0,218,7,0,0,114,0,_
569,0,記憶の碎片〃,0,219,17,0,0,91,1,关于等待，这是我听过最扎心的答案_
570,0,开心超人,0,81,10,0,0,189,0,_
571,0,秦皇岛青年图书,531,74,151,39,39,360,0,_
572,0,实在人生,2,98,4,1,2,549,0,_
573,0,灿烂千阳,5,575,29,1,2,0,0,_
574,0,叛逆少年,0,19,3,0,0,170,1,天天色等烟雨，而我在等你。_
575,0,废柴,17,561,19,1,2,15740,1,我与春风皆过客🥴你携秋水揽星河🤒_
576,0,刘方刚,21,142,46,3,3,1255,0,_
577,0,滴   喇喇～,0,82,4,0,0,2400,0,_
578,0,(^-^)/,0,973,46,0,0,8247,1,别为不在意你的人 丢掉你的快乐._
579,0,小小,0,1957,87,0,0,59406,0,_
580,0,708🔆,6,42,11,2,2,24,1,🖤  2 . 10_
581,0,青蛙,0,81,4,0,0,51,0,_
582,0,雨寒呀,0,279,16,0,0,284,0,_
583,0,从此萧郎是路人,0,88,4,0,0,117,1,不同的圈子不要瞎闯_
584,0,你美目入当年流转我心间,64,1081,13,0,0,0,0,_
585,0,泽少,0,253,83,0,1,1032,0,_
586,0,天光云影K,2,244,2,5,5,460,0,_
587,0,少年,37,995,15,10,11,228,0,_
588,0,我闭上眼睛了,34,257,30,6,6,26,1,多年以后 还希望自己是最开始的样子吗？_
589,0,高际,0,27,5,0,0,719,0,_
590,0,赫赫,0,275,6,0,0,0,0,_
591,0,♂記憶,0,25,13,0,0,645,0,_
592,0,★17,5,827,94,1,4,6794,1,谢谢(*°∀°)=3_
593,0,用户6293129555793,0,24,0,0,0,33,0,_
594,0,爽爸爸,25,90,13,3,3,246,0,_
595,0,菜虚坤真蟀,2,137,30,0,1,27189,0,_
596,0,诗的远方,173,102,34,41,41,155,1,留住记忆 余生孤独又何妨_
597,0,唯我独尊,0,18,2,0,0,72,0,_
598,0,但你没有,0,45,23,0,0,210,0,_
599,0,阿啾嘻,0,70,25,0,0,43,0,_
600,0,我可以弯腰.,39,10,9,5,5,6000,1,只剩半条命_
601,0,雲,0,27,43,0,0,0,0,_
602,0,用户939525,0,25,1,0,0,144,0,_
603,0,今生无悔,0,36,0,0,0,2335,0,_
604,0,驱除珙虏，复我中华,0,3,0,0,0,3,0,_
605,0,嗨森！,23,2044,23,5,5,2293,0,_
606,0,用户1619062379503,18,32,34,3,3,517,0,_
607,0,幻想,0,166,8,0,0,401,0,_
608,0,9527,0,332,37,0,0,8599,0,_
609,0,用户8438850428506,0,1654,8,0,0,46,0,_
610,0,《王者荣耀》江沉,0,2,11,0,0,0,1,江沉入海，为你而甜。四海八荒，唯我独尊。_
611,0,🐑娜,0,53,2,0,0,321,0,_
612,0,用户142647904,0,15,7,0,0,23,0,_
613,0,化妆品瓶盖模·广东省中山市,1059,239,1001,19,21,665,0,_
614,0,Lahm,2,69,0,3,3,28,0,_
615,0,云善,0,714,50,0,0,223,1,时间从来不喧哗，生命从来不回答。_
616,0,小蒋,0,127,7,0,0,662,0,_
617,0,一生有你,0,21,2,0,0,225,0,_
618,0,╭岁冄茹歌╮,0,34,9,0,0,1554,0,_
619,0,虚,6,624,8,0,0,0,0,_
620,0,彬仔,10,76,16,1,1,239,0,_
621,0,oоО↘飛ルo\_,1,281,23,0,25,697,0,_
622,0,❤小奶辉❗,0,64,4,0,0,1600,0,_
623,0,（春夏秋冬）,16,42,14,3,3,18,0,_
624,0,♡beloved,0,185,6,0,0,0,0,_
625,0,地瓜居士,38,1115,116,3,7,2783,0,_
626,0,墨陨翎,33,238,4,34,34,952,0,_
627,0,傻瓜,5,144,24,1,1,2891,0,_
628,0,麦吉 麦吉,8,10,119,1,18,189,1,出售健身补给都是比别处低价格加v送饮食锻炼v18250385919_
629,0,潇洒世间走一遭,0,17,0,0,0,89,0,_
630,0,QQ15992251963QQ,0,129,14,0,0,0,0,_
631,0,。。。。？？！？？！,0,39,10,0,0,122,0,_
632,0,承天😁😁😁,47,57,25,4,8,596,0,_
633,0,靠山屯土匪哥,0,3303,64,0,0,0,0,_
634,0,丫丫,0,50,20,0,0,153,1,小可爱_
635,0,故人.,48,216,25,5,6,579,1,万事藏于心   不表于情。_
636,0,叫卖21克爱情_,39,641,58,5,5,2000,0,_
637,0,奋斗吧少年,39,63,66,2,2,4650,0,_
638,0,彩虹,2540,710,328,73,87,7073,1,我是一位单亲妈妈，一路上坎坎坷坷，历尽风风雨雨，希望将来越来越好，做人要有责任和担当，要有颗善良的心，懂得珍惜。支持正能量，记录生活点滴。_
639,0,草稿纸..,11,920,49,3,4,10147,1,小唐小唐斗志昂扬_
640,0,陌南尘,4,7,4,2,2,126,0,_
641,0,醉拥美人腰,0,19,21,0,0,12,0,_
642,0,冒险家666,37,1075,54,5,5,7138,0,_
643,0,冷冰［冷天冷地冷世界］,226,51,22,1,1,3674,0,_
644,0,准安，萨。,0,73,1,0,0,860,0,_
645,0,人情味,9,526,17,33,34,6191,1,好好尽孝，健康享受生活_
646,0,不存在的存在,491,1286,74,73,73,2541,1,懂得你的奇奇怪怪，陪我一起可可爱爱~~_
647,0,玩物，丧志！,45,77,30,4,4,251,0,_
648,0,灵药,20,239,42,0,0,0,0,_
649,0,小野怪…,70,53,27,8,8,424,0,_
650,0,河池蔡徐坤,9,110,31,1,1,1539,0,_
651,0,难觅,0,620,3,0,1,22026,0,_
652,0,邹忙忙,897,1575,246,35,39,2146,1,邹忙忙安徽蒙城县立仓镇邹圩村邹忙忙_
653,0,用户4507972968912,0,33,0,0,0,24,0,_
654,0,燎原火,9,169,25,1,6,303,0,_
655,0,小路,0,124,0,0,0,19,0,_
656,0,Blame,0,59,18,0,0,113,0,_
657,0,存在的好🍃,25,146,38,1,1,1415,0,_
658,0,王,2,18,1,1,1,232,0,_
659,0,久伴,20,322,44,5,8,676,0,_
660,0,🌱   ` 芳,1407,499,137,105,112,2027,1,攒够了失望，也就释怀了！！！_
661,0,海罗,1,1480,270,0,1,143,0,_
662,0,Aperfect_5,4,42,4,3,3,43,0,_
663,0,打扰.,23,19,8,5,5,308,1,谢谢你的关注._
664,0,宇,0,871,2,0,0,835,0,_
665,0,小花猫yy,627,1500,131,49,49,2484,1,你若安好，便是晴天_
666,0,是谁,0,1218,22,0,0,4761,0,_
667,0,麻雀,17,47,15,3,3,0,0,_
668,0,凡人,58,213,68,7,7,126,0,_
669,0,缘起.,0,200,6,0,0,808,1,这里介绍不了我_
670,0,青铭,0,1848,2,0,0,20324,0,_
671,0,暗了,0,13,2,0,0,4076,0,_
672,0,Ashley1223,0,1383,19,0,0,4474,1,2004 12.23 🇨🇳✈️🇨🇦（多伦多）留学ing_
673,0,智之魂,0,990,6,0,0,83,0,_
674,0,茶中人,0,128,3,0,0,1718,0,_
675,0,Challenge,0,340,14,0,0,0,0,_
676,0,嗯嗯嗯,1,42,1,5,5,75,0,_
677,0,景德镇碰瓷之子,316,140,23,10,12,41934,0,_
678,0,用户3273177672644,0,232,2,0,0,64,0,_
679,0,qzuser,0,34,1,0,0,224,0,_
680,0,梦回青楼,37,320,50,8,8,162,0,_
681,0,幼稚的小罗,3,607,6,1,1,5964,1,玩抖音是为了传递抖音正能量，展显我的价值观是为了让别人知道有些人虽然年龄小，但是也可以拥有着和他年纪不相符的上进思想，也可以向别人讲述自己的故事_
682,0,莫失莫忘,14,62,23,1,2,146,1,🌈你们好，我是依雪，初次见面，你好吖。🌈农夫山泉有点甜，不爱依雪有的悬。_
683,0,陌生的路长,0,108,22,0,0,3463,0,_
684,0,曦落,0,194,21,0,0,986,0,_
685,0,超人,0,19,2,0,0,77,0,_
686,0,。。。。。。。,13,157,33,18,18,731,0,_
687,0,开心就好,0,34,4,0,0,96,0,_
688,0,南晚,7,1094,41,3,3,5888,0,_
689,0,范范,13,98,32,2,3,318,0,_
690,0,爱你没差,0,223,40,0,0,0,0,_
691,0,用户5734417026852,0,24,0,0,0,60,0,_
692,0,肉肉,182,204,57,22,23,352,0,_
693,0,用户4987929710155,0,7,0,0,0,14,0,_
694,0,✪ω✪时光巷陌✪ω✪,24,130,25,3,5,724,0,_
695,0,小阔而已,226,362,102,24,25,1517,0,_
696,0,已重置,0,25,0,0,0,659,0,_
697,0,自来也哦,6,531,17,1,1,8393,0,_
698,0,杨建,29,332,106,1,6,581,0,_
699,0,不二臣,2421,646,346,28,28,15987,1,小弟初来诈道，请多多关照_
700,0,用户4224845740631,0,34,2,0,0,285,0,_
701,0,做个狠心的女子,104,55,17,24,26,252,1,做自己想做的事，走自己想走的路！！_
702,0,用户6979962375274,0,214,0,0,0,135,0,_
703,0,柠檬爱剪辑,0,155,8,0,0,168,0,_
704,0,轩儿很酷,23,156,12,13,13,1477,0,_
705,0,似水流年,0,19,19,0,0,68,0,_
706,0,冰冷的月光,1707,53,118,115,121,290,1,从此云淡风轻，过往一笔勾销。_
707,0,zsq大臭猪,0,127,9,0,0,0,0,_
708,0,飒飒东风西阳,0,1271,24,0,0,18695,0,_
709,0,北方,15,903,57,3,3,23956,1,笑死人不偿命_
710,0,宋小贱,0,600,3,0,0,13797,0,_
711,0,方知有,0,29,1,0,0,63,0,_
712,0,用户9761706774946,0,19,1,0,0,109,0,_
713,0,俗人,99,45,34,0,0,0,0,_
714,0,Sunshine❣,0,90,7,0,0,756,0,_
715,0,对你不仅仅是喜欢,43,62,31,16,16,91,0,_
716,0,当你老了🤒,1419,1262,401,67,69,3553,1,你感觉到什么，真相就是什么_
717,0,用户264590899,0,111,5,0,0,103,0,_
718,0,浅陌~半世流离,75,251,82,11,12,959,1,想过要去很多地方，既视只为四处行走，也该为理想迈进一步VX  PAFG6688_
719,0,新城已无旧少年,0,148,4,0,0,43,0,_
720,0,A夜门傍黑，,26,100,84,4,4,51,1,一生不羁爱自由🙂🏃_
721,0,ZZY,0,390,8,0,0,0,0,_
722,0,游戏主播《十二雪》,2,184,6,1,1,0,1,输了的话就吃掉小白白_
723,0,用户6012181522642,0,23,0,0,0,22,0,_
724,0,方便,0,3,0,0,0,3,0,_
725,0,的FM,0,632,17,0,0,86,0,_
726,0,看水晶球的人,0,147,25,0,0,0,0,_
727,0,时间也到了,0,85,5,0,0,5,0,_
728,0,用户4069982074774,11,150,6,3,3,166,0,_
729,0,Pc777772000,2,114,8,1,1,363,0,_
730,0,碳纤维发热线，地暖线，高级碳晶板,36,94,14,12,12,364,1,我公司主营:碳纤维发热线，高级碳晶板，电暖器各种规格电地暖_
731,0,用户2796663368581,0,141,1,0,0,88,0,_
732,0,A00板溪起点广告,1357,4124,1098,46,53,0,0,_
733,0,Emben讲故事,181,26,13,12,12,0,1,我想做一个好的故事传播者希望大家喜欢❤️_
734,0,用户8043685417350,0,120,0,0,0,204,0,_
735,0,冬之风,0,197,64,0,0,1111,0,_
736,0,Y,0,344,0,0,0,0,0,_
737,0,逝,12,849,19,2,3,365,0,_
738,0,绝杀,0,46,4,0,0,344,0,_
739,0,杨群,113,368,88,18,19,510,0,_
740,0,风语,0,2066,54,0,0,6294,1,红尘多可笑，痴情最伤人_
741,0,用户105942032052,0,269,22,0,0,14539,0,_
742,0,坚守,783,227,168,7,7,0,1,像小强一样的坚强。_
743,0,南瑜穆浪,4,18,29,0,4,451,0,_
744,0,End丶已陌つ,12,654,27,2,5,1876,1,深漂～痛快哭痛快笑，痛快的痛死不了_
745,0,俞某人,2,170,9,2,2,99,0,_
746,0,XīN,0,71,4,0,0,543,0,_
747,0,九戒,24,43,14,4,4,107,1,v:Xx19970905_
748,0,阳光少女,0,24,2,0,0,570,0,_
749,0,玖.,0,32,6,0,0,0,0,_
750,0,柯柯贼无情,0,2422,6,0,0,6172,0,_
751,0,男孩、,0,170,38,0,0,394,1,喜欢会说”耶嘿”“哦嚯”“妈耶”的孩纸。_
752,0,热心市民,1,1029,5,1,2,2545,0,_
753,0,非凡🐳,0,199,6,0,0,497,0,_
754,0,8023,0,259,84,0,0,167,0,_
755,0,厌灬倦 @,0,280,2,0,0,11,0,_
756,0,男神,2,109,23,1,1,236,0,_
757,0,不忘初心.,17,49,9,4,4,85,0,_
758,0,往事随风,30,508,41,3,3,1221,0,_
759,0,邶风,15,230,6,7,8,167,0,_
760,0,我叫小龍啊！,20,36,17,9,9,52,1,记住该记住的，忘记该忘记的、改变能改变的，接受不能改变的_
761,0,用户9800503361239,0,2010,12,0,0,1930,0,_
762,0,拒 ！,0,415,8,0,0,423,0,_
763,0,@赵公子,233,60,64,25,27,522,1,没个性不签名_
764,0,隔壁妇女之友小周,41,341,45,2,2,27519,0,_
765,0,阿kimi,12,58,36,2,2,159,1,可惜没有如果_
766,0,刘茫茫,218,370,114,31,31,0,1,王炸_
767,0,今生可盼  余生可期,0,22,27,0,0,150,1,让一个人喜欢很难！_
768,0,CK,0,110,13,0,0,79,0,_
769,0,咚咚咚,0,245,26,0,0,485,0,_
770,0,幸福小女人,0,3447,40,0,0,8584,1,儿女双全_
771,0,好武艺,451,50,97,15,15,0,1,君子藏器于身，待时而动_
772,0,永恒♾,5455,706,479,127,251,0,1,冷如冰川，热如火焰。我若离去，后会无期。_
773,0,雪落成殇,0,54,2,0,0,83,0,_
774,0,骞,0,1191,26,0,0,1802,0,_
775,0,在人间凑数的日子,0,57,2,0,0,28,0,_
776,0,小鱼干,5986,832,1105,0,0,0,0,_
777,0,空帅,0,7,0,0,0,0,0,_
778,0,将心比心,141,1035,157,20,20,1064,1,两个人在一起，除了珍惜，更多的是迁就和包容_
779,0,佛爷,2,517,123,0,3,1350,0,_
780,0,H影视,143,6,0,4,4,6,0,_
781,0,清者～自清@,566,515,59,13,13,5873,1,有点意思_
782,0,巅峰小崽栽,3,483,25,0,1,222,0,_
783,0,DJT,39862,162,1807,86,86,44,1,拍车只是爱好不是职业_
784,0,迷失的初心,8,229,16,1,1,33,0,_
785,0,A.大佬,266,5,64,13,13,0,1,你行你叫大佬._
786,0,同舟共济,0,234,25,0,0,64,0,_
787,0,叶落╮似流年,41,154,41,0,0,0,0,_
788,0,昨天,29,273,11,0,0,0,0,_
789,0,用户5203256119154,0,1933,0,0,0,0,0,_
790,0,肨,0,36,7,2,2,854,0,_
791,0,平安考察,215,83,210,8,9,327,0,_
792,0,没有阴天的彩虹，不叫彩虹,29,182,70,5,5,516,0,_
793,0,夕阳,0,180,8,0,0,500,0,_
794,0,精神小伙KI,333,227,22,1,1,305,1,666_
795,0,可茶,0,61,6,0,0,1372,0,_
796,0,杨,29,241,109,0,1,450,0,_
797,0,蔡徐坤私人顾问,0,109,4,0,0,937,0,_
798,0,看空间,0,2,0,0,0,8,0,_
799,0,♓Z.Z.C♓,223,789,157,13,13,420,1,无论多么艰难的现在，终会翻篇。朝未来大步向前吧，别丧，别止步。_
800,0,用户3618845309896,0,1732,8,0,1,2043,0,_
801,0,哈哈大队长,94,2559,149,0,0,0,0,_
802,0,大同世界,559,79,27,4,4,0,0,_
803,0,卡卡KTV,0,16,1,0,0,4,0,_
804,0,略略略,27,41,29,8,9,4724,0,_
805,0,^ ^～,0,359,2,0,0,149,0,_
806,0,、逆光,53,135,29,5,77,12793,1,你若安好便是晴天。_
807,0,逗时你,165,184,34,47,47,2816,0,_
808,0,小丑,11,247,50,2,3,4127,0,_
809,0,领悟,0,57,46,0,0,429,1,事不三思终有败，人能百忍则无忧_
810,0,愿得一人心9746,0,79,0,0,0,43,0,_
811,0,你猜,11,338,30,6,6,192,1,你猜到我名字了吗？_
812,0,用户7708553128868,0,7,0,0,0,9,0,_
813,0,冰天冰轮丸,16,226,13,2,2,627,0,_
814,0,小丑,13,192,50,1,15,2099,0,_
815,0,念卿长安,1,24,3,1,3,0,0,_
816,0,呦呵,16,340,41,2,3,969,1,顺其自然吧_
817,0,冰冻拉菲,369,191,143,28,28,169,1,加油吧！大叔_
818,0,-何必执着。,45,18,19,10,10,213,0,_
819,0,小九,0,111,4,3,3,339,1,我坚信不优秀的我可以过好自己的人生_
820,0,❤娜姐纯手工❤,1210,1948,1509,89,101,5354,1,感谢关注，感谢支持🙏v ：ymn3221344_
821,0,用户6029898530081,0,1,0,0,0,1,0,_
822,0,、茶香,6,173,8,11,13,297,0,_
823,0,妞！給爺嚛壹個,138,226,77,7,7,19513,0,_
824,0,Pzx 159,88,23,47,6,7,127,0,_
825,0,小老刚,194,91,54,25,26,22295,0,_
826,0,真实,0,18,4,0,1,1,0,_
827,0,机车小强💨,0,3,36,0,0,0,1,记录生活❤_
828,0,含羞,992,10,240,71,71,798,1,谁能发现我的世界曾经有过你      的脸_
829,0,坤宝宝I,1,28,2,1,1,30,0,_
830,0,帅气的小哥哥。,0,107,8,0,0,385,0,_
831,0,世不遇你，生无可喜。,16,104,15,4,4,46,0,_
832,0,叫老公吖,0,58,5,0,0,987,0,_
833,0,谁注册了我的id,5,94,1,3,3,7327,0,_
834,0,从新开始,45,90,59,3,3,414,1,付出了不一定就有回报_
835,0,心情,0,51,0,0,1,161,0,_
836,0,噜啦啦,33,526,11,0,113,0,0,_
837,0,神经病有所好转,13,110,13,2,2,319,0,_
838,0,菊秀,23,85,18,3,3,277,0,_
839,0,天涯哥,126,272,41,31,32,271,1,vx:178057533_
840,0,蒙奇·D·路飞,0,606,13,0,0,0,0,_
841,0,…………,3,489,5,0,3,5781,0,_
842,0,幺鸡,11,557,60,2,2,0,0,_
843,0,W东■,20,746,31,2,2,2284,0,_
844,0,兴仁小陈,2113,457,575,54,54,6632,0,_
845,0,天涯浪子,0,2693,62,0,0,1463,0,_
846,0,心软是病,2,22,0,0,1,1452,0,_
847,0,南辞~,8,40,0,4,4,842,1,喜欢这个平台 爱作品@爱官方#_
848,0,你午睡了嘛,0,314,68,0,0,11369,0,_
849,0,周星星,22,163,76,3,16,1062,1,北区橱柜小王子_
850,0,武,0,106,5,0,0,260,0,_
851,0,自立更生,0,30,4,0,0,37,0,_
852,0,施扬卫,0,45,1,0,0,28,0,_
853,0,男嘉宾✨,34,87,8,1,1,1140,0,_
854,0,新会陈皮.（Huang）,67,10,122,10,10,0,0,_
855,0,达达,0,425,6,0,0,1188,0,_
856,0,用户2413741036730,0,379,1,0,0,149,0,_
857,0,清秋晓月天,0,63,2,0,0,82,0,_
858,0,谭利平,140,233,41,18,18,1428,0,_
859,0,用户5981048311660,0,21,0,0,0,73,0,_
860,0,拒丧,32,79,17,5,7,292,0,_
861,0,风雨°秒间的冷漠,0,212,12,0,0,2257,0,_
862,0,周先生,22,595,28,5,8,791,0,_
863,0,---,8817,244,2119,38,39,816,0,_
864,0,小褚,330,186,67,19,19,1742,0,_
865,0,廾匸,9,8,0,9,9,123,1,抖音已卸载_
866,0,我很好，不必牵挂🍃,9,614,51,1,9,11105,0,_
867,0,原来是阿西呀,42,8,15,5,5,192,0,_
868,0,原罪☆宿命,0,149,2,0,0,424,0,_
869,0,黑名单,2,31,4,1,1,297,0,_
870,0,丑人多作怪,602,595,93,78,98,3993,1,微信  zhu 1057849462_
871,0,独木,0,306,20,0,0,5352,0,_
872,0,用户1308694385750,0,41,6,0,0,65,0,_
873,0,♚,0,1395,4,0,0,17927,0,_
874,0,我家有个小神童,102100,56,732,20,21,937,0,_
875,0,Henry,18375,332,1002,33,39,0,1,谢谢你留下的小红心👏👏👏_
876,0,八极崩,3,249,8,1,1,200,0,_
877,0,传奇队长(传佬),37702,75,2294,130,139,10781,1,COC  4年玩家。CR     3年玩家。部落全部都是ZQ丶晓龙未见分部一月之内不更新_
878,0,战神,28,11,19,3,3,20,1,带上你的微笑 面对人生的不期而遇_
879,0,浚,17,1658,27,3,3,1536,0,_
880,0,泡🐷的老虎,0,38,17,0,0,38,0,_
881,0,梓峰,0,186,8,0,0,0,0,_
882,0,用户5779674288458,0,82,1,0,0,59,0,_
883,0,凯特斯巴达克,102,1790,32,0,0,0,0,_
884,0,ァ蕞后菂jц漓ヤ,117,434,88,0,0,0,0,_
885,0,做个俗人,238,544,108,25,25,453,1,做个俗人，贪财好色，_
886,0,calvin65,0,210,3,0,0,838,0,_
887,0,Jason_pro Blinds,7275,1388,651,80,80,97,0,_
888,0,北城相拥,3,718,56,1,1,5087,0,_
889,0,用户9798440898529,0,58,3,0,0,69,0,_
890,0,望美止渴,482,495,331,14,14,6394,0,_
891,0,不一样的天空,0,36,6,0,0,44,0,_
892,0,两吖妈,0,79,17,0,0,0,1,减肥的道路阻碍那么多………_
893,0,闪电猫,0,8,0,0,0,5,0,_
894,0,浪里个浪,0,49,36,0,0,248,0,_
895,0,山东交职,83,275,25,32,266,0,1,做一个精致的小男孩，从今以后不爱吃糖，只爱喝酒_
896,0,娃,0,835,5,0,0,26251,0,_
897,0,爱是足矣的,2,282,16,0,0,0,0,_
898,0,柠檬不酸,34,81,16,8,8,265,1,做最好的自己       做最努力的自己💪💪💪喜欢看电视，喜欢剪辑新手刚刚开始，每天会不定时的更新_
899,0,斗战胜佛毛不多～,0,261,6,0,0,9827,0,_
900,0,司天,0,12,1,0,0,38,0,_
901,0,可心可人,52,49,14,3,4,69,0,_
902,0,奋斗,51,143,59,9,11,981,1,敬往事一杯酒，再爱也不回头_
903,0,用户2681639866089,0,383,4,0,0,1335,0,_
904,0,灰太狼(๑• . •๑),36,277,47,7,7,415,1,终于明白生命中最贵的三个字“靠自己”_
905,0,预谋,124,187,322,8,17,542,1,女人基本干不过男人的前任!男人基本上干不过女人的现任!_
906,0,陈十一,28,238,24,11,11,293,0,_
907,0,小雨！！！！,4,619,67,0,2,1271,0,_
908,0,*^梦羽@逸^*,0,7,12,0,0,0,0,_
909,0,用户7252569606044,2,151,8,1,1,522,0,_
910,0,快乐，成长,0,377,3,1,1,733,0,_
911,0,凉风.,0,414,21,0,0,12156,0,_
912,0,XYX,0,368,1,0,0,4017,0,_
913,0,遗憾。,0,316,27,0,0,21214,0,_
914,0,入夏,7,151,19,5,5,189,0,_
915,0,怀念灬小苗,38,461,97,10,10,1184,0,_
916,0,M@千里冰封@J,0,269,18,0,0,4203,0,_
917,0,用户6866146039343,0,106,3,0,0,240,0,_
918,0,真,2,27,7,1,1,0,1,翻过这座山，他们就会听到你的故事一个正在努力变强的男孩子_
919,0,。。🏀,0,229,6,0,0,60,0,_
920,0,婀娜,8,252,4,2,2,9901,0,_
921,0,用户7621572271787,0,15,0,0,0,81,0,_
922,0,沙漠猎鹰,15,49,14,2,2,5,0,_
923,0,红日＂ Ｌ Ｍ＂,12,148,57,2,2,3278,0,_
924,0,君皇,0,2,0,0,0,1,0,_
925,0,初♡恋,1,4958,12,0,1,16888,0,_
926,0,月亮,5,122,3,0,1,1212,0,_
927,0,尼二大爷,0,2,18,0,0,7,0,_
928,0,安然,1999,248,131,19,24,8801,0,_
929,0,抖音最帅靓仔,126,2,57,6,6,143,0,_
930,0,渔渔渔,0,92,2,0,0,252,0,_
931,0,💪LengOu250💤,0,99,6215,0,0,0,0,_
932,0,👑👑👑凸,0,144,5,0,0,177,0,_
933,0,爱的越深_伤的越深,6,81,13,2,2,52,0,_
934,0,-Tiger,60,717,110,3,3,2056,0,_
935,0,噜啦啦噜啦啦,52,3157,67,7,7,7583,1,有目的的忙碌就能实现目标_
936,0,小七娃,80,54,6,8,8,0,1,qq  3056113425总会遇见对的人 慢慢等 🧸_
937,0,年轮,0,273,1,0,0,79,0,_
938,0,恒,0,2449,182,0,0,7103,0,_
939,0,今天也该成熟了,6,133,20,1,2,1740,0,_
940,0,21,75,32,69,8,8,960,0,_
941,0,萌酱の小可爱＠,704,16,50,31,31,0,0,_
942,0,157****2562,0,29,0,0,0,39,0,_
943,0,曦岁,0,4,4,0,0,27,0,_
944,0,沉默是金,43,543,72,2,2,887,0,_
945,0,bb153369,0,72,1,0,0,7,0,_
946,0,凉城旧梦,0,388,85,0,0,6161,0,_
947,0,,3,274,13,2,2,949,0,_
948,0,殊荣,0,111,3,0,0,248,0,_
949,0,祎,0,680,40,0,0,62037,0,_
950,0,用户2902311885633,0,67,2,0,0,75,0,_
951,0,用户4194075598117,4,53,2,3,3,374,0,_
952,0,丽香,2004,230,500,55,59,1612,1,如果时光可以倒流，我会选择不认识你。_
953,0,大大伊大大，文章控,17,843,99,2,2,4311,0,_
954,0,清风,305,43,144,35,57,54,1,时间会证明我_
955,0,用户jackgan,11,376,6,0,0,0,0,_
956,0,哎,0,1211,20,0,0,0,0,_
957,0,我的视角,0,713,0,0,0,0,0,_
958,0,Amour╮,2,398,24,0,0,0,0,_
959,0,九亿少女的梦,134,220,35,18,18,3200,0,_
960,0,biu,9,230,34,3,3,1202,1,浑浑噩噩的_
961,0,龍引豪,0,191,35,0,0,911,0,_
962,0,AloNe,24,751,19,2,3,17394,1,快好起来了_
963,0,小百两,14,187,13,12,13,1940,0,_
964,0,用户748725,12,44,11,10,10,148,0,_
965,0,奕如往昔,60,387,53,6,6,850,0,_
966,0,光头强,0,148,40,0,0,10607,0,_
967,0,徐来,64,82,19,11,11,78,0,_
968,0,MTSu,0,47,17,0,0,1923,1,累，累就对了，舒服是留给死人的_
969,0,耳东,0,33,5,0,0,122,0,_
970,0,孝忠仁义爷们顶天立地,359,423,77,23,23,873,0,_
971,0,浮生,2398,854,370,102,103,1958,1,既来之，则安之_
972,0,陈黎    EO,0,1463,25,0,0,5324,0,_
973,0,Bill,34,234,66,6,9,178,0,_
974,0,白阳,51,188,9,4,20,6033,0,_
975,0,九亿少女的心,2,10,3,1,1,48,0,_
976,0,发个哈哈,0,397,0,1,1,182,0,_
977,0,吃藕丑↗,980,103,176,57,57,242,1,得不到的东西就别要  适合而止比什么都好！_
978,0,菲菲悦,8,63,7,4,4,3,0,_
979,0,小琴o,1,221,4,0,0,67,0,_
980,0,小哥哥,8,204,43,6,6,528,0,_
981,0,用户993951872661,0,16,2,0,0,64,0,_
982,0,鲸̶落̶♡̶,0,1881,25,0,0,13822,0,_
983,0,@达.,0,27,3,0,0,191,0,_
984,0,惊蛰,0,100,15,0,0,9969,0,_
985,0,林心.,25,83,36,3,3,477,1,我怕再见你时，心中已经无我..._
986,0,AOV-神一刀,0,7,1,0,0,21,0,_
987,0,逝水流年轻染尘 、,0,39,8,0,0,55,0,_
988,0,诗和远方,163,195,6,0,127,1342,0,_
989,0,冬阳漠风,0,5001,116,0,0,0,0,_
990,0,凡事不要慌,0,3,0,0,0,0,0,_
991,0,YY李,5,343,15,1,1,6365,0,_
992,0,🙈关了灯才能拥有梦,7,412,59,1,8,2304,1,😁😂_
993,0,某某某,0,5000,15,0,0,12620,0,_
994,0,Harry,0,213,19,0,0,1579,0,_
995,0,　,0,84,4,0,0,7738,0,_
996,0,陈俊龙,90,57,16,13,13,128,0,_
997,0,老铁1,6,81,22,0,0,309,0,_
998,0,羊羊🐏,0,144,1,0,0,3,0,_
999,0,kikyo,0,11,8,0,0,356,0,_
1000,0,jennfei,0,14,19,0,1,106,1,前程似锦_
1001,0,陈铖,2,565,36,1,1,1,0,_
1002,0,天长地久99,9,16,30,1,3,12107,1,长久活一生_
1003,0,行星,2,127,20,0,1,2042,0,_
1004,0,阿里•BaBa,522,327,132,15,16,667,1,天行健 君子以自强不息 地势坤 君子以厚德载物_
1005,0,嗨！黄黄,0,197,75,0,0,198,0,_
1006,0,田苞米,211,190,33,68,69,714,0,_
1007,0,1129712488,0,129,5,0,0,56,0,_
1008,0,全能选手陛仠,21,12,14,9,9,171,1,立志打出所有英雄极限操作_
1009,0,用户552735436391,0,330,8,0,0,53923,0,_
1010,0,慕言哥哥,6,491,10,4,4,416,0,_
1011,0,平淡是福,21,59,19,8,10,203,1,你若安好，便是晴天。_
1012,0,梦翔成真,563,1022,538,16,17,174,1,加油吧！人生！啥都不说了……✊✊✊✊_
1013,0,当初非常棒,1,229,7,0,2,2244,0,_
1014,0,ER,0,688,48,0,0,7749,0,_
1015,0,奇葩妹,45,75,23,5,5,844,0,_
1016,0,怂颂,0,135,14,0,0,424,0,_
1017,0,手机用户52743768116,68,986,105,10,11,9671,0,_
1018,0,躉瞴旳亻呏,0,161,1,0,0,0,0,_
1019,0,王小垅,7,362,15,0,0,0,0,_
1020,0,小阿雨☔️,172,159,85,17,18,435,0,_
1021,0,hh,0,4,1,0,0,222,0,_
1022,0,邪恶的小丑吗,0,203,1,0,0,1411,1,牛批。_
1023,0,粉B,0,4992,27,0,0,12530,0,_
1024,0,爱的边缘,0,361,8,0,0,256,0,_
1025,0,啊勇,0,148,7,0,0,1207,0,_
1026,0,难,0,368,1,0,0,256,0,_
1027,0,小样儿,0,6,5,0,0,119,0,_
1028,0,古月哥,66,55,71,3,4,640,0,_
1029,0,无语问苍生,0,57,1,0,0,209,0,_
1030,0,臻魂籽玉,6,585,4,22,22,12818,1,免费鉴宝ˆ😊ˆ_
1031,0,々凤留 ＆誕心,1,72,6,2,2,231,0,_
1032,0,张友卫,82,237,83,9,9,638,0,_
1033,0,在她乡丶,0,44,1,0,1,30,0,_
1034,0,为爱执着,0,36,14,0,0,119,0,_
1035,0,用户2462681955372,0,69,2,0,0,0,0,_
1036,0,老糊涂,0,66,5,0,0,0,0,_
1037,0,yoyo,0,261,11,0,0,13410,0,_
1038,0,王泽轶,0,911,24,0,0,2102,0,_
1039,0,海王哥哥,10,574,7,0,0,0,0,_
1040,0,冰哥哥,39,83,27,5,5,406,1,抖音记录美好生活_
1041,0,瞌睡猪,0,1764,43,0,0,0,0,_
1042,0,小陈的朋友圈😈,432,41,68,30,30,1175,0,_
1043,0,༺ཌༀཉི飛༒飛༃ༀད༻,21,532,62,1,1,12363,0,_
1044,0,北海有鲸,2,1209,25,0,4,0,1,我该说什么呢_
1045,0,青春无悔,12,125,50,1,1,1566,0,_
1046,0,你发栽,0,170,14,0,0,0,0,_
1047,0,此生唯爱(⑉°з°)-♡,0,3,6,0,0,1,0,_
1048,0,街猫,4,36,2,4,4,217,0,_
1049,0,航航航,0,27,4,0,0,163,0,_
1050,0,1755756695,2,219,20,1,1,17427,0,_
1051,0,16995379584765,0,104,14,0,0,27,1,。_
1052,0,手机用户58133338696,0,81,7,0,0,0,0,_
1053,0,水乐园,4176,59,104,9,9,69,1,放弃等失败！_
1054,0,温柔阳,0,168,11,0,0,1209,0,_
1055,0,cherk,0,2,0,0,0,185,0,_
1056,0,微微一笑_19983,5,278,4,2,2,942,0,_
1057,0,乖乖隆地咚,0,32,6,0,0,45,0,_
1058,0,伟大的渺小,1,493,42,1,1,2944,0,_
1059,0,liang,371,3494,205,23,23,43169,0,_
1060,0,九命,0,757,35,0,1,21351,0,_
1061,0,想你🖤,94,156,59,10,10,1324,1,嗯，好啊_
1062,0,宝儿姐,0,129,0,0,0,10,0,_
1063,0,圆O(∩_∩)O圆,596,86,68,42,42,1573,0,_
1064,0,_248754629,5,289,10,1,1,6889,0,_
1065,0,红尘的小粉丝,10,140,2,2,2,212,0,_
1066,0,用户108922103,0,50,0,0,0,8,0,_
1067,0,阝东.,0,402,3,0,0,1342,0,_
1068,0,狼越Lang Yue,1220,356,275,111,116,352,1,简单快乐就是生活_
1069,0,陈大宝,5,3208,23,2,2,6375,0,_
1070,0,鎂好,426,791,116,56,56,2933,1,音小游戏。_
1071,0,初栀,0,122,1,0,0,84,0,_
1072,0,杜康多养人,0,640,5,0,0,0,0,_
1073,0,莪术油,1,16,3,2,2,16,0,_
1074,0,天祥核桃,324,448,515,10,10,881,0,_
1075,0,........,0,2047,19,0,0,0,0,_
1076,0,some,0,74,20,0,0,1006,0,_
1077,0,九离。,0,156,5,0,0,499,0,_
1078,0,大星网络,927,470,336,18,23,914,1,感谢抖音，感谢平台😘爱生活，爱逗逼🤪_
1079,0,@,0,105,3,0,0,104,0,_
1080,0,你好骚年,0,403,5,1,1,18,0,_
1081,0,手机用户75507475217,0,46,7,0,1,411,0,_
1082,0,浩南3360,0,74,0,0,0,279,0,_
1083,0,俗人.,0,47,6,0,0,27,0,_
1084,0,用户459721983870,0,66,6,0,0,10754,0,_
1085,0,自欺,0,58,2,0,0,46,0,_
1086,0,不二熊,50090,702,1011,53,243,9691,0,_
1087,0,富,0,71,1,0,0,0,0,_
1088,0,南,176,2510,173,43,45,1843,1,wx524176183_
1089,0,苍天有井自会空,0,27,5,0,0,59,0,_
1090,0,对三要不起。,14,90,31,2,2,3099,0,_
1091,0,诚泰通讯,13,195,16,2,2,902,0,_
1092,0,BabA,9,592,88,2,2,1065,1,孤独患者_
1093,0,新*世*界,20,28,10,3,3,323,0,_
1094,0,用户7950428396394,0,156,1,0,0,790,0,_
1095,0,🙏人弗缘🙏,281,565,71,65,65,905,1,遇到你是我的缘……让我遇到对的那个你🙏🙏🙏🙏🙏🙏有亲们真好🙏🙏🙏🙏🙏🙏_
1096,0,曾经思维混乱,18,241,6,4,5,251,1,曾经思维混乱..._
1097,0,一个过客,0,67,13,0,0,554,0,_
1098,0,Blue,57,693,79,3,3,796,1,互点互赞，有粉必回。_
1099,0,用户2786687731722,0,32,0,0,0,180,0,_
1100,0,古童鲸,59,2494,112,9,9,3704,0,_
1101,0,，，,0,13,3,0,0,167,0,_
1102,0,霖哥不酷,1113,772,219,92,117,0,1,丫头 别怕有爷在  站在爷身后 你就是爷的人了  往后余生就由霖爷来 保护你 守护你。本人很懒不喜剪辑🤔_
1103,0, 蓝星,0,389,60,0,0,281,1,择一城终老，遇一人白首!予一己真心，盼一生偕老!_
1104,0,小学生（已黑化）,0,77,18,0,0,260,0,_
1105,0,柠檬先生,60,66,27,11,13,779,0,_
1106,0,用户4117412437259,0,118,3,0,0,299,0,_
1107,0,清浪,299,91,86,18,18,287,1,我会一直朝着太阳的方向前行！_
1108,0,此刻,19,232,20,3,3,5526,1,一个平凡的00年男孩_
1109,0,香瓶,1,435,5,0,0,2525,0,_
1110,0,你好,0,394,19,0,1,1135,0,_
1111,0,Casper,3,223,14,2,2,40,0,_
1112,0,一生,0,298,22,0,0,0,0,_
1113,0,呈上二十,0,281,12,0,0,1723,0,_
1114,0,用户9774002314355,0,88,2,0,0,2396,0,_
1115,0,快快乐乐一辈子。,579,120,35,47,49,480,1,快快乐乐一辈子。_
1116,0,A财富人生💯权威认证,5,113,37,3,4,82,0,_
1117,0,忆苦,0,7,0,0,0,26,0,_
1118,0,∫鄭＄訕~仔~,0,2016,16,0,1,125,0,_
1119,0,硕,43,64,13,5,5,150,0,_
1120,0,丶,0,1685,5,0,0,13392,0,_
1121,0,安于此生,147,368,94,16,16,737,1,不断的开采，接收涌泉浪舞的新思，将风面的才情熬成洒脱的汤头。_
1122,0,.,0,104,7,0,0,5,0,_
1123,0,奇妙能力,0,6,4,0,0,36,0,_
1124,0,少女怪物。（掉粉中）,131,2845,139,30,30,0,0,_
1125,0,亚当,0,285,46,0,0,5238,0,_
1126,0,琳峰,97,686,59,5,5,697,1,养殖黄牛，出售炎陵黄桃，茶油等地方特产_
1127,0,无趣,13,92,20,0,0,5570,0,_
1128,0,赵可爱995,513,785,86,62,78,2490,0,_
1129,0,用户1749839448773,0,8,3,0,0,4,0,_
1130,0,晨风,6,26,4,1,1,18,0,_
1131,0,军哥哥,37,147,13,13,15,391,0,_
1132,0,赚钱养🐷,0,287,23,0,3,0,0,_
1133,0,董小姐♛天秤女,86,528,595,3,3,0,1,转身就是一辈子_
1134,0,枫少,5287,569,2302,59,59,0,1,铁打的伙子不锈钢的心_
1135,0,哥！百毒不侵！,3,439,23,2,2,1896,0,_
1136,0,李家菇凉,2555,362,130,170,170,0,1,年龄总是如期而来，忧愁总是不请自来！_
1137,0,用户9391130833795,0,126,0,0,0,281,0,_
1138,0,大囍,5,282,44,0,0,0,0,_
1139,0,只有霸道的人才能征服世界,28,642,30,4,5,1946,1,根本不相信爱情_
1140,0,逆苍天,0,199,32,0,0,135,0,_
1141,0,也许,70,85,70,3,3,356,0,_
1142,0,名刀·司命,0,1614,16,0,0,4174,0,_
1143,0,四少（最强AK）,8,1919,9,7,7,17106,0,_
1144,0,恒星,0,25,0,0,0,555,0,_
1145,0,牛奶,37,70,5,0,0,0,0,_
1146,0,旧宇,21,47,17,3,3,568,1,晚上总是习惯想太多，大概是夜色太浓思念太重🎈_
1147,0,酔酒仙,13,15,11,4,8,611,0,_
1148,0,苦中求乐,0,1155,79,0,0,5803,0,_
1149,0,💋钦猊,0,1010,52,0,0,90870,0,_
1150,0,miss you,26,384,160,0,0,0,0,_
1151,0,成成儿,66,23,31,11,11,207,1,紀錄生活記錄你  紀錄今生與過往  我把自己時刻放在第二   第一個我［影子］害怕黑暗容易迷失  忘了自我  光明才使我唯一找到一點残存感  我喜欢黑暗将永远保持一种神秘感_
1152,0,꧁冷月醉夕阳꧂,0,178,4,0,0,44622,0,_
1153,0,浅笑,0,34,9,0,0,9079,0,_
1154,0,古今如梦,0,2610,51,0,0,7542,1,人无完人，不想努力就算了，活好自己就够了，不用在意别人眼中的你，反正……我们总会遇到那个合适的人_
1155,0,每日观影,0,4,8,0,0,12,1,剪辑各种精彩内容分享给大家有好内容想要分享请私信我目前正在剪辑碧蓝之海_
1156,0,心悔☆善与恶,0,163,0,5,5,655,0,_
1157,0,玉玺,6,4,9,2,2,4,1,2020-5-4入住抖音，多多关照_
1158,0,高强度钢结构螺丝厂,294,647,1015,20,24,287,1,买螺丝加微信15230044468_
1159,0,美粒枝,0,48,21,0,0,116,0,_
1160,0,吾悟,333,297,210,13,13,1321,1,时光易老_
1161,0,(-_^),126,203,63,9,9,291,0,_
1162,0,用户4411071334141,0,13,0,0,0,0,0,_
1163,0,ოර⌄රოཤ尴尬,0,115,5,0,0,194,0,_
1164,0,用户998494663153,11,195,19,2,2,133,0,_
1165,0,执念,0,27,4,0,0,14,0,_
1166,0,王者归来,0,105,46,0,0,328,0,_
1167,0,一朵食人花,16029,663,343,8,8,0,1,扛不住了，来点赞啊_
1168,0,赖胖子,0,79,1,0,0,42,0,_
1169,0,穷极一生到不了的天堂,1,573,2,2,2,529,1,听人听曲，听曲听心_
1170,0,王天友,272,798,308,4,4,1000,0,_
1171,0,冰,613,240,65,47,58,26569,0,_
1172,0,LL,71,2,79,19,20,10865,1,每个人都应该有梦想，即便你无法去实现_
1173,0,尧,11,2155,36,1,1,18470,0,_
1174,0,弑神,0,38,10,0,0,0,0,_
1175,0,洒脱,0,274,8,0,0,720,0,_
1176,0,用户1737534283433,0,3404,8,0,0,5285,0,_
1177,0,生活,0,239,22,0,0,1711,0,_
1178,0,哈死给,0,192,31,0,0,9727,0,_
1179,0,Weng、S,0,54,41,0,0,2942,0,_
1180,0,恬妈,31,564,27,3,3,158,0,_
1181,0,快乐的王子520,44,306,21,14,14,3665,0,_
1182,0,小东家,478,1231,222,121,121,23358,1,出的厅堂，下的厨房，还能骗得小姑凉_
1183,0,淮安,0,938,10,0,0,6460,0,_
1184,0,69,0,317,12,0,0,2895,0,_
1185,0,叕虉㵘焱鲰龖龘龖龘龖龘龖龘龖龘龖龘龖龘龖,0,292,1,4,4,530,0,_
1186,0,时光倒流,0,69,0,0,0,115,0,_
1187,0,用户7400997958131,0,4944,94,0,0,6237,0,_
1188,0,用户2307148018236,1,79,0,2,2,179,0,_
1189,0,芯儿,1222,33,48,95,95,633,1,幸福快乐💃💃👩❤️👩啦啦啦_
1190,0,小不了,194386,23,19158,19,19,210,1,感谢官方💗爱抖音💗爱剪辑💗爱生活💗_
1191,0,¿¿¿¿¿,0,69,1,0,0,314,0,_
1192,0,用户8403850510800,0,461,2,0,0,574,0,_
1193,0,星空⭐,47,1023,103,8,10,5431,0,_
1194,0,--,0,39,20,0,0,149,0,_
1195,0,被爱的我👼(生日11月6日),2968,4254,243,649,655,50596,1,不喜欢，请别伤害_
1196,0,墨墨兰,2,2664,7,9,9,1966,0,_
1197,0,哈哈哈哈好好笑啊这个电话好好笑啊,1215,4559,98,845,845,46825,1,淼∵贱，在不行_
1198,0,用户6279159503942,0,112,10,0,0,73,0,_
1199,0,孤独成瘾,0,344,23,0,0,0,0,_
1200,0,深爱宇,693,340,154,17,21,0,0,_
1201,0,小涛,0,57,2,0,0,579,0,_
1202,0,杨妹妹的咩咩💃,6,613,28,0,1,52882,1,香香香香香香香香○|￣|__
1203,0,嘿嘿,0,77,0,0,0,0,0,_
1204,0,梦醒了,0,3259,3,0,0,24645,0,_
1205,0,用户3814785301041,0,47,10,0,0,781,0,_
1206,0,阳光温暖,0,57,0,0,0,3,0,_
1207,0,酸奶的日常,9,46,5,1,1,65,0,_
1208,0,RONE3,19,144,16,4,4,3085,0,_
1209,0,六许,0,506,14,0,0,0,0,_
1210,0,用户2215071731453,0,84,3,0,0,313,0,_
1211,0,Crush.,0,505,39,0,0,0,0,_
1212,0,5518,0,59,6,0,0,96,0,_
1213,0,胜,146,261,26,16,16,68,0,_
1214,0,萘何,0,54,0,0,0,559,0,_
1215,0,爱你的小可受^ω^,0,489,1,0,0,27,0,_
1216,0,忆梦✨.夏小兮,20,518,86,4,4,1223,1,…_
1217,0,用户3861660554717,0,292,9,0,0,13280,1,个不刚刚他了%他5不啧啧啧影响不好。分4%给v太尴尬滚滚滚滚滚滚v刚刚5我刚刚和哥哥%$5风风光光广告费找半天必须的必避风有塘好听g给过咋咋跟那边。的OK绷候_
1218,0,俊宇,1176,52,211,0,0,0,0,_
1219,0,六点半豆奶,30,75,10,6,6,24,0,_
1220,0,小苹果,7,1261,19,4,4,6804,0,_
1221,0,熊,0,9,1,0,0,10,0,_
1222,0,长毛脚杆有脚气,71,409,36,0,0,0,0,_
1223,0,用户2256908740926,0,510,32,0,0,0,0,_
1224,0,用户5006302684487,0,4,1,0,0,20,0,_
1225,0,八神庵,0,68,1,0,0,2526,0,_
1226,0,阿波,73,87,20,13,13,1031,0,_
1227,0,阿梓,33,537,15,4,6,2805,1,死生契阔，与子成说_
1228,0,锋锋,27,155,52,5,5,1146,0,_
1229,0,用户8879835964019善念,0,164,13,0,0,373,0,_
1230,0,柳小主,21301,4079,1059,625,661,5236,1,广西南宁龙胤花园别墅营销中心0771--5680888平时工作比较忙，私信经常没时间看和回，有事直接在抖音上留言吧，不好意思啦🍵用空杯心态走完人生该走的路，不随波逐流。_
1231,0,HCY🐠,226,3524,334,55,55,1413,0,_
1232,0,小熊爱吃雪糕,0,150,25,0,0,48,1,好好生活 慢慢相遇_
1233,0,用户2421876885477,0,6,2,0,0,2,0,_
1234,0,璐怡薇朗,3380,1292,243,276,278,4254,1,不念过去……不惧未來……_
1235,0,李,11,18,21,1,1,168,0,_
1236,0,用户1314我想你,960,2689,572,60,60,4344,1,小飞哥_
1237,0,是林夕啊,2,652,19,0,5,998,0,_
1238,0,风影柳絮,1812,1509,103,181,197,8517,1,过好自己的生活，别人爱怎么说怎么说_
1239,0,青海旅游攻略,497,245,143,17,17,1272,1,旅游包车 拼车 主营：青甘 青藏  川藏  川西线 VX:15110915484_
1240,0,松鼠果果,0,570,38,0,0,289,0,_
1241,0,卡车司机洪爺,30,369,29,12,14,210,0,_
1242,0,残月.蓝梦（新名字的新开始）,5045,1383,356,299,299,0,1,粉丝过400带粉玩生存粉丝过500抽粉丝送模组mc蓝某人是个直男和平精英名字微信山羊亚伦3QQ抖音蓝某人王者荣耀名字抖音蓝某人1微信区_
1243,0,空白的记忆,0,163,17,1,1,91,0,_
1244,0,用户9305113542522,0,4443,13,0,0,11465,0,_
1245,0,꧁星河ꦿ℘゜,0,197,5,0,0,171,1,额…_
1246,0,狗,15,88,4,0,41,717,1,我爱你_
1247,0,好久不见,10,169,29,1,1,184,1,严于律人，宽以待己。_
1248,0,Stray,0,1803,4,0,0,0,0,_
1249,0,SKY Ni,18,1715,49,5,9,2121,0,_
1250,0,要的不多，慬我就好,1780,317,145,86,86,1062,1,简单_
1251,0,用户8851261749527,1,17,6,1,1,45,0,_
1252,0,优居房产小沈,61,16,13,15,15,65,1,为您找到满意的家电话18151233383长期期待有共同梦想的小伙伴加入我们一起奋斗_
1253,0,春天来了在那里,324,207,55,23,27,2547,0,_
1254,0,Reverse溯曦,30,137,86,6,6,0,0,_
1255,0,晓学生铁粉,3,287,1,6,8,0,0,_
1256,0,初夏～,0,51,1,0,0,126,0,_
1257,0,平安是福,19,100,62,9,15,279,0,_
1258,0,苏三个v,2,173,9,1,1,187,0,_
1259,0,用户4623979093776,0,2381,58,0,1,6546,0,_
1260,0,莫名,76,267,45,7,8,426,0,_
1261,0,千变万化,0,69,0,0,0,514,0,_
1262,0,明辉,7,140,10,1,1,1870,0,_
1263,0,雪夜梅竹,26,19,24,2,2,267,0,_
1264,0,克你,0,97,21,0,0,1351,1,日出东海落西山 愁也一天 喜也一天 做事不钻牛角尖 人也舒坦 心也舒坦。_
1265,0,爱你一生,0,353,29,0,0,2012,0,_
1266,0,MO莫,0,182,2,0,0,1,0,_
1267,0,矜持,15,563,21,1,1,1761,1,，_
1268,0,安志栩,2,1388,14,1,1,5458,0,_
1269,0,白茶wangled对不起,666,154,58,22,22,2243,0,_
1270,0,爱着大脸猫,11,88,8,2,2,69,0,_
1271,0,手机用户5960071625,197,126,22,7,8,496,0,_
1272,0,酷！啊涛,0,165,8,0,0,969,0,_
1273,0,一火,10,365,50,3,4,87,0,_
1274,0,Liquor.,4318,752,127,18,18,4589,0,_
1275,0,That person,0,49,1,0,0,293,0,_
1276,0,亻可,490,25,52,37,37,1255,0,_
1277,0,殇之木乃伊,0,21,1,0,0,28,1,我以为你从来不会选我呢…_
1278,0,无法,29,58,9,23,23,252,0,_
1279,0,冰心絕戀,0,17,2,0,0,22,0,_
1280,0,Q77,11,594,12,0,0,0,0,_
1281,0,向北关的窗,978,118,73,149,159,0,1,哈喽，我是谷爸，尽可能每天一录，记录我们和谷嘟的点滴，孩子长得太快，我怕我记不住谷嘟小时候的样子。谷妈说，以后整理好，送给儿子当做结婚礼物也挺好。_
1282,0,啦啦,0,58,7,0,0,493,0,_
1283,0,赵家二少,45,78,46,9,9,865,0,_
1284,0,Kevin哥,195,105,23,34,34,56,1,怎样才有粉丝有关注有评论？_
1285,0,幸福加油站,0,37,9,0,0,318,0,_
1286,0,6665883,339,243,28,43,43,3732,0,_
1287,0,灰色格调,0,904,13,0,1,16302,1,再见_
1288,0,430.4w人,1,74,21,0,0,0,1,有些人光是遇到就已经是赚了_
1289,0,草莓奶昔😊,161,2800,91,33,33,16155,1,只做最好的自己😊_
1290,0,南充市大象机电,1076,3026,153,42,42,5004,1,最美不过坠落的烟花_
1291,0,嘉雯,373,459,56,164,164,4897,1,嘉雯_
1292,0,用户8333499427407,0,14,0,0,0,18,0,_
1293,0,小啊飞,0,185,4,0,0,321,1,今年夏天又40度_
1294,0,用户3901992921236,18,2611,12,6,6,4033,0,_
1295,0,Amir,0,13,8,0,0,29,1,吃饱了没？_
1296,0,翟嘉浩,5,171,3,2,2,656,0,_
1297,0,多喝岩浆,10,337,22,11,11,0,1,嗯_
1298,0,L淳%C梅,1165,1266,108,95,95,5123,0,_
1299,0,挚ღ,140,30,2508,1,1,98,0,_
1300,0,用户94862585113,0,17,4,0,0,35,0,_
1301,0,CKE榴莲解说,220,715,54,56,59,948,1,我的世界/滚动的天空100粉丝空手挖基岩❌1000粉丝表演空手打电脑❌                  🟩🟩🟩🟩🟩🟩🟩                  🟩⬛️⬛️🟩⬛️⬛️🟩                  🟩⬛️⬛️🟩⬛️⬛️🟩                  🟩🟩🟩⬛️🟩🟩🟩                  🟩🟩⬛️🟩⬛️🟩🟩                  🟩🟩🟩🟩🟩🟩🟩_
1302,0,乐,2,152,8,4,4,1400,0,_
1303,0,Mr.羅,117,1698,87,5,27,11625,0,_
1304,0,西南月甜,82,429,150,1,1,2922,1,妲己再美，终究是妖烟花再美，终究是灰纣王再坏，终究是王🙈🙈_
1305,0,渡枕,19,117,13,3,4,696,0,_
1306,0,卑微低战崽,1593,127,289,9,9,1424,1,不定期更新！本人暗部！接投稿暗部周胜！（3元）周末打，周一到周五要上课！叫单加v❤A13450984683要背景自己去粉丝群里找！希望大家不要只点赞，也要点关注呀！_
1307,0,欧货俏家人,229,436,59,42,42,3822,0,_
1308,0,义,2,2303,18,1,1,21033,0,_
1309,0,蜜桃奶盖,0,489,5,0,0,1545,0,_
1310,0,大神,46,292,13,16,16,307,0,_
1311,0,虎牙丶易小寒,517,192,51,32,33,375,1,喜欢的点个小红心再走呗_
1312,0,小山山,1138,1655,480,37,45,0,1,愿得一人心，白首不分离_
1313,0,hxl,91,257,537,1,1,1233,0,_
1314,0,黑暗,0,178,1,0,0,225,0,_
1315,0,陪伴,336,353,372,25,32,970,1,不要恨侮辱你的人，他们看不起我，但是我要努力让他们看，_
1316,0,小武,71,22,24,6,6,117,1,诚信第一，信誉朋友，合作共赢_
1317,0,飞喷泉,6,146,12,4,5,12778,0,_
1318,0,寂寞，烟没了！,21,46,9,11,12,602,1,我想我懂你了，哎!_
1319,0,约瑟夫,0,181,27,0,0,311,0,_
1320,0,皮卡丘比特,17,706,16,26,33,1284,0,_
1321,0,聆空,163,215,88,6,6,8170,0,_
1322,0,已重置,0,327,3,0,0,224,0,_
1323,0,u,0,19,3,0,0,24,0,_
1324,0,福建省最后的单纯儿,20,1201,82,1,11,6254,1,余晖_
1325,0,骥,5,164,17,1,1,1134,0,_
1326,0,露敏静,37,202,4,16,16,439,0,_
1327,0,用户8659755419834,0,131,34,0,0,23362,0,_
1328,0,最（爱）库（里）,524,1613,127,0,0,0,0,_
1329,0,17383,0,625,31,0,0,1401,0,_
1330,0,阿九姑凉,2471,399,126,79,79,1625,1,🐄：97年的♎️🧍🏽‍♀️：168 滴个 🦋：可甜可酷  🌈：平平无奇的自拍小辣鸡_
1331,0,人酷，家富，1米74,172,295,102,24,88,2003,1,能再次遇到你，是我的幸运。_
1332,0,师哥电影,15,4,0,17,17,270,1,让优秀的电影电视给大家看。_
1333,0,用户2000736539817,0,342,4,0,0,1183,0,_
1334,0,般若.,8,102,17,2,4,21129,1,一生只够写一个故事℡_
1335,0,浅浅笑,614,139,70,31,31,703,0,_
1336,0,用户5136415754043,0,160,19,0,0,0,0,_
1337,0,一切皆有可能,4,35,3,2,2,90,0,_
1338,0,用户3535445719466,0,234,8,0,0,82,0,_
1339,0,用户9688703844466,0,10,0,0,0,88,0,_
1340,0,哦豁,0,174,0,0,0,1538,0,_
1341,0,用户5536712631560,0,117,12,0,0,1424,0,_
1342,0,坐在坟头调戏鬼,0,84,7,0,0,76,0,_
1343,0,心上狗😌,38,23,9,3,3,182,1,唯一vx：loveppf06_
1344,0,兰舍硅藻泥设计师~小王,7194,2719,356,27,29,1269,1,已有小可爱_
1345,0,★♛★,0,31,2,0,0,38,0,_
1346,0,信用,1,141,11,1,1,89,0,_
1347,0,熙熙,279,49,26,79,79,355,0,_
1348,0,隔山望海,1857,2,64,2,2,1594,1,🐠那么爱水    水却煮了🐠_
1349,0,你在哪呢,1,389,1,0,0,267,0,_
1350,0,ソ荒年.,0,749,57,0,0,5388,0,_
1351,0,桐姐不皮,5,134,3,1,1,1026,0,_
1352,0,A$ A$魔女🙈,4256,2,942,64,64,2246,0,_
1353,0,用户8430026863040,11,39,3,0,5,231,0,_
1354,0,漫步人生路……,17,741,71,0,0,0,0,_
1355,0,遥不可及,67,613,34,25,29,4093,0,_
1356,0,匆匆,0,65,15,0,0,231,0,_
1357,0,嗨,0,56,1,1,1,0,0,_
1358,0,修理工,59,369,97,9,26,1484,0,_
1359,0,柠小檬,251,2788,133,154,154,7709,1,迷你世界名字：可爱的女生真美                       迷你号：405577124🎉                                          我会宠粉丝哦，做我粉丝吗？🎉                          我开了两个拍戏的房间，一个叫《娘道》，一个叫《初恋》，想拍的私信哦，_
1360,0,憨,7,813,127,0,1,2611,1,神明说你很温柔_
1361,0,，空间里,12,80,9,6,6,46,0,_
1362,0,翱翔,5,138,7,1,1,0,0,_
1363,0,一气仙,3,28,0,2,2,77,0,_
1364,0,崔,113,644,21,14,15,1765,0,_
1365,0,用户4316321158872,0,33,0,0,0,121,0,_
1366,0,梦中人,172,233,49,25,28,53185,0,_
1367,0,库里,1,102,0,1,1,1229,0,_
1368,0,江沉晚吟时ㅤ,0,178,1,0,0,0,0,_
1369,0,why,0,326,34,0,0,0,0,_
1370,0,用户9273296268657,0,43,4,0,0,156,0,_
1371,0,用户9655800923009,9,104,9,3,3,579,0,_
1372,0,一个傻瓜,18,2408,78,0,0,0,0,_
1373,0,用户4404845183539,9,134,5,1,1,11,0,_
1374,0,我是你洪爸爸！,6,20,13,2,2,45,0,_
1375,0,七 · 七,49,323,12,0,0,22684,1,一个人的兵荒马乱_
1376,0,orc,0,511,31,0,0,49228,1,努力变成自己喜欢的那个自己_
1377,0,扛精(扛),0,572,8,0,0,291,0,_
1378,0,用户1440100970932,0,333,5,0,0,73,0,_
1379,0,王一心,13,207,84,1,1,0,0,_
1380,0,AAA 路逸汽修／小刘,0,1,21,0,0,43,0,_
1381,0,2337603109,30,30,2,0,0,1111,1,人的手掌就那么大，抓不住的东西很多！风雨人生路，你伴我一程，我念你一生。_
1382,0,爱你永不变,328,467,126,28,28,786,0,_
1383,0,😁,1,4161,21,0,0,40989,0,_
1384,0,休格,9,1025,33,0,0,0,0,_
1385,0,西平,477,193,47,105,106,591,0,_
1386,0,你的女孩,0,201,4,0,0,0,0,_
1387,0,豆子,164,1312,60,13,13,3601,1,疯疯癫癫就是我(｢･ω･)｢嘿_
1388,0,A I..  ..,0,58,9,0,1,334,0,_
1389,0,小鱼儿,7,386,6,8,8,698,0,_
1390,0,Agel、倾城(国服韩信),11,320,10,3,3,770,0,_
1391,0,真不懂怎么取名,0,1364,0,0,0,1027,0,_
1392,0,偏执,5,2081,37,1,1,8023,1,1761326132_
1393,0,用户6421216494555,13,51,17,6,6,34,0,_
1394,0,用户8522748219492,0,77,0,0,0,18,0,_
1395,0,刚才,0,81,1,0,0,485,0,_
1396,0,用户7868492903592,0,21,2,0,0,3,0,_
1397,0,魔法师小豆豆,3,4679,19,1,1,13095,0,_
1398,0,五指   苏宝,20146,2237,2065,325,326,21963,1,。_
1399,0,白衣青年,18,178,65,0,0,0,0,_
1400,0,用户6397563296134,0,239,2,0,0,351,0,_
1401,0,用户2500235993389,0,98,13,0,0,284,0,_
1402,0,总有刁民gank朕,0,57,1,0,0,45,0,_
1403,0,龙行天下,9,275,10,4,4,639,0,_
1404,0,冬日阳光,0,161,4,0,0,373,0,_
1405,0,晚风2019,0,14,6,0,0,76,0,_
1406,0, Heavy metal,0,93,21,0,0,4202,0,_
1407,0,跟着感觉走,490,686,230,42,42,196,0,_
1408,0,用户7165053512790,1,483,4,0,0,1823,0,_
1409,0,十三少,25,68,10,21,21,17,1,多一个朋友，多一条路_
1410,0,😃爱笑人,18,769,20,4,4,9274,0,_
1411,0,小虾米,402,168,89,51,51,518,0,_
1412,0,烨,0,30,31,0,0,156,0,_
1413,0,大哥家的白月光,0,1250,11,0,0,4780,0,_
1414,0,艾雪💃,3627,84,175,66,66,1428,1,不以物喜不以己悲。_
1415,0,浅笑心柔情^O^,0,306,4,0,0,1351,0,_
1416,0,用户4430575431306,0,681,11,0,0,129,0,_
1417,0,用户2142986089762,0,50,1,0,0,72,0,_
1418,0,💝💝🌸🌺🌹🍁💐👑💎💎,0,56,2,0,0,130,0,_
1419,0,懒咸鱼,26,144,19,23,23,383,1,"抖音不倒,陪MC 到老！_"
1420,0,啊精,0,621,2,0,0,2552,0,_
1421,0,小陈哥,30,257,31,4,8,336,0,_
1422,0,せそか写轮眼ひは,84,262,17,41,41,21906,0,_
1423,0,明弟弟,14,3504,156,5,7,8931,1,年:14，微和Q私聊。最高段位:星钻二现段位:星钻三_
1424,0,(´இ皿இ｀),0,2215,123,0,0,3839,0,_
1425,0,平凡不简单,1,2267,38,0,1,1002,0,_
1426,0,李益达,16,257,39,2,3,2620,0,_
1427,0,肖丁雨嘉(≧3≦),1794,210,213,101,113,331,1,不要在我需要你的时候离开我_
1428,0,随水冻,21,6,2,17,17,37,0,_
1429,0,承诺,6,823,11,1,1,1038,0,_
1430,0,@@,1625,177,183,13,13,2309,1,人生没有近路走，珍惜每一步，你走的每一路都算数_
1431,0,心碎了无痕,0,51,9,0,0,76,0,_
1432,0,我只是路过,0,117,82,0,0,280,0,_
1433,0,帅到没话说,17,13,8,4,4,217,1,酷酷的，爱浪的，像风一样的少年_
1434,0,小可爱,219,1368,143,11,13,7867,0,_
1435,0,廖烜华,0,43,187,0,0,60,0,_
1436,0,失约,29,3906,24,0,0,0,0,_
1437,0,杰,18,1922,51,4,4,2065,0,_
1438,0,沉默的寡言沉默的人,15,798,21,4,4,4363,0,_
1439,0,陌生人。,6,172,51,0,0,0,0,_
1440,0,用户663806,0,348,70,0,0,953,0,_
1441,0,Cristiano Ronaldo,38,419,6,19,19,28142,0,_
1442,0,新想事成,26,425,35,6,7,824,0,_
1443,0,我上海久洁,57,364,36,17,17,1330,1,据统计了就哭了_
1444,0,贱气,1103,19,1165,17,22,9658,0,_
1445,0,九离 .、,19,54,9,7,7,115,0,_
1446,0,8:8@…,0,29,6,0,0,203,0,_
1447,0,双瞳（寒）慕血寒,0,173,0,0,0,7927,0,_
1448,0,用户2859975415861,0,5,0,0,0,6,0,_
1449,0,💫星河🌊,0,3388,72,0,0,0,1,醉后不知天在水满船星梦压星河_
1450,0,用户6981223414741,0,71,4,0,0,6528,0,_
1451,0,用户5544596080486,599,29,52,68,68,726,0,_
1452,0,用户5522540878637,0,10,0,0,0,0,0,_
1453,0,黑界祖宗,28,3081,69,1,1,930,1,别对我甩脸子😒_
1454,0,๓°恰巧এ,158,170,43,31,31,0,1,长安尽头无故里    故里从此别长安._
1455,0,小菜菜,0,131,30,0,0,166,0,_
1456,0,用户6591941423633,0,219,8,0,0,47,0,_
1457,0,用户7810212879922,0,3,0,0,0,17,0,_
1458,0,用户8446766468791,0,460,0,0,0,0,0,_
1459,0,细雨燕双归,0,535,10,0,0,583,0,_
1460,0,8090,137,73,34,33,34,2334,1,8090_
1461,0,小猫吃鱼,0,56,4,0,0,52,0,_
1462,0,海王,5,399,31,1,1,2151,0,_
1463,0,天启,0,77,20,0,0,174,0,_
1464,0,用户2565930397697,97,159,36,9,9,128,0,_
1465,0,啥！,0,207,2,0,0,0,0,_
1466,0,刺头,3188,97,109,19,19,221,1,心中无爱 目中无人._
1467,0,低头的你请抬起头,53,235,25,9,9,477,0,_
1468,0,远赴人间惊红宴,0,402,13,0,0,4100,1,得來寂寞具體沒體力過敏_
1469,0,奕霏粑粑,1121,215,182,157,159,1179,1,与君同渡，达岸各自归，别后不知君远近，渐行渐远渐无书。_
1470,0,现实人生,291,23,56,49,49,538,1,人生万事别高兴得太早，得到的也有失去的.........._
1471,0,牛逼牛逼牛逼牛逼牛逼牛逼牛逼牛逼牛逼牛逼,51,945,14,15,15,1379,0,_
1472,0,妖孽白、づ Yoon A,0,315,2,0,0,373,0,_
1473,0,龙南家事雅洁家政,780,4525,679,88,91,561,0,_
1474,0,幸福快乐,22,536,109,6,6,4173,1,爱生活爱朵拉_
1475,0,因为,0,199,15,0,0,610,1,不谈感情_
1476,0,用户4783075896677,90,237,27,16,17,1833,0,_
1477,0,勤信达玻璃,312,70,339,7,7,1422,0,_
1478,0,用户5107451897321,0,2,0,1,1,5,0,_
1479,0,用户1222945021532,0,77,2,0,0,152,0,_
1480,0,丧💔[我还爱你],5283,1193,272,506,510,4693,0,_
1481,0,用户9923802668068,0,1042,4,2,2,2006,0,_
1482,0,男神,147,364,142,10,10,1431,1,平淡如水_
1483,0,神王~,0,197,1,0,0,810,0,_
1484,0,潘,19,27,25,12,12,4225,0,_
1485,0,鲜珥家→阿东,218,277,187,39,53,1651,1,福建鲜珥贸易有限公司_
1486,0,黑白人生,1811,2095,471,0,0,0,0,_
1487,0,用户8541211508352,12,108,29,0,0,282,0,_
1488,0,用户7246871508581,34,64,22,5,6,125,0,_
1489,0,我爱中国❤,11178919,375,554057,117,117,426,1,中国加油武汉加油我们必胜_
1490,0,星辰:,0,122,5,0,0,545,0,_
1491,0,观,0,20,1,0,0,613,0,_
1492,0,清欢,0,51,42,0,0,5081,1,别想，想就是没有_
1493,0,李弟、,114,441,76,15,17,735,0,_
1494,0,こ浅沫记忆ζ,2,16,6,0,11,387,0,_
1495,0,Edwad〆过客,2,80,5,0,27,0,0,_
1496,0,犹豫的我,0,19,2,0,0,0,0,_
1497,0,☞ 我@好人,27,27,35,5,5,80,0,_
1498,0,宿风,0,71,7,0,0,937,0,_
1499,0,郑,0,41,1,0,0,105,0,_
1500,0,NOU P无形(卡点),180,34,7,52,52,6825,0,_
1501,0,蒙,85,513,63,0,0,0,0,_
1502,0,韬哥,1,41,2,4,4,33,1,寒风一枝梅，凌寒独自开，若是群傲雪，何来梅花扑鼻香。_
1503,0,万云动力,76,728,146,10,10,627,0,_
1504,0,(⑉°з°)-♡,52,252,14,11,11,723,1,少TM装13_
1505,0,皓轩,0,655,26,0,0,862,0,_
1506,0,如痴如醉,29,61,7,8,9,82,1,跑遍全国_
1507,0,用户9937876774074,1,14,0,1,1,32,0,_
1508,0,小辉辉,26,138,32,1,1,228,0,_
1509,0,伶伶,0,56,1,0,0,0,0,_
1510,0,廾匸,990,175,261,101,239,177,1,不怒 不喜 不悲_
1511,0,铁玉,78,3791,100,14,129,17529,1,就不写_
1512,0,用户5282410928602,0,17,2,0,0,0,0,_
1513,0,過客,150,300,135,17,44,0,1,单身不可怕_
1514,0,时空猎人,120,4252,166,3,3,5753,0,_
1515,0,炎黯［看］,852,4967,246,28,32,0,1,我感觉你说这句话你在，你在无中生有暗度陈仓凭空想象凭空捏造胡言胡语无可救药逝者安息一路走好永无止境_
1516,0,咖喱鱼蛋,3928,1772,419,97,98,0,1,用我三生烟火换你一世迷离_
1517,0,明浩,23,162,29,3,3,230,0,_
1518,0,用户6224239857046,0,31,53,0,0,22,0,_
1519,0,醉笑看红尘,0,169,11,0,0,51,0,_
1520,0,剑十三,98,371,33,11,12,5576,1,我的剑比什么都重要，除了来自你的赞(/≧▽≦/)  /比心/_
1521,0,😊,9,1293,15,1,2,4052,0,_
1522,0,沉梦灬昂丶志,0,1,1,0,0,109,0,_
1523,0,小嘉逸，_,48,32,18,5,5,90,0,_
1524,0,王三岁,191,1229,90,19,19,1727,1,愿你不负昭华 以梦为马_
1525,0,风向,0,61,24,0,0,0,0,_
1526,0,柚-伴你到老,2,1525,76,0,1,6865,1,哈哈哈_
1527,0,菲,1155,2574,322,213,214,2765,1,论逗不如你_
1528,0,暖男可可,0,93,4,0,0,153,1,爱过知情重，醉过方知酒浓_
1529,0,玲,92,275,96,3,3,141,0,_
1530,0,玩酷,81,305,73,12,16,714,0,_
1531,0,🍼Lucky👣🐉,0,384,0,0,0,0,0,_
1532,0,习惯就好i,0,146,6,0,0,5525,0,_
1533,0,用户6758547135499,1,87,1,1,1,204,0,_
1534,0,在乎所以没理由,5066,3372,1171,88,88,23643,1,做真实的自己_
1535,0,恒品壁画厂家,19,194,77,2,2,112,0,_
1536,0,寻找红木缘,126,1868,125,9,9,10,1,静静地做自己，期待缘分！唯心：huang599666_
1537,0,Ray,23,198,13,5,5,115,0,_
1538,0,用户8109361145054,0,5,0,0,0,3,0,_
1539,0,天马行空,1771,368,54,0,0,0,0,_
1540,0,我放弃你随意3140,0,653,5,0,0,0,0,_
1541,0,金超,0,110,24,0,0,228,0,_
1542,0,殇.,0,164,7,0,0,234,1,万事不强求   要走不挽留_
1543,0,依然,28,37,7,12,12,3670,0,_
1544,0,允易,1,186,6,0,0,728,1,嘻嘻哈哈，做个大头鬼_
1545,0,莫情游戏解说,0,5000,72,0,0,39156,0,_
1546,0,？？？,0,95,7,0,0,2391,0,_
1547,0,小可爱诚诚,116,1462,30,55,55,822,0,_
1548,0,用户502302363882,0,9,0,0,0,9,0,_
1549,0,可爱的玥影,0,1008,4,0,0,1222,0,_
1550,0,六柒(训练营教主),97877,4995,4418,160,161,26032,1,随缘更新，更不更全看心情_
1551,0,盐后,29,721,25,5,6,968,0,_
1552,0,名仕酒吧总监阿秋,37,290,103,3,3,1821,0,_
1553,0,南家啊南,7,703,56,1,1,377,0,_
1554,0,王,21,287,17,9,9,1409,0,_
1555,0,自得其乐,662,330,194,39,40,871,1,不以物喜，不以已悲。_
1556,0,呦殇叹,50,338,39,3,3,14688,0,_
1557,0,kkkkkk,0,569,4,0,0,0,0,_
1558,0,刘嘉彦,0,150,7,0,0,555,0,_
1559,0,鹤辞,1,672,32,1,2,1393,0,_
1560,0,丨,0,1286,16,0,0,0,0,_
1561,0,用户981166873070,0,93,1,0,0,78,0,_
1562,0,小顾欠打,38,2643,131,5,5,28332,0,_
1563,0,家政大叔,102,174,36,34,34,393,0,_
1564,0,伍六七,0,1460,27,0,0,5172,0,_
1565,0,🐲Cheng🐲,40,709,116,4,5,887,0,_
1566,0,AAA리우 장 멩,0,4816,24,0,0,0,0,_
1567,0,用户516735287,0,14,0,0,0,32,0,_
1568,0,开心果,13,2549,21,3,3,4675,0,_
1569,0,不念过往,106,248,45,17,21,1150,1,人生之烦，烦在计较，人生之苦，苦在执着，人生之难，难在放下_
1570,0,趣玩乐,79,59,23,26,34,38,0,_
1571,0,五花肉,15,870,66,0,0,0,0,_
1572,0,猪猪(反迷你世界),15,2951,52,3,3,12215,1,一起互刷_
1573,0,琴子,49524,1260,3716,245,250,0,1,爱没有将就_
1574,0,枫霆,41,446,185,5,5,648,0,_
1575,0,🐣疯车车,156,156,72,14,14,3187,0,_
1576,0,石燕,12,194,18,4,5,1437,1,AA42DPR_
1577,0,吖吖,0,3,0,0,0,9,0,_
1578,0,rbm76cti,0,1033,12,1,1,2723,0,_
1579,0,樱花之恋,11,3062,45,4,4,5661,1,我是个精致的猪猪女孩。_
1580,0,永远的战士,1,1964,4,0,0,2772,0,_
1581,0,星空♡,0,130,3,0,0,0,0,_
1582,0,李拓,151,133,39,22,23,916,0,_
1583,0,空空如也,17,528,13,6,6,4813,1,空空如也_
1584,0,NBSPLV,20,524,88,2,2,0,1,🥰🥳_
1585,0,罗惠鸿广州,7,131,10,2,2,1385,0,_
1586,0,Are you ok,84,110,47,15,17,1325,1,大千世界_
1587,0,猴子,32,1084,141,6,6,1441,0,_
1588,0,惊雷,0,456,13,0,0,0,0,_
1589,0,我最爱的人,0,84,12,0,0,285,0,_
1590,0,用户7596515790135,0,534,9,0,0,387,0,_
1591,0,用户8838465273934,0,611,2,0,0,4,0,_
1592,0,用户5683558767909,2,567,3,2,2,159,0,_
1593,0,美洋洋,1852,231,241,48,49,0,1,开心就好_
1594,0,LLLLLL,3,58,6,1,2,240,0,_
1595,0,鬼泣,0,107,0,0,0,220,0,_
1596,0,李小刀。,0,896,23,0,0,4777,0,_
1597,0,奋斗吧,36,10,18,9,9,23,0,_
1598,0,啊啊啊,0,15,0,0,0,29,0,_
1599,0,翻译 v 方法,54,926,90,5,5,112945,0,_
1600,0,用户184107282616,0,59,2,0,0,64,1,2020加油_
1601,0,我的名字叫图图,48,211,19,0,0,0,0,_
1602,0,魔尊,0,148,3,0,0,0,0,_
1603,0,俗中人,154970,79,2916,70,71,174,1,希望有这么一个人、给我波澜不惊的爱情、陪我看世界的风景、许我一世的欢颜你可以成为这个人吗❤️_
1604,0,萌愿离,0,32,13,0,0,0,0,_
1605,0,幽默铁人,110,1741,43,18,18,1518,1,幽默搞笑，铁人在行_
1606,0,六籽棋,28,579,23,19,19,1949,0,_
1607,0,已重置,11,1698,24,6,7,7097,0,_
1608,0,"""Moonlight。   ✘",61,167,41,4,4,300,0,_
1609,0,TT,0,45,8,0,0,0,0,_
1610,0,用户1955866524155,0,1070,2,0,0,1540,0,_
1611,0,user1762379622356,0,169,11,0,0,3525,0,_
1612,0,C·,942,208,976,24,24,0,1,Ta正在关注你_
1613,0,棒猫少男,93,388,5,28,28,4306,1,13_
1614,0,豪横,12,4868,26,0,0,0,0,_
1615,0,@柠萌☆＠_＠,0,475,12,0,0,0,0,_
1616,0,新的起点,1,1,0,1,1,0,0,_
1617,0,喵了个咪的,0,47,0,0,0,1,0,_
1618,0,😯,0,129,96,0,0,1123,0,_
1619,0,用户7986609105043,0,31,0,0,0,1207,0,_
1620,0,狼🐺道,0,61,22,0,0,29,0,_
1621,0,傻子,4,1243,28,0,2,3927,0,_
1622,0,卡莫北鼻,0,261,6,0,0,376,0,_
1623,0,木子李,635853,170,5898,38,38,2920,1,喜欢一个人，始于颜值，陷于才华，忠于人品。_
1624,0,扶苏❀ 不撩妹,23,222,16,7,7,12856,0,_
1625,0,若只如初见,148,69,30,31,32,227,0,_
1626,0,乐,0,617,26,0,0,385,0,_
1627,0,安生.,4,49,3,1,1,272,0,_
1628,0,そ一个人哭い乀,0,459,5,0,0,870,0,_
1629,0,用户4981371984035,0,53,1,0,0,269,0,_
1630,0,有你才幸福❤️,1266,19,269,0,0,0,0,_
1631,0,胖哥哥,38,901,106,0,5,0,0,_
1632,0,胡艳香,0,343,30,0,0,135,0,_
1633,0,难忘,50,144,15,8,8,193,0,_
1634,0,新酱,0,389,2,0,0,5420,0,_
1635,0,林熙蕾💕,9193,388,443,5,7,22198,1,就算是星河流转 也不及你眼中波澜_
1636,0,啊那西哟,5,18,9,1,1,94,0,_
1637,0,忘記過去,15,210,21,1,1,1799,1,余生请多指教～_
1638,0,爱你的小姐姐。,0,1402,4,0,0,2307,0,_
1639,0,情缘,9,525,8,4,4,678,0,_
1640,0,郑，,354,772,143,33,34,1088,0,_
1641,0,一明明,0,37,0,0,0,101,0,_
1642,0,小石头,0,49,5,0,0,189,0,_
1643,0,訁巟暗匴迣鎅,116,910,79,15,17,1613,0,_
1644,0,用户4471462849139,0,215,75,0,0,1182,0,_
1645,0,聂,4,135,8,3,3,189,0,_
1646,0,王小戈,0,1,0,0,0,1,0,_
1647,0,坏坏74,62,99,8,16,16,80,0,_
1648,0,开心哥,48,716,111,4,4,1043,0,_
1649,0,旺旺,205,381,113,22,180,1496,1,多想再见你，哪怕匆匆一眼就别离。_
1650,0,龙哥,10,455,13,7,7,1057,0,_
1651,0,刘,0,253,98,0,0,0,0,_
1652,0,小可爱霏儿,20,623,9,6,9,1341,0,_
1653,0,不喝酒,0,37,6,0,0,99,0,_
1654,0,手机用户86239197791,0,62,7,0,0,388,0,_
1655,0,玩家L,0,235,13,0,0,9303,0,_
1656,0,23,0,87,2,0,0,225,0,_
1657,0,芸艳霜,3,2119,39,5,5,3677,0,_
1658,0,嘻嘻嘻,0,51,1,0,0,275,0,_
1659,0,阿怪（影视剪辑）,16947,99,5127,3,3,919,1,🌈：感谢官方让我们相遇🌈：用心做好每一个视频🌈：每天分享精彩电影🌈：感谢大家的关注_
1660,0,011,0,67,0,0,0,0,0,_
1661,0,沈平华11,1891,433,130,67,68,2848,0,_
1662,0,杨坤@,1,33,21,0,0,67,0,_
1663,0,安阳毛蛋,0,211,16,0,0,2172,0,_
1664,0,倩妮,0,201,14,0,0,429,0,_
1665,0,夏流,0,146,28,0,0,1089,0,_
1666,0,用户706345136600,0,21,20,0,0,491,0,_
1667,0,用户3235250540254,3,2466,8,1,1,4962,0,_
1668,0,红色小象,0,155,0,0,0,8,0,_
1669,0,123,4,160,5,1,1,555,0,_
1670,0,用户3363570466064,0,48,2,0,0,74,0,_
1671,0,顾辞,27,196,87,5,5,12157,1,V:15555829906_
1672,0,？。？,0,326,14,0,0,40714,0,_
1673,0,球场霸主小灰灰,0,2217,1,0,0,0,0,_
1674,0,用户6009489726088,6,15,5,2,2,25,0,_
1675,0,娟娟,21987,1623,3081,169,169,0,0,_
1676,0,用户3207117998731,0,4214,20,0,0,3128,0,_
1677,0,温辞嗨嗨,2,723,16,0,1,22973,0,_
1678,0,争口气,7,155,16,0,2,10326,1,不经历风雨，怎能见彩虹。没有人能随随便便成功！_
1679,0,冷雨(全网第一个黑无常),425,1400,166,39,39,11582,1,一位时间的过客_
1680,0,秋天,158,143,113,11,16,594,1,己所不欲，勿施于人！✨13870782551_
1681,0,A,34,1944,53,9,9,2188,0,_
1682,0,c,0,18,3,0,0,5,0,_
1683,0,殇,0,711,11,0,0,2181,0,_
1684,0,雁斯,187,222,31,62,62,925,1,胡雁斯_
1685,0,钢筋小队长,3,1032,59,1,5,2215,0,_
1686,0,易少年,10,188,8,7,9,815,0,_
1687,0,唐运莹,97,1703,20,18,20,18747,0,_
1688,0,漩葎,2,389,3,2,2,580,0,_
1689,0,用户6972304340593,303,353,20,39,39,5996,0,_
1690,0,老璋汽车工作室,89,331,31,21,21,1634,1,揭阳市。榕城区。梅云镇经营范围： 汽修 美容 喷漆 各种汽车项目胃心 ☎️同步：15218605896_
1691,0,芷ゝ铭、,0,80,35,0,0,17,0,_
1692,0,♛问世间『情』为何物♥,70,5000,67,1,1,20875,1,本人单身一般不坑_
1693,0,音乐剧L,0,203,0,0,0,306,0,_
1694,0,血尊,0,13,0,0,0,358,0,_
1695,0,知足常乐,44,239,81,3,3,1269,1,80年的猴，一晃成大叔了_
1696,0,☆,0,986,7,0,0,0,0,_
1697,0,西南大区OBEG,4329,496,548,255,263,2759,0,_
1698,0,小皮儿～～,1048,915,193,37,40,3262,1,10000粉露脸200粉露原声_
1699,0,和平精英南栀,193,399,63,28,28,537,1,重新回归和平精英，喜欢我就关注我。_
1700,0,杰宝，涵宝。,242,774,191,13,13,5311,1,钱不是万能，我也没指望它万能，我只想有钱而已。😜_
1701,0,青春·终将散场,0,1249,97,0,0,10429,0,_
1702,0,用户5384464877669,0,13,0,0,0,5,0,_
1703,0,霍宝宝,4,5000,25,0,3,7422,0,_
1704,0,用户4366723001629,0,78,1,0,0,11,0,_
1705,0,梓川咲太,0,48,5,0,0,43,0,_
1706,0,恨′离别殇~°,0,4999,35,0,0,0,0,_
1707,0,自由如风,0,363,1,0,0,209,0,_
1708,0,觸碰心灵君,165,190,66,14,27,6460,0,_
1709,0,故渊,6109,116,1307,11,12,0,1,池鱼思故渊，故渊念池鱼。后来啊，池鱼更名华年，故渊更名锦瑟。锦瑟无端五十弦，一弦一柱思华年。_
1710,0,:不准卖萌...,0,595,38,0,0,796,0,_
1711,0,顾晨小哥哥💕,4,44,20,1,1,227,0,_
1712,0,王晨毅,21744,423,2456,12,12,2656,1,目前在嘉兴平湖，爱唱歌V:vip199806_
1713,0,快乐又梦幻的回忆,79,998,14,53,54,7748,1,我是七零后_
1714,0,132,0,93,3,0,0,192,0,_
1715,0,鹤川,10,284,77,1,1,1097,1,A00后李铎_
1716,0,【吴宪xian武💯®】,99,58,138,93,110,0,1,三生有幸只取一瓢你若真心我拼命护你周全你若水性杨花我便当洗手盆_
1717,0,939942527,3,130,15,1,1,98,0,_
1718,0,CDJ,1,4185,14,1,1,3777,0,_
1719,0,用户1148476910959,0,38,2,0,0,0,0,_
1720,0,浪丶丶迹天涯,21,172,5,8,9,590,0,_
1721,0,惜歡.,7,129,16,2,4,388,1,爱健身_
1722,0,布锅,6124,173,100,6,6,5589,1,没必要了解。_
1723,0,杨阿能,2,2,9,1,1,13,0,_
1724,0,梦碎亦是梦醒,617,730,120,119,120,26441,0,_
1725,0,绿豆,42,179,62,6,6,361,0,_
1726,0,🤣,55,228,32,8,8,9030,0,_
1727,0,用户2218423026174,3,248,9,1,1,329,0,_
1728,0,,1,50,14,1,1,93,0,_
1729,0,🌥🌧遗忘ing,41,305,18,12,12,786,1,人的一生总有那么几个梦要碎的_
1730,0,吃蛋白不吃蛋黄,106,3604,158,27,30,4649,1,你得有足够的实力，你的原则和底线才会被人尊重_
1731,0,毓,0,297,1,0,0,1644,0,_
1732,0,用户2987868255581,12,2127,5,5,5,1653,0,_
1733,0,老皮(国服程咬金),3,502,7,2,2,5599,1,比心小姐姐_
1734,0,星辰⭐,56,732,5,22,22,2507,0,_
1735,0,张demeng,6,61,1,2,3,497,0,_
1736,0,开心,67,191,16,13,13,98,0,_
1737,0,用户481233193902,0,96,4,0,0,59,0,_
1738,0,张妍馨,1405,249,45,229,230,1231,1,天天开心❤快乐微信号:15626818672_
1739,0,明天会更好a,0,22,6,0,0,52,0,_
1740,0,谎言的背后,2176,1254,602,78,78,5487,1,余生有你就好_
1741,0,Mrs. Yuan,238,2809,207,24,27,4229,1,生活的琐碎，吐出来矫情，咽下去辣嗓子！_
1742,0,不过如此,6,37,39,2,3,16,0,_
1743,0,332211,0,93,7,0,0,0,0,_
1744,0,梦幻心愿,160,2857,172,1,1,6555,1,13672739718微信同号！女神们交个朋友呗_
1745,0,电竞少年霸王龙,0,5000,29,0,0,0,0,_
1746,0,D&Q,176,1172,98,21,21,4151,0,_
1747,0,用户9127583016699,0,135,3,0,0,551,0,_
1748,0,汪子涵,59,1677,28,8,9,2673,0,_
1749,0,呃嘿嘿嘿嘿嘿,0,248,4,0,0,506,0,_
1750,0,昊昊,0,223,10,0,0,1265,0,_
1751,0,小美,81,186,34,18,50,527,0,_
1752,0,秋水,0,2691,15,0,0,2427,0,_
1753,0,Garden,781,473,181,56,56,22011,0,_
1754,0,W,176,244,109,18,18,21,1,彪悍的人生不需要解释_
1755,0,随缘,40,814,223,2,2,1329,0,_
1756,0,池上观雨,3,5,2,2,2,4,0,_
1757,0,心想事成,129,248,34,7,7,2003,1,愿得一人心，白首不分离。。_
1758,0,Tennesse,0,564,20,0,0,4049,0,_
1759,0,勒布朗卢 奥尼宝,1,443,3,0,0,0,0,_
1760,0,320万人,1,12,6,1,1,18,0,_
1761,0,秋天落叶冬天雪,7,254,29,1,1,281,0,_
1762,0,十一,12,1560,6,5,5,88,0,_
1763,0,飞过,6,91,5,0,15,248,0,_
1764,0,雪花,0,790,11,0,0,1582,0,_
1765,0,用户1329528468316,0,652,8,0,0,18008,0,_
1766,0,商丘童心少儿艺术团,19,286,58,2,2,1872,0,_
1767,0,冰封魔帝,0,286,24,0,0,648,0,_
1768,0,用户5775349870854,0,95,2,0,0,239,0,_
1769,0,恶,3,564,27,1,1,1648,1,我是狼人牌_
1770,0,惜,0,73,4,0,0,80,0,_
1771,0,梅姐。,4,614,8,4,4,1045,0,_
1772,0,深圳市初暖,0,388,36,0,0,0,0,_
1773,0,白墨,549,512,213,26,27,4173,1,喜欢就静静的听_
1774,0,80后赫赫,220,695,114,19,19,0,0,_
1775,0,远远的关注,93,114,29,19,19,2988,0,_
1776,0,小二哥哥,10,201,15,3,4,0,1,让竞技充实你的生活。_
1777,0,小泽呀,0,73,6,0,2,656,0,_
1778,0,用户6227907801953,18,45,4,8,8,504,0,_
1779,0,涂,10,1516,6,5,5,5761,0,_
1780,0,用户078326,34,245,17,6,7,507,0,_
1781,0,　　　　　　　　,0,189,1,0,0,0,0,_
1782,0,柠九♡,17,100,25,2,3,1149,1,愿你所有快乐，无需假装。_
1783,0,沐白,3,297,8,1,1,393,0,_
1784,0,卧槽无情,0,32,1,0,0,114,0,_
1785,0,青A,0,85,4,0,0,265,0,_
1786,0,快乐的小牛,221,287,93,35,35,1078,1,我爱世界_
1787,0,乐山家装咨询王姐,282,224,137,14,14,1212,1,走自己的路，让别人去说吧！_
1788,0,思她成疾✨,127,2141,121,1,1,9517,0,_
1789,0,范鸿飞身边的沙雕朋友,62,530,20,10,11,4393,1,来自农村的90后帅小伙，喜欢交友，拒绝闲聊文明评论。夸人的话可以脱口而出，诋毁的话请三思而行。_
1790,0,盼阳通讯,105,125,42,21,21,293,1,中国联通营业厅   谢谢你关注我！_
1791,0,冰炫狂爵,14,200,11,3,3,788,0,_
1792,0,阿西吧,0,56,1,0,0,2,0,_
1793,0,刘锋,60,191,65,8,8,498,1,中国硬笔书法协会会员全国规范字讲师中国书画等级测评师_
1794,0,A.H谢娟,1147,1486,231,89,90,8430,1,😂😂_
1795,0,阿桐,0,232,10,0,0,5010,0,_
1796,0,2020小毛驴,848,110,817,15,15,6643,1,VX:15647585807_
1797,0,随便取个名字,7,2646,21,4,5,1189,0,_
1798,0,苹果，牛奶,0,24,1,0,0,104,1,我想做你的太阳_
1799,0,用户2116356628741,0,43,3,0,0,24,0,_
1800,0,择一人深爱，等一人终老。,878,2,71,102,102,0,1,4不是天生好脾气  只是怕失去你Ge_
1801,0,dy6cl36qb4n8,28,92,7,0,0,0,0,_
1802,0,玉清漪,12,150,24,1,2,5231,1,❤_
1803,0,哇瑟姑娘@,188,230,52,30,32,0,0,_
1804,0,あきがおガ┏アウけぉかきおえがあああああ,8,1347,21,2,2,526,1,Tttttttt_
1805,0,╰☆╮繁星╰つ落幕,1,357,55,0,0,2451,0,_
1806,0,@蒋蒋,0,133,24,0,0,2587,0,_
1807,0,提笔,0,125,0,0,0,1426,0,_
1808,0,用户9222800569616,0,110,2,0,0,193,0,_
1809,0,joker,0,26,3,0,0,42,1,一往无前釜山行，拨开云雾见光明！shy哥牛逼！_
1810,0,真善美商贸,599,173,104,75,75,639,1,人生必须要有自己的精彩 经过大风大浪的我 都是后知后觉的发现原来的我 还是原来的我所以人生只要干不死 就给我往死干前途无量 努力奋斗_
1811,0,你在我安,31,533,75,2,2,1277,0,_
1812,0,kill,0,1476,41,0,0,0,0,_
1813,0,故友,0,170,17,0,0,9271,0,_
1814,0,保护第五,49,771,13,11,11,953,0,_
1815,0,温州市善创科技,415,267,119,53,53,751,1,谢谢这么有气质的你来关注我❤️蕲春人在温州从事手机行业多年您的关注就是我的动力💕_
1816,0,你好,29,37,19,5,5,11398,1,兰儿_
1817,0,晓,3,1512,58,4,5,1533,1,13168853115_
1818,0,倾情,99,1524,109,7,7,0,0,_
1819,0,日夜颠倒,88,209,51,9,9,76,0,_
1820,0,韦恒 Việt Nam,177,313,120,14,14,989,0,_
1821,0,空白,24,137,20,8,8,68,1,你什么货色，我什么脸色。_
1822,0,爱笑的穿西装的小唐,94,49,58,12,12,751,1,自律给了我自由，坚持下去_
1823,0,小さい,129,722,109,0,0,0,0,_
1824,0,用户6876738885358,0,19,2,0,0,79,0,_
1825,0,奈何囍歡妳,516,121,52,82,123,0,1,假如  …………时光倒流 我能做什么  ……才能 走进你的心里！_
1826,0,😌,0,46,7,0,0,116,0,_
1827,0,△dyab.柒夏▽,0,200,1,0,0,183,0,_
1828,0,uou,44,80,15,13,13,1658,0,_
1829,0,一言难尽,0,514,6,1,1,18110,0,_
1830,0,壞脾氣,44,195,19,16,22,207,1,我的女人谁都不能碰，碰一下要你命_
1831,0,袁皮匠,1249,211,498,207,210,15921,1,别人修不好的，我可以试试！_
1832,0,沈心吖,19,288,51,3,3,2756,1,林深时见鹿，老树陪古屋～_
1833,0,958.9w人,1664,1824,429,1,1,6136,1,生活虽然很难但也别忘了深呼吸🖤.V.I.P👑_
1834,0,唯美执着,0,285,5,0,0,593,0,_
1835,0,一直,0,75,2,0,0,143,0,_
1836,0,酿酒师-云海,1523,220,466,24,24,388,1,每一瓶酒的相遇都是一种缘分，且品且珍惜！_
1837,0,阿东,0,891,112,0,0,7137,0,_
1838,0,小睿智（小号）,2,124,1,2,2,934,0,_
1839,0,带土(漫剪),0,3118,17,0,0,11542,0,_
1840,0,一两清欢,2,609,18,3,4,444,0,_
1841,0,梅梅,104,247,278,3,3,19,0,_
1842,0,怎样才能完美,2493,4833,1101,100,101,8878,1,无聊_
1843,0,郭义,941,250,143,86,86,699,1,人的一生有太多的坎坷_
1844,0,田田田田田。,0,71,2,2,2,18,1,自由自在，迷人可爱。_
1845,0,哈喽,160,39,1,0,0,0,0,_
1846,0,代号016(02家族),22,590,15,8,8,3414,0,_
1847,0,PXJ,274,418,72,36,36,5735,0,_
1848,0,新射线文化传媒,0,34,15,1,1,18,1,慢慢了解 何须简介_
1849,0,拢龙的睫毛真长,4,673,41,6,9,0,0,_
1850,0,大不大的小方方,0,77,0,0,0,37,0,_
1851,0,新手的混乱作品,100,2992,204,18,23,9675,1,QQ:2384200498250粉露声音300粉露脸_
1852,0,wpl,0,244,10,0,0,217,0,_
1853,0,路见不平一声喵,19,35,20,0,0,3031,0,_
1854,0,ق孞,0,238,22,0,0,47,0,_
1855,0,时光,61,275,21,7,7,308,0,_
1856,0,小树林,5,54,25,0,16,704,1,我也想低调，只是实力不允许！_
1857,0,追梦人,34,144,150,3,3,536,0,_
1858,0,阳光小弟,4,40,15,1,1,17,0,_
1859,0,嫣然一笑,191,767,33,171,171,1505,0,_
1860,0,Candy木子,0,84,7,0,0,13,0,_
1861,0,爱在你我,56,218,15,5,6,434,0,_
1862,0,MC不倒,11,1425,15,4,4,2892,1,Mc那么大，我想去看看_
1863,0,断点,13,2515,31,8,8,2057,0,_
1864,0,用户7521096034591,38,2702,36,9,9,3724,0,_
1865,0,泽坨坨,43,981,279,1,1,917,0,_
1866,0,。。,0,87,0,0,0,124,0,_
1867,0,用户5112764848046,128,55,17,15,24,444,0,_
1868,0,Dzzzzzzt,0,755,5,0,0,0,0,_
1869,0,萝卜,0,158,4,0,0,0,0,_
1870,0,爱我关注的小可爱,10,2235,21,7,7,2923,1,动我可以，动我关注的人？！你TM凉了！！！！！_
1871,0,华进传奇,139,214,73,15,15,9700,1,各有各的精彩_
1872,0,吕刚,0,1,1,0,0,4,0,_
1873,0,世世代代,45,781,1,0,0,0,0,_
1874,0,用户3266698373744,32,75,17,3,3,672,0,_
1875,0,♛『糖糖☆粉丝名糖果』（开学了）,1236,4117,218,49,49,28898,1,✨小号✨✨有闺蜜✨✨是沙雕呀✨✨5月19日生日广东女孩01年✨✨我很高兴遇见你们✨_
1876,0,阿哦,0,289,15,0,0,775,0,_
1877,0,王佳豪,4,854,3,3,3,1048,0,_
1878,0,用户4410664859006,12,641,8,7,7,989,0,_
1879,0,月亮79134,2,934,1,3,3,663,0,_
1880,0,樱桃大丸子,0,250,17,0,0,103,0,_
1881,0,南颜彤月,6,1160,19,3,4,2771,1,美_
1882,0,花小生,1,642,84,0,0,8660,1,想变美丽吗？关注我，为美丽颜值点赞！！！_
1883,0,用户2612611017246,0,96,5,0,0,1635,0,_
1884,0,你的猛男呀！！！,10,332,2,4,4,547,0,_
1885,0,用户9622698904666,0,16,0,0,0,5098,0,_
1886,0,阿凯,0,51,21,0,0,787,1,飞车小王子_
1887,0,孤痞,0,37,11,0,0,0,0,_
1888,0,已重置,0,100,3,0,0,0,0,_
1889,0,想飞,1,209,3,1,1,71,0,_
1890,0,&萧,331,109,45,40,40,277,1,余生要好好对自己……_
1891,0,梦回梦醒,0,242,13,0,0,251,0,_
1892,0,尘小封（和平精英）,12742,29,6817,10,10,3,1,只是个娱乐主播非实力主播🐧2919498353_
1893,0,失落之城,0,35,4,4,4,107,0,_
1894,0,emmm,0,268,15,0,0,3503,0,_
1895,0,你头发乱了哦.,0,1190,12,0,0,0,0,_
1896,0,G,0,259,39,0,0,1905,0,_
1897,0,用户7224506355670,0,16,0,0,0,233,0,_
1898,0,情场智障ζ-ω-,4,661,25,1,5,1408,1,♬︎*(๑ºั╰︎╯︎ºั๑)♡︎_
1899,0,想有肉吃,3,333,46,1,1,526,0,_
1900,0,随遇而安。,1128,596,334,56,57,1972,1,没有最好，只有更好，质量和口碑是任何行业的根基，相信我们是更好的。_
1901,0,电玩小书包,3,2319,41,3,3,1461,1,引领时尚潮流只做自己_
1902,0,张公子🥰,530,153,107,23,23,2637,1,心有多大❤️舞台就有多大🌧风雨过后，总有彩虹🌈_
1903,0,LPPL,78,23,27,1,3,2069,1,...._
1904,0,楚弈,109,27,30,8,8,4,0,_
1905,0,﹏.壹贰叁肆＂,4,156,19,1,2,778,1,不主动，不拒绝_
1906,0,癮,0,4,1,0,0,2,0,_
1907,0,嗯,0,26,0,0,1,133,0,_
1908,0,胡志东,177,166,91,18,19,1441,0,_
1909,0,已重置,0,527,11,1,1,6476,0,_
1910,0,延迟,0,24,3,0,0,79,0,_
1911,0,不需要名字,0,62,2,0,0,39,0,_
1912,0,快青（柯粉）（前号凤九甜心宝贝）,20,1926,172,2,2,8038,1,喜欢盗墓笔记和三生三世枕上书💕💕💕柯南实力粉丝_
1913,0,豆腐,0,232,29,0,0,543,0,_
1914,0,我是土豆,1,114,24,0,1,2332,0,_
1915,0,病碎,0,74,108,0,0,150,1,谢谢你这么优秀还来看我_
1916,0,帅美他爹,43,283,36,3,4,472,0,_
1917,0,墨   客,91,34,66,14,15,606,1,被怀念的，总是已经过去的_
1918,0,辉-haha,0,39,1,0,0,47,0,_
1919,0,杨圣鋆,142,149,77,23,24,1367,1,做个好孩子，争取学习第一，二，三，名_
1920,0,D3ath” -亡魂,9,228,37,3,3,2991,0,_
1921,0,耀,3,10,1,2,2,20,1,只玩和平精英王者荣耀，和平精英段位王牌，王者段位最强王者12星_
1922,0,宇智波鼬,0,206,0,7,7,625,0,_
1923,0,如果,43,195,38,6,6,397,0,_
1924,0,火,10,95,8,1,1,287,1,火影漫剪_
1925,0,灬嗜酒,177,140,158,11,11,439,0,_
1926,0,👉斌👈👊🐎,2,136,37,0,1,5620,0,_
1927,0,猪妹妹,1402,781,258,153,153,9418,1,我就是我，不一样的烟火_
1928,0,猪猪,8,386,5,2,3,1472,0,_
1929,0,天上有星星,0,925,8,0,0,1270,1,这个世界是很公平的_
1930,0,不叫浩斌 ☁️,0,68,11,0,0,3261,0,_
1931,0,用户6476874784232,101,61,38,6,6,188,0,_
1932,0,胶骄哒 马le,9,100,25,1,1,1206,0,_
1933,0,缘来如此666,29,63,16,2,2,100,1,我是一个能疯又能宅的女孩。_
1934,0,俊,65,456,460,5,6,0,1,只管努力 剩下的交给天意_
1935,0,十五,0,13,17,0,0,122,0,_
1936,0,乆旧,76,46,25,0,0,0,0,_
1937,0,胖胖の木头,1,49,13,0,3,538,0,_
1938,0,美好生活,0,11,1,0,0,27,0,_
1939,0,用户4654965302029,0,9,0,0,0,0,0,_
1940,0,এ故ོൢ事ོൢ与ོൢ她,221,176,21,109,114,116,0,_
1941,0,哈ZYX,0,37,0,0,0,95,1,愿，一切如愿！_
1942,0,ζฅ⌯͒•红妆ღ ·,0,94,5,0,0,590,0,_
1943,0,陈xin,0,123,0,0,0,173,0,_
1944,0,知足常乐,1,43,11,2,2,233,0,_
1945,0,啊辉12,123,765,93,5,6,698,0,_
1946,0,用户7156862461219,292,425,103,53,53,1064,0,_
1947,0,！,0,107,16,1,1,450,0,_
1948,0,一切为自己改变🌹🌹,4533,829,326,201,202,6780,1,这辈子真的错了。_
1949,0,王某某,0,194,21,0,0,899,1,我：说点啥捏……粉丝：不几道我：那不说了粉丝：好_
1950,0,.一次就好,0,31,16,0,0,15,0,_
1951,0,秦瘦小姐💋💭,19,154,15,1,1,80,0,_
1952,0,搞怪天使,4676,617,402,231,253,8032,0,_
1953,0,岱熙,1,4984,54,1,1,13513,0,_
1954,0,从心,87,35,18,22,22,33,1,艺灿精品_
1955,0,。,0,39,6,0,0,67,0,_
1956,0,www.K,20,72,28,2,2,955,0,_
1957,0,画扇卧桃林,1,810,1,1,1,1308,0,_
1958,0,逍遥王,26,176,12,0,0,0,0,_
1959,0,两袖清风🌝🌝,0,14,7,0,0,50,0,_
1960,0,小@明@哥@,397,811,128,17,18,5764,0,_
1961,0,众志成城,0,97,0,0,0,4997,0,_
1962,0,"慌慌张张,",405,146,48,60,60,760,0,_
1963,0,灰太羊,14,36,18,2,2,575,0,_
1964,0,郑先生,94,148,23,17,17,344,0,_
1965,0,星彩,0,1617,1,0,0,21,0,_
1966,0,只玩鲁班,2,331,2,0,4,344,0,_
1967,0,wnx,0,57,26,0,0,137,0,_
1968,0,用户4680946402605,805,3496,37,381,381,8604,0,_
1969,0,zerotwo,0,6,2,0,0,251,0,_
1970,0,用户8117015065543,0,146,3,0,0,365,0,_
1971,0,啊，帅,3,30,23,1,1,157,0,_
1972,0,大风小雨,4,552,20,2,2,4845,1,00后_
1973,0,灵韵岁月,0,330,12,0,0,23,1,路还长，慢慢努力总会打开新的局面_
1974,0,bsjnssisj,1,349,8,1,1,2524,0,_
1975,0,冰封记忆,0,32,1,0,1,81,0,_
1976,0,用户3226004615034,0,536,4,0,0,4444,0,_
1977,0,妮儿吖•👑,121,181,129,4,4,369,1,心有所向，未来可期！_
1978,0,旭旭奶奶,18,326,5,7,7,901,0,_
1979,0,四十七,0,1783,17,0,0,2776,0,_
1980,0,格调    Moment,7,59,54,1,1,275,1,有关必回_
1981,0,Liy.昔年,319,116,24,0,0,0,0,_
1982,0,😛吃一口是甜的,10,124,42,0,0,0,1,爱自己是终身浪漫的开始_
1983,0,喜欢抖音,183,981,102,10,10,5153,1,一级建造师，检测工程师，监理工程师，安全工程师，从事公路水运试验检测。_
1984,0,皓月1216,0,42,1,0,1,6,0,_
1985,0,凯,21,82,49,0,40,676,0,_
1986,0,文,1,186,3,1,1,505,0,_
1987,0,老头,0,4944,237,0,0,1350,0,_
1988,0,路过x的傻男孩,0,253,25,0,0,33,0,_
1989,0,小宇爱玩韩信,0,754,72,0,0,949,0,_
1990,0,此情优待,0,22,2,1,1,2,0,_
1991,0,下一个就抬你,0,1614,9,0,0,1315,0,_
1992,0,wq,38,556,17,15,22,4008,1,id冲锋王八 V区 段位王牌15星_
1993,0,☞相信你 可以的。☜,4,243,11,1,1,3669,0,_
1994,0,扬风舞剑,0,90,12,0,0,9023,0,_
1995,0,dyw901y0y5g7,0,36,1,0,0,69,0,_
1996,0,让一切随风,0,1342,66,0,0,4721,0,_
1997,0,茫茫江汉上,62,69,55,12,12,600,0,_
1998,0,郭大路,0,90,17,0,0,297,0,_
1999,0,啊耶,0,31,2,1,1,195,0,_
2000,0,用户3852021545939,0,227,0,0,0,2674,0,_
2001,0,jerome,0,127,12,0,0,291,0,_
2002,0,苗条,394,1219,212,35,35,2452,0,_
2003,0,无炎,0,32,9,0,0,624,0,_
2004,0,小老虎🐯,0,151,4,0,0,4977,0,_
2005,0,ღ᭄ꦿℒℴѵℯ维ོོོ她 ͜命,0,37,17,0,0,0,0,_
2006,0,点儿半,0,573,15,0,1,1383,0,_
2007,0,四叶草🍀,578,35,71,26,27,467,0,_
2008,0,靓仔,0,65,2,0,0,2,0,_
2009,0,雨下的夜晚,0,2454,9,0,0,0,0,_
2010,0,（俊）,269,509,205,5,12,2121,0,_
2011,0,🌏,17,802,5,1,2,5644,0,_
2012,0,好吃不过,0,452,6,0,0,2,0,_
2013,0,，，，，，，，，，，。,0,9,1,0,0,1,0,_
2014,0,栀九҉,7,708,14,12,12,1091,0,_
2015,0,提笔:写忧伤,254,662,311,0,0,0,0,_
2016,0,一。,93,58,40,15,16,0,1,穷在闹市无人问，富在深山有远亲。_
2017,0,上汽通用车工坊-凯里店,34,598,88,5,5,813,0,_
2018,0,用户9078806557738,0,6,0,0,0,5,0,_
2019,0,咱家,0,111,10,0,0,304,0,_
2020,0,吁吁,0,197,4,0,0,0,0,_
2021,0,兰抖抖,11,106,6,2,2,253,1,(σﾟ∀ﾟ)σ哇    娃娃娃娃_
2022,0,开心,0,166,16,0,0,630,0,_
2023,0,一个艺术人,20,1878,28,11,12,0,1,传承中华民族非物质文化遗产_
2024,0,太阳,5,1,1,5,5,6,1,我就是太阳，无需借助谁的光。手Q一区:不明灵子QQ:2275467619      在线找队友一起开心上分_
2025,0,清风,1208,410,125,108,119,0,1,像风一样的女子_
2026,0,江苏,3,158,8,1,1,79,0,_
2027,0,骑着蜗牛晒太阳,0,2,0,0,0,76,0,_
2028,0,心静如水,314,131,92,18,20,185,0,_
2029,0,用户1632395155116,279,2040,461,15,15,5087,1,丹_
2030,0,与狼共舞,0,175,4,0,0,4,0,_
2031,0,买不到时间,215,483,92,0,0,0,0,_
2032,0,用户4634242592543,0,1,0,0,0,3,0,_
2033,0,用户2220807831966,0,57,2,0,0,34,0,_
2034,0,用户丹丹,1352,610,240,67,68,1007,1,加油!一切会有的。_
2035,0,用户^_^,32,293,48,2,2,260,1,^_^_
2036,0,小菲侠,136,389,25,10,10,774,0,_
2037,0,海兔子,10,50,6,2,2,40,0,_
2038,0,半晴半夏半流年あ,0,146,2,0,0,196,0,_
2039,0,手机用户93763307147,0,194,0,0,0,0,0,_
