0,0,浮梦,0,6,0,0,0,9,0,_
1,0,哼哼哈嘿━,0,9,0,0,0,17,0,_
2,0,陈,0,72,8,0,0,139,0,_
3,0,婳,0,16,3,0,0,132,0,_
4,0,仙境界,0,640,4,0,0,127,0,_
5,0,故事且温柔67,0,32,0,0,0,0,0,_
6,0,开心快乐,0,177,1,0,0,437,0,_
7,0,用户2147781385114,0,2226,2,0,0,233,0,_
8,0,用户7163603005429,0,203,11,0,0,10,0,_
9,0,上我的賊船吗,0,10,0,0,0,0,0,_
10,0,心？那是什么,0,36,0,0,0,125,0,_
11,0,渣,3,232,6,2,2,983,0,_
12,0,阿倍,0,293,25,0,0,831,1,傻_
13,0,YHcool（素质小学生）,57,87,27,7,7,0,1,虽然我是第一次当男孩但不是第一次当召唤师你不拿细节压我，我分分钟单杀你国服孙悟空请求出战_
14,0,‍‍‍‍,0,1262,55,0,0,3308,0,_
15,0,诡梦,10,740,9,1,1,2167,0,_
16,0,拥月亮,0,515,37,0,0,0,1,对啊！做人就得渣啊！呵呵！_
17,0,给老子西内🌚🌚,1,471,8,2,2,13377,0,_
18,0,次刃🌝vcx,1098,1317,126,64,64,171,1,150粉肝超载3|•'-'•)و✧对不起我(己丧)..........._
19,0,夜烦哟,0,80,31,0,0,392,0,_
20,0,天坑貂蝉贼菜,72,167,104,11,11,660,0,_
21,0,玄曜策星天镰,0,76,0,0,0,94,0,_
22,0,GC丶犀利酱油王,12,352,5,0,0,0,0,_
23,0,老铁稳住,0,60,10,0,0,15405,0,_
24,0,㡭僟畿僟穊籱,0,109,6,0,1,8306,1,(〜￣▽￣)〜_
25,0,北北,0,39,1,0,0,3316,0,_
26,0,小鸽子,1008,141,59,85,88,1036,1,人这一生，生活不易，且行且珍惜。_
27,0,用户326555703012,0,119,0,0,0,298,0,_
28,0,开心幸福💝,0,875,13,0,2,10234,0,_
29,0,憨涵☁️,0,55,1,0,0,101,1,该用户正在关注你_
30,0,hh,11,2921,25,1,1,9419,1,介绍太长，简单不了。_
31,0,卧槽无情,50,4321,33,13,40,81654,1,小激动_
32,0,DemonMatthew,21,111,17,5,5,0,1,谢谢关注，我会记住你的_
33,0,王者,0,359,2,0,0,6705,0,_
34,0,馬,0,1025,5,0,0,12668,0,_
35,0,pmono,0,42,3,0,0,308,0,_
36,0,花花,0,1395,26,0,0,12532,0,_
37,0,莫大诚66692024,0,217,2,0,0,272,0,_
38,0,诙谐过客,0,1275,20,0,0,21423,0,_
39,0,丶、丶,0,98,5,0,0,645,0,_
40,0,殇离,0,66,3,1,2,48,1,白色相簿魔鬼恋人萤火之森终结的炽天使_
41,0,仙鹿（和平精英）,5,417,9,1,1,20305,0,_
42,0,页,0,361,43,0,0,10358,0,_
43,0,川一,1,505,12,1,1,465,0,_
44,0,糸廾,2,113,4,0,2,4259,0,_
45,0,天使的梦❤️,25,319,10,11,14,2002,0,_
46,0,耀(已油化),0,81,2,0,0,93,0,_
47,0,帅—双子凯神,106,435,76,10,10,2173,0,_
48,0,落羽,1,1396,130,0,2,20307,0,_
49,0,奋ぁ斗,12,1183,15,21,21,6330,0,_
50,0,奥利给呀,6,2443,47,0,0,0,0,_
51,0,铠,0,398,42,0,0,10423,0,_
52,0,简单就好。,0,114,1,0,0,24,0,_
53,0,很皮很天真,0,455,55,0,0,619,0,_
54,0,用户7103395317232,0,1861,0,0,0,338,0,_
55,0,王小豪,0,16,0,0,0,0,0,_
56,0,凶器,1,702,4,1,1,1493,0,_
57,0,哈哈（沐家）,0,353,1,0,0,241,0,_
58,0,白诺诺,0,68,1,0,0,0,0,_
59,0,@大可#不必＆,29,1512,14,3,3,5244,0,_
60,0,大疙瘩,0,254,2,0,0,85,0,_
61,0,故辞,19,1089,12,2,2,29692,0,_
62,0,北幕南辞°,557,2317,274,16,16,21008,1,学生党。_
63,0,刘志红,53,68,39,7,7,8,0,_
64,0,鹤行云,0,199,3,0,0,577,0,_
65,0,名仕造型店长,95,717,81,5,5,14668,0,_
66,0,用户6922583694464,0,132,0,0,0,187,0,_
67,0,XJY,0,1401,4,0,0,5670,0,_
68,0,曦蠱鏚龘驫麝屬龘饕籋龜髏飝纛纔齉龖鐵龘飝,81,102,34,20,20,6615,1,爱是一种自由的选择_
69,0,日h,0,56,2,0,0,0,0,_
70,0,苏逸辰,0,175,2,0,0,1187,0,_
71,0,超越梦想,1322,980,239,129,129,4819,0,_
72,0,用户6327256573362,0,102,0,0,0,45,0,_
73,0,用户9738922073698,0,344,1,0,0,3328,0,_
74,0,十里.,0,127,4,0,0,0,0,_
75,0,曲辰,9,1689,152,1,3,0,1,Aniplex_
76,0,姚,1,165,6,0,1,3813,0,_
77,0,单身不易,0,193,4,0,0,0,0,_
78,0,。。。。。,0,187,2,0,0,173,0,_
79,0,～无语～,0,305,6,0,0,1765,0,_
80,0,宇,0,364,7,0,0,33367,0,_
81,0,小颜哥哥,0,55,3,0,0,19,0,_
82,0,我爹,0,125,0,0,0,15,0,_
83,0,殇璃,8,1578,30,0,5,16566,0,_
84,0,我想起了高兴的事,0,45,6,0,0,22393,1,何用之有_
85,0,用户1953579446756,0,187,0,0,0,34,0,_
86,0,用户8890137859564,215,370,28,17,17,694,0,_
87,0,~半颗星辰.,1,99,0,1,1,131,0,_
88,0,小皮筋,0,99,0,0,0,271,0,_
89,0,用户4320862464272,0,165,0,0,0,12773,0,_
90,0,城南,0,255,16,0,1,15362,1,没什么特别的，_
91,0,小羊哥,200,167,33,19,19,3153,0,_
92,0,300w人,70,421,6,84,85,10760,0,_
93,0,露月丫（露娜）（妙蛙花家族）,40,34,9,9,9,170,1,露娜玩家粉丝群100粉以后1000粉会露脸10000粉资金有限可能会女装100000粉你们随便提一个要求_
94,0,用户7837716993090,0,25,0,0,0,12,0,_
95,0,杠杠滴杠精,7,359,0,2,2,8239,0,_
96,0,用户8530201161732,0,3242,0,0,0,0,0,_
97,0,《默      认》,1,442,6,1,1,2864,0,_
98,0,子衿,0,564,14,0,0,0,0,_
99,0,用户8000722858994,0,218,2,0,0,626,0,_
100,0,滚滚滚,0,247,1,0,0,667,0,_
101,0,用户4151066872993,0,291,10,0,0,420,0,_
102,0,触动汝心,0,507,3,0,0,14001,0,_
103,0,JokerZ,0,103,0,0,0,18,0,_
104,0,？？？？？？？？？？？？？？？？？？？？,1,2811,7,10,10,6983,0,_
105,0,缅笑,0,67,0,0,0,91,0,_
106,0,用户5200684237277,0,171,1,0,0,3321,0,_
107,0,所念皆星河.,0,3,0,0,0,204,1,不想做繁星_
108,0,世界中心666,0,952,3,0,0,2885,0,_
109,0,辰溪,2,189,9,2,2,5634,1,欧耶_
110,0,山海.,0,77,34,0,0,9832,1,没有签名_
111,0,用户8983704959591,0,42,0,0,0,9,0,_
112,0,柔妧,3,3255,17,0,6,40516,1,边伯贤_
113,0,单杀,0,7,3,0,0,232,0,_
114,0,废。,0,1925,4,0,0,3880,0,_
115,0,先疯少年950,0,41,1,0,0,6,0,_
116,0,白笙,0,99,94,0,0,30298,0,_
117,0,孤独一人,0,13,4,0,0,726,0,_
118,0,即墨名臣,0,16,5,0,2,1208,1,国一钟馗，高渐离，夏侯惇，不够我再编点儿_
119,0,SingSeven黑煞,26,4847,83,3,3,17686,1,我，绝地枪神。_
120,0,子煊,4,1360,8,2,2,24457,0,_
121,0,@-zhang阿姨,0,418,7,0,0,1002,1,好好xiao习，天天shang上_
122,0,三生三世~千玺,0,231,31,0,0,813,1,易直爱你，万千玺爱，扬帆起航，千年不变，一心一易，易米烊光_
123,0,유일한 사랑,0,301,1,0,0,641,0,_
124,0,尤夏,0,12,1,0,0,0,0,_
125,0,憨.,0,183,3,0,0,1978,0,_
126,0,安逸,101,703,78,4,5,2398,0,_
127,0,无理,0,276,2,0,0,1843,1,个人感觉我是个**_
128,0,用户666982298078,0,283,8,0,0,3359,0,_
129,0,DAWN·黎明,0,1030,4,0,0,7856,0,_
130,0,用户3557739863637,36,114,10,2,2,3069,0,_
131,0,54188,0,83,3,0,0,1498,0,_
132,0,糊哈,0,21,12,0,0,3436,0,_
133,0,你猜我是谁,61,271,15,17,17,1974,0,_
134,0,___噓丶时光荏苒你我还在,36,360,78,0,0,0,0,_
135,0,。。。。。。。。。。。。。。。。。,0,271,0,0,0,1452,0,_
136,0,夕情,0,41,4,0,1,84,1,人海茫茫，你闪耀其中_
137,0,心想事成,9,1165,6,1,1,152,0,_
138,0,用户8057635954950,0,50,2,0,0,14,0,_
139,0,雨中漫步,0,121,14,0,0,864,0,_
140,0,Stranger,0,425,0,0,0,658,0,_
141,0,？。！。,0,55,0,0,0,81,0,_
142,0,唐轩宇（淦冻秀秀99999999999次,214,739,201,6,14,4291,0,_
143,0,无。,0,79,5,0,0,2647,0,_
144,0,秋枫,0,692,6,0,0,19380,1,尽我最大努力，给大家带来欢乐~比心~_
145,0,海尔集成灶(有关必回),1401,294,102,232,240,5184,1,海尔集成灶值得拥有。_
146,0,ㄨ干掉烈酒丆迴τοц,0,739,3,0,0,543,0,_
147,0,杨丰硕妈妈870,0,767,9,0,0,12464,0,_
148,0,害,0,151,1,0,0,534,1,QQ:3319596754王者ID:通话两小时■小小星耀，一起玩昂_
149,0,笑宠,78,152,10,0,0,0,0,_
150,0,晚歌,0,181,1,0,0,17167,1,你的开玩笑，竟让我觉得是真的……_
151,0,Kle丶灬浅灰,0,122,2,0,0,492,0,_
152,0,锦鲤阿颜,0,385,26,0,0,1806,1,没事别找我_
153,0,橙橙橙,0,201,0,0,0,506,0,_
154,0,帅帅的寒冰,18,877,14,3,3,4356,0,_
155,0,派派同学,17,406,115,5,10,6752,1,ᴰᵒ ʸᵒᵘʳ ᵇᵉˢᵗ ᶠᵒʳ ᵃⁿʸᵗʰⁱⁿᵍ ʸᵒᵘ ˡᵒᵛᵉ / ⁱⁿᶜˡᵘᵈⁱⁿᵍ ʸᵒᵘʳˢᵉˡᶠ. ☀对任何热爱的事情都要全力以赴/包括喜欢自己。_
156,0,阿觅（粉丝）,5,175,0,4,4,2752,0,_
157,0,心野稳情场.,43,1630,491,0,1,21964,0,_
158,0,不梦仙,632,1591,349,14,14,35422,1,女装是不可能女装的，这一辈子都不可能女装的，🖕(=￣ ρ￣=) ..zzZZ_
159,0,1234567890,172,713,39,78,80,2245,0,_
160,0,我去,0,18,0,0,0,33,0,_
161,0,匆匆，名言,0,57,0,0,0,76,0,_
162,0,꧁浪™꧂,0,56,1,0,0,594,0,_
163,0,你好,3,13,1,1,1,15,0,_
164,0,牛逼,2,261,3,1,4,280,1,QQ:2158211237这是我小号！！！_
165,0,他,0,156,0,0,0,857,0,_
166,0,A.MEET,2917,485,175,89,95,7148,1,…_
167,0,會,0,123,37,0,0,442,0,_
168,0,scp 524,13,383,4,0,2,617,1,❤_
169,0,安辞,0,651,1,0,0,4418,0,_
170,0,天陵狐伤（专业坑队友）,1065,4982,516,8,8,43068,1,我怕是个zz_
171,0,来自地狱的天使,0,46,32,0,0,387,0,_
172,0,用户5875219343618,0,4,0,0,0,228,0,_
173,0,谎伴！,0,1002,25,0,0,11693,0,_
174,0,嘻嘻,14,194,81,0,1,41555,1,y_
175,0,Affection 孤白.,0,244,4,0,0,942,0,_
176,0,华丽一族,69,641,46,12,12,3300,0,_
177,0,NAND,2,2493,11,1,1,3045,0,_
178,0,我忘记,0,10,0,0,0,2,0,_
179,0,就到家,0,178,5,0,0,269,0,_
180,0,彩娟,0,71,11,0,0,321,0,_
181,0,旗木一族,453,281,40,1,2,12974,1,！_
182,0,三笙,0,314,26,0,0,608,0,_
183,0,给你的晚安,14,98,35,1,1,1557,0,_
184,0,菊花茶打电话风太大,0,196,0,0,0,0,0,_
185,0,知遇,0,87,12,0,0,1547,0,_
186,0,墨痕未染泪痕一笺,42,235,48,7,7,5001,0,_
187,0,北沐,0,207,2,0,0,7957,0,_
188,0,默念,9,4958,134,0,0,0,0,_
189,0,啊精(村服宫本),0,1655,23,0,0,27926,0,_
190,0,爱玩游戏的小崔,3,370,1,0,0,0,0,_
191,0,小小马,244,4680,100,0,0,0,0,_
192,0,顾沐西是宝贝吖,0,689,1,0,0,439,1,我不知道将去何方，但我已在路上_
193,0,国抬008(山东分队),0,887,5,0,0,226,0,_
194,0,天空成,0,64,21,0,0,0,1,这个人很懒，什么都没留下_
195,0,灵眸,10,162,4,3,4,0,1,3.17爱玩王者和吃鸡的高中生，定期发视频❤️（新手入坑抖音）_
196,0,热心网友,0,287,20,0,0,1088,0,_
197,0,屿我渡北川,0,312,7,0,0,4083,0,_
198,0,德丰隆,0,215,7,0,0,1796,1,我是猪，能帮我赞浪迹天涯吗？拜托_
199,0,晨光,4,46,9,0,1,216,0,_
200,0,某个沙雕,0,173,4,0,0,2,1,鸡你太美_
201,0,邓家门燕山,1244,337,178,29,31,30464,1,咳咳_
202,0,看见,0,769,1,0,0,15332,0,_
203,0,问号,3,3690,41,2,2,36662,0,_
204,0,严忙,0,4876,10,0,0,17313,0,_
205,0,用户886593525938,2,107,4,1,1,2281,0,_
206,0,追忆,0,180,27,0,1,0,0,_
207,0,桐间秋野🎊,40,555,23,2,2,0,1,QQ2759967540喜欢胜过所以道理、原则抵不过老子我乐意_
208,0,Minecraft--墨阳,201,1945,121,21,21,44216,1,已有cp王者搜玩凯我最坑已退关注我的都是我的大恩人关注我的必回关冲500粉。_
209,0,北城相拥,0,812,2,0,0,0,0,_
210,0,空心。,0,78,6,0,0,0,0,_
211,0,用户7489718245781,0,114,3,0,0,0,0,_
212,0,果冻爱点头,0,12,0,0,0,52,1,Q：2548761275_
213,0,用户5095719769815,0,280,2,0,0,430,0,_
214,0,往后余生、我只爱你,0,63,5,0,0,1242,0,_
215,0,用户5043189618395,0,81,0,0,0,6,0,_
216,0,.简约,0,1245,20,0,0,27159,1,喜欢自己  没有情意_
217,0,食森（国服最弱后裔）,2,27,3,1,3,1428,0,_
218,0,吆西,0,10,5,0,0,123,0,_
219,0,拉普赛斯,0,2947,6,0,0,4047,0,_
220,0,凯旋而归,0,121,7,0,0,854,0,_
221,0,王,2,704,5,1,1,5766,0,_
222,0,小楠,0,46,1,0,0,826,0,_
223,0,$,29,2523,21,4,4,10549,0,_
224,0,ABDE,0,225,5,0,0,0,0,_
225,0,风笙箫默,2,551,10,1,1,4989,0,_
226,0,熙,14,952,16,3,4,1578,1,.说什么呢？_
227,0,南汐。,0,4,4,0,0,2242,0,_
228,0,风流倜傥,0,2035,21,0,0,0,0,_
229,0,，，，，，,0,602,4,0,0,907,0,_
230,0,GT绝缘体（反迷你）,2118,3586,154,250,257,46601,0,_
231,0,虚无【隔离区】,1,204,6,1,1,302,0,_
232,0,豪横的小明,0,2059,10,0,0,6386,0,_
233,0,南辞．,191,32,47,20,26,5180,1,我是南辞[黑脸] )[黑脸]_
234,0,我，，,0,50,1,0,0,228,0,_
235,0,慢里,3,190,4,17,18,369,0,_
236,0,木工米青,0,368,9,0,0,0,0,_
237,0,用户799994962215,0,79,0,0,0,121,0,_
238,0,stars、一直在,0,353,12,0,0,10390,0,_
239,0,淡抹、悲伤,1,1102,1,1,1,5693,0,_
240,0,忠烈杨家将,0,245,5,0,0,3615,0,_
241,0,花生花海,0,326,4,0,0,0,1,我是这条街上最6的仔_
242,0,奥力给,0,144,7,0,0,109,0,_
243,0,难,0,386,1,0,0,336,0,_
244,0,李胜连,0,2025,24,0,0,28499,0,_
245,0,昀离,1,423,2,0,0,0,0,_
246,0,程爻,0,383,4,0,0,0,0,_
247,0,星辰爱打野（吉吉国王）,0,183,1,0,0,1260,0,_
248,0,作为一名专业的***,8493,410,3284,9,10,2604,1,MC不倒_
249,0,月忘川,0,375,18,0,0,1051,0,_
250,0,三岁身高160,0,20,26,0,0,1986,0,_
251,0,淦,0,420,10,0,0,10761,0,_
252,0,孤城（林希）,1367,4522,373,5,5,0,1,要加入邪神教么没有任何话题是狗头代表不了的不要问我为什么关注了这么多人，好多都是官方偷偷关注的，我也懒得清_
253,0,你最想遇见的人,2,242,13,1,1,657,1,一个学生。_
254,0,用户1873349844,0,178,3,0,0,1324,0,_
255,0,梦想,0,34,0,0,0,85,0,_
256,0,シ柒屿゜,0,2823,18,0,0,972,0,_
257,0,এ᭄幕筱晨ོꦿృ༊,0,698,31,0,0,1558,1,纵使我心红如铁，难容你三尺寒冰_
258,0,哥只是个传说,0,183,0,0,0,483,0,_
259,0,道长家的孩纸,0,2254,14,0,0,21912,1,喜欢看张道长的直播。_
260,0,wu,0,198,3,0,0,1088,0,_
261,0,廾匸,0,445,6,0,0,0,0,_
262,0,王世不恭  QIN GE,2176,870,237,199,206,30586,1,了确君王天下事_
263,0,耀,0,86,0,0,0,240,0,_
264,0,冷色,6,153,1,2,2,4127,0,_
265,0,농구는 과도하게 익숙해졌다.,2,2110,73,1,1,0,1,"나는 농구와 송우치를 좋아한다.（stay strong,WuHan.）_"
266,0,无限接近死亡。,0,102,0,0,0,2185,0,_
267,0,u额u额u额,6,280,2,3,3,1222,0,_
268,0,用户3870515656523,0,3,0,0,0,9,0,_
269,0,血眸死神,7,888,14,2,2,13655,1,呵呵_
270,0,一个分身,1,1524,36,0,1,7859,0,_
271,0,ε=ε=‾͟͟͞(((ꎤ✧曲✧)̂—̳͟,0,101,14,0,0,51,0,_
272,0,六十七,0,66,1,0,0,99,0,_
273,0,用户5803872354464,0,144,2,0,0,430,0,_
274,0,桑榆,0,217,2,0,0,1171,0,_
275,0,专,13,364,10,0,0,0,0,_
276,0,邀月不接受暧昧,0,265,5,0,0,865,0,_
277,0,唐门门主:唐舞麟,16,493,11,8,8,1585,1,此生不悔入唐门_
278,0,取啥名字好了？,49,183,31,2,2,16644,0,_
279,0,l l,0,76,1,0,0,2056,0,_
280,0,今天你想我了吗？,0,405,1,0,0,3960,1,你笑起来真好看_
281,0,ㅤ￴ㅤ￴,1,1363,27,0,1,1381,1,粉丝到一万直播露脸。_
282,0,泳甜酱🍊,0,73,12,0,0,3028,0,_
283,0,dybs07s3sklh,0,294,0,0,0,0,0,_
284,0,可爱的小梦奇,0,107,1,0,0,24,0,_
285,0,光白小帅哥,0,85,2,0,0,368,1,关注我带你探索更多作品_
286,0,残去春秋ξぁ,0,42,20,0,0,337,1,快乐是自己的，所以不要伤心往事🙃️_
287,0,用户3598814594955,0,658,1,0,0,198,0,_
288,0,元歌导师墨落,14,82,6,10,10,109,1,主玩王者荣耀，喜欢玩镜和元歌，不是国服，但也挺厉害_
289,0,NAQN,438,269,514,16,17,47752,0,_
290,0,。，,0,380,2,0,0,1704,0,_
291,0,用户4572916069267,3,676,4,1,1,808,1,白霞爱好戏曲_
292,0,民政局在此,0,520,1,0,0,106,0,_
293,0,啥也不行啊,5,373,2,0,0,0,0,_
294,0,樂,0,29,40,0,0,0,0,_
295,0,略略略,24,928,25,6,6,25085,1,以后不更和平精英了_
296,0,余生我陪你,42,192,11,9,9,785,1,朽木不可雕也_
297,0,用户4751182076222,0,114,0,0,0,135,0,_
298,0,迷影,0,1001,72,0,0,2495,0,_
299,0,用户4351529914986,0,282,8,0,0,3136,0,_
300,0,171................,0,172,0,0,0,221,0,_
301,0,伍六七,7,246,4,10,10,590,0,_
302,0,北笙,0,177,1,0,0,432,0,_
303,0,勇不涂色,0,203,35,0,0,147,1,王冠晰_
304,0,是天狼君吖,28,125,8,6,6,111,0,_
305,0,渡劫,0,176,31,0,0,1221,1,打游戏_
306,0,(*￣︶￣*),2,1315,16,2,2,6175,0,_
307,0,1,0,91,2,0,0,30,1,讨厌丁丁_
308,0,相识.,0,1059,6,0,0,2033,0,_
309,0,用户2497078712817,34,223,39,5,5,907,0,_
310,0,用户2685648820263,0,188,0,0,0,9,0,_
311,0,紫菜市场黄陈,0,122,162,0,0,1373,0,_
312,0,慕辰学长,0,152,9,0,0,92,0,_
313,0,梦想女王,445,3987,111,75,77,11908,1,事业顺利的女士_
314,0,荒唐,1,81,0,0,1,219,0,_
315,0,杠精队长,0,16,5,0,0,46,0,_
316,0,用户7929378468711,0,110,0,0,0,311,0,_
317,0,EDM.老杨,0,7,1,1,1,0,1,大家好！_
318,0,用户2564482157447,4,175,7,2,3,4148,0,_
319,0,Minecraft木剑君爱好是钓鱼,0,152,24,0,0,328,0,_
320,0,怯夢QwQ（持续更游）,11121,1869,1283,49,50,0,1,这里是沫若，wx区和平精英名 精神小伙・怯梦擅长瞬狙，钢枪 不请演员找徒弟 QQ号3030208923 在线带徒_
321,0,Uuuuu,0,112,0,0,0,113,0,_
322,0,佐猪,108,719,44,14,14,2725,1,太睡了_
323,0,一只小胖达,0,129,2,0,0,96,0,_
324,0,瓜米,0,339,2,6,6,6449,0,_
325,0,枝叶繁佳,18,855,44,6,6,1800,1,星辰学长的小号_
326,0,霸气之主,3,274,24,1,2,1104,0,_
327,0,用户8978562725024,0,41,0,0,0,199,0,_
328,0,小林敲级帅,0,1015,191,0,1,21438,1,。。。_
329,0,☆阡陌♛,5,286,1,3,3,7438,0,_
330,0,:,0,67,5,0,0,1747,1,1225918383_
331,0,阿一九宝,5,992,52,1,1,7848,0,_
332,0,豪豪,0,32,2,0,0,52,0,_
333,0,妖孽白、っ,0,1461,40,0,0,35982,1,。。。_
334,0,小磊子,0,122,1,0,0,6,0,_
335,0,用户8218901131954,0,77,31,0,0,15,0,_
336,0,649197659,0,98,7,0,0,0,0,_
337,0,忆夕·墨言,0,367,7,0,0,219,1,先学会不生气，再学会气死人！_
338,0,!.....?。!!,1,195,0,5,5,446,0,_
339,0,皮皮婵,0,734,5,0,0,7615,0,_
340,0,离梦在眼前,0,294,4,0,0,301,0,_
341,0,空城@心恒,0,1668,16,0,0,780,0,_
342,0,用户9384156846319,23,667,3,3,3,4446,0,_
343,0,夜刀神十香,4,62,0,1,1,3982,0,_
344,0,tuitui,0,2244,71,0,0,6743,1,BLACKPINK IN YOUR AREA_
345,0,…,0,100,5,0,0,1298,0,_
346,0,福星高照,0,215,3,0,0,2088,0,_
347,0,用户3799007362873,2,459,2,2,2,5715,0,_
348,0,用户1430119280227,0,26,0,0,0,106,0,_
349,0,南栀,0,120,1,0,0,0,0,_
350,0,玖玖爱我吗？,0,71,8,0,0,0,0,_
351,0,.清欢学长℡,0,4973,34,0,0,4903,0,_
352,0,蔡徐坤热爱篮球,424,3060,514,6,7,0,1,牛逼_
353,0,梁浩宇,0,15,9,0,0,0,0,_
354,0,者（已黑化）,18,199,7,7,7,906,0,_
355,0,曾银瑜,0,2229,2,0,0,7650,0,_
356,0,一下你去,0,57,0,0,0,9,0,_
357,0,鸢,0,489,1,0,0,2221,0,_
358,0,熙熙是小可爱〔不谈对象〕,68,1060,91,5,15,0,1,这里可是一只野生的熙熙鸭！不考虑关注一下吗？😁所有的人都会回关的吖～还有，本人今年一岁惹😉_
359,0,雨殇,0,679,34,0,0,17510,0,_
360,0,knight,0,1264,5,0,0,18811,1,哒哒哒_
361,0,用户2582020910472,0,83,0,0,0,47,0,_
362,0,，，，,0,3366,41,0,0,8970,0,_
363,0,安娜粉丝,2,77,93,1,1,0,0,_
364,0,甜豆🍒,1,173,1,0,0,0,0,_
365,0,昵称已重置,0,188,3,0,0,135,0,_
366,0,冷心,44,592,20,16,17,6583,0,_
367,0,用户2057310986169,0,186,1,0,0,108,0,_
368,0,,9,1827,31,2,2,19330,0,_
369,0,喜洋洋58795,4,154,29,1,1,2373,0,_
370,0,薛牛逼,1,417,7,0,1,5345,0,_
371,0,无敌小牛牛,1,307,4,1,1,1550,0,_
372,0,长恨ㅤ,5,87,0,2,2,66,1,“有些事说出来显得我不大度，但我的确很不开心，如果你不懂我，那错的都是我”_
373,0,小小,0,134,2,0,0,646,0,_
374,0,手机用户87120658383,0,48,1,0,0,105,0,_
375,0,已重置,0,126,2,0,0,6335,0,_
376,0,海 绵,0,226,2,0,0,503,0,_
377,0,02的daring(02家族),1176,2000,397,19,23,4049,1,最喜欢02了_
378,0,お咏℃远シ,0,75,14,0,0,114,1,活着就好_
379,0,日落时温柔,11,217,9,3,4,7798,0,_
380,0,独苗（国一马超）,6,43,8,2,3,876,1,一给我哩giao_
381,0,无所谓～,0,42,1,0,0,13,0,_
382,0,第五实力派(七情),4,171,3,1,1,944,1,加油，明天会更好_
383,0,猪猪太难辣,0,697,38,0,0,0,0,_
384,0,g沙雕٩(͡๏̯͡๏)۶,0,3832,11,0,1,497,0,_
385,0,感觉很nice,0,297,8,0,0,0,0,_
386,0,用户412225178472,0,835,2,0,0,69,0,_
387,0,岚歌,1,128,5,0,0,10783,0,_
388,0,枯港@,0,227,2,0,0,270,0,_
389,0,用户5847421783801,0,41,0,0,0,79,0,_
390,0,🍟,0,428,6,0,0,4161,0,_
391,0,肥胖,2,782,9,2,3,6597,0,_
392,0,短笛短,50952,86,1438,1,2,215,0,_
393,0,输不起了……,2,4999,83,0,2,51694,0,_
394,0,许,0,113,18,0,0,364,0,_
395,0,L167,0,68,20,0,0,12595,1,时间不会等随波逐流的傻瓜_
396,0,李运泉,0,98,3,0,0,1152,0,_
397,0,俊哥,9635,1791,518,22,23,35810,1,你关注我，我关注并且把你每个视频都看一遍都点赞。粉丝到1000，你们想怎么样就怎么样。_
398,0,LG加油,0,51,1,0,0,0,1,一无所有_
399,0,讴歌,0,102,17,0,0,0,0,_
400,0,墨玄,0,1000,13,0,0,2801,1,粉海猖狂，护正为王_
401,0,Monkey  D.    Luff,0,22,4,0,0,418,1,ONE    PIECE……_
402,0,归莫,0,46,1,0,0,59,0,_
403,0,忧崽,0,317,8,0,0,1372,0,_
404,0,Ŵç,0,44,0,0,0,33,0,_
405,0,我叫鱼缸,0,19,0,0,0,73,0,_
406,0,旭日东升cc,0,1061,20,0,0,0,0,_
407,0,卷入星河.,0,201,7,0,0,0,0,_
408,0,我向中国告白,88,400,6,2,3,2051,0,_
409,0,睇睇,0,82,0,0,0,535,0,_
410,0,用户100413762766,0,60,0,0,0,16,0,_
411,0,用户5972477572534,0,88,1,0,0,334,0,_
412,0,用户1070517993113,0,38,0,0,0,61,0,_
413,0,韩少爷,322,433,27,67,68,5976,1,大帅哥_
414,0,用户1104569704908,0,11,0,0,0,58,0,_
415,0,呃,0,123,5,0,0,0,0,_
416,0,北风几吹夏,1,85,6,1,1,203,0,_
417,0,已重置,0,124,0,0,0,379,0,_
418,0,枫林小子,1,3212,16,0,1,16048,0,_
419,0,༜࿂ཿ,2,696,10,0,0,1257,0,_
420,0,xue h su j snd,0,39,0,0,0,25,0,_
421,0,低调,0,40,2,1,1,398,0,_
422,0,班班,0,55,1,0,0,490,0,_
423,0,手机用户62919598036,0,146,8,0,0,424,0,_
424,0,闷声发大财,0,331,36,0,0,0,0,_
425,0,呵呵哒,100,2320,35,13,15,11571,0,_
426,0,于格,0,168,1,0,0,200,0,_
427,0,代号:002,125,162,38,5,5,354,0,_
428,0,想念丶,5,51,1,0,3,185,0,_
429,0,63,0,122,2,0,0,2722,0,_
430,0,白夜,0,124,0,0,0,162,0,_
431,0,哦...豁...,0,138,4,0,0,383,1,噜啦啦噜啦啦噜啦噜啦嘞_
432,0,混沌剑神,0,1380,6,0,0,56890,0,_
433,0,虏奙崴,0,30,3,0,0,370,0,_
434,0,日月如梭,17,98,48,3,3,10486,0,_
435,0,꧁༺一切只是幻影༻꧂,0,213,5,0,0,6012,0,_
436,0,@LBW🐂🍺,1,2209,74,0,0,12692,0,_
437,0,用户7034053946875,0,26,0,0,0,3,1,这个人很聪明什么也没留下。_
438,0,罷,0,3328,16,0,0,4584,1,奥利给_
439,0,奥威特~零类精密轴承及套圈,0,223,3,0,0,577,0,_
440,0,用户984432752,0,24,0,0,0,9,0,_
441,0,qzuser,0,1281,2,1,1,3690,0,_
442,0,来一口呗,0,87,5,0,0,0,0,_
443,0,郑🍎萍,73,36,21,14,15,936,0,_
444,0,554.2W,0,4723,149,0,0,47736,1,不关注我，我就用小拳拳捶你胸口_
445,0,和平精英•天鬼卍,0,318,2,0,0,235,0,_
446,0,离殇,0,140,0,0,0,1363,0,_
447,0,刘怼,57,343,37,17,17,3545,0,_
448,0,用户6564115280430,0,125,0,0,0,215,0,_
449,0,用户1003639347052,0,37,19,0,0,2831,0,_
450,0,◕✿꧁(u‿ฺu✿ฺ杰꧂✿,55,1135,53,0,0,0,0,_
451,0,好嗨哟,0,1893,40,0,0,0,0,_
452,0,kevvin,0,38,0,0,0,352,0,_
453,0,夜雨,0,143,0,0,0,2654,0,_
454,0,我叫某某某,2,698,52,0,1,3386,0,_
455,0,倾城绝恋,242,3244,66,21,21,3538,0,_
456,0,清霄,0,698,0,0,0,2554,0,_
457,0,无情,0,169,0,0,0,122,0,_
458,0,用户335748920322,1,119,2,0,1,631,0,_
459,0,用户9881125374042,0,234,0,0,0,4159,0,_
460,0,花花世界,0,216,8,0,0,1121,0,_
461,0,孤独流浪者（图片剪辑）,13610,1890,2468,39,41,6547,1,只要喜欢02我们就是朋友，要图加Q:1946943516，说明来意_
462,0,奶柔且刷盾29,0,367,16,0,0,2399,0,_
463,0,用户4157619591547,0,72,3,1,1,10,0,_
464,0,刺客001,7,1136,3,5,5,469,0,_
465,0,一起玩,0,537,5,0,0,4425,0,_
466,0,用户6366923735811,0,40,2,0,0,2076,0,_
467,0,皓月当空,0,70,2,0,0,1330,0,_
468,0,牛批怪,0,299,0,0,0,0,0,_
469,0,祈天末（天末）,0,56,1,0,1,441,0,_
470,0,猫七,57,361,9,0,0,8984,1,有闺蜜啦，我只宠她嘿嘿🌚_
471,0,0511加0908,0,2261,878,0,0,6986,0,_
472,0,捷捷捷,14,255,3,7,7,1776,0,_
473,0,一纸荒年  Trace,14,371,41,1,1,535,1,只要你关注我，一定会回关的，但是由于上课原因，可能需要好多天，6天来家一次_
474,0,zxpq,0,608,1,0,0,1937,0,_
475,0,一生的回眸只为你,152,111,122,11,12,9890,0,_
476,0,浪白,11,3834,32,5,5,14175,0,_
477,0,小杠杠,8,1072,20,2,2,7666,0,_
478,0,用户2486690512246,0,807,5,0,0,340,0,_
479,0,追亿,0,325,0,0,1,449,0,_
480,0,.,0,45,0,0,0,48,0,_
481,0,用户9079941366784,0,8,0,0,0,221,0,_
482,0,用户533520892,0,62,0,0,0,265,0,_
483,0,Gc、帅草帽,0,214,18,0,0,5875,0,_
484,0,无名小K,0,1494,5,0,0,12018,0,_
485,0,~!~大米,37,802,11,13,14,6261,0,_
486,0,已重置,0,241,0,0,0,3404,0,_
487,0,妍子（国服加罗）,0,175,0,0,0,1421,0,_
488,0,瑞儿,0,4,1,0,0,35,0,_
489,0,玖萧,1414,267,111,150,150,1946,1,此人已死eee_
490,0,chin,0,138,0,0,0,789,0,_
491,0,久帝丶南歌,0,1318,27,0,0,2990,1,射手座_
492,0,leave倾城 重回mc,815,452,90,35,36,7565,1,粉丝群（QQ）：687318451破200百粉爆照_
493,0,➡️➡️➡️🇨🇳,0,81,1,0,0,116,0,_
494,0,不点赞全抬走,0,403,17,0,0,1042,0,_
495,0,呼呼呼呼呼,0,58,0,0,0,1,0,_
496,0,0202020202,0,922,54,0,0,0,0,_
497,0,容尚芭莎,35,182,15,5,5,2920,0,_
498,0,杜明宣,0,100,13,0,0,0,0,_
499,0,快乐的人就是幸福,8,3577,23,1,1,3743,0,_
500,0,用户9412652434559,0,266,0,0,0,1403,0,_
501,0,玖弦,0,334,85,0,0,1310,0,_
502,0,？,4,3496,42,0,0,0,0,_
503,0,(´；ω；`),0,558,7,0,0,3302,0,_
504,0,494949959,31,147,7,8,8,109,0,_
505,0,·  神明＂,0,67,1,0,0,0,0,_
506,0,阿三好帅呀,8,316,4,4,10,6364,0,_
507,0,用户4300424550536,0,106,0,0,0,45,0,_
508,0,用户9402711888738,0,45,0,0,0,1,0,_
509,0,[看]靓仔,0,263,17,0,0,202,1,我是靓仔_
510,0,水月,3091,4970,602,58,59,0,1,谢谢你的关注_
511,0,专业团队,6,182,32,0,4,3672,0,_
512,0,啊精,14,920,11,3,3,8753,0,_
513,0,二哈哈,0,2168,2,0,0,4447,0,_
514,0,顾辰（村服诸葛曜狂铁）,16,158,15,4,4,1442,1,QQ1810127906段位:王者喜欢打野县级诸葛曜狂铁在榜本人今年15_
515,0,一条小鲛鲛ovo,0,2929,26,0,0,0,0,_
516,0,是辉辉哦,0,299,2,0,0,2724,1,一个新的主播_
517,0,用户9289239508396,0,571,26,0,0,7169,0,_
518,0,用户6191146650272,0,225,0,0,0,1,0,_
519,0,用户2050094053595,0,334,0,0,0,591,0,_
520,0,搁浅的🐠,233,1318,67,35,39,2499,1,对酒当歌，强乐还无味！_
521,0,无敌刁,0,99,0,0,0,12,0,_
522,0,用户4005452862106,0,45,0,0,0,132,0,_
523,0,用户8602925279469,0,85,0,0,0,669,0,_
524,0,七妹,205,28,22,64,66,160,1,我每天都在笑，你猜我过得好不好。_
525,0,Dym渣浪,5,229,8,2,2,308,0,_
526,0,云梦☁,0,2558,28,0,0,6319,1,新号请大家勿喷♥_
527,0,死呆猪,0,218,2,0,0,4359,0,_
528,0,你真棒,2,263,35,0,26,461,0,_
529,0,『烦人的烦恼』,0,186,3,0,0,1992,0,_
530,0,小豪（边惩猪八戒）,38,71,162,4,4,1647,1,🐧群：10212504140常用出装：布甲鞋 肉打野刀 黑切 征兆 锤子 霸者边惩猪八戒，钻石能力有限，可以出教程一位想上国服的00后想知道更多出装，加好友，我来告诉你_
531,0,用户2396083738080,0,62,0,0,0,104,0,_
532,0,365w人,2,97,2,1,1,201,0,_
533,0,CH菜包,0,127,5,0,0,120,0,_
534,0,玄子爱喝马桶水,2,459,8,2,2,3525,0,_
535,0,......,0,1408,22,0,0,18522,0,_
536,0,百味.,0,4890,47,0,0,0,1,一切不过都只需要时间罢了.～_
537,0,皓月当空,0,226,10,0,1,3152,1,我可以专一的让你惊讶也可以花心的让你害怕我用女生头像可能变态_
538,0,武汉☞加油^O^,17,1049,43,3,4,2015,0,_
539,0,黄皮电耗子,1,3626,154,0,1,33063,1,告诉秋天不必来了，我等的人已经黄了。_
540,0,用户1964812944485,0,95,1,0,0,293,0,_
541,0,黑巷＆少年,28,286,8,0,0,0,0,_
542,0,不点赞就抬走,48,369,21,8,8,17259,1,粉丝1万露脸_
543,0,娶法师做对象,0,177,12,0,0,1707,1,一天_
544,0,用户5884323268836,0,294,0,0,0,603,0,_
545,0,大墨,0,1246,14,0,0,395,0,_
546,0,已重置,0,681,4,0,0,626,0,_
547,0,柠蓝浅夏,0,1630,9,0,0,10754,0,_
548,0,用户8411981539140,0,14,0,0,0,662,0,_
549,0,鹤望兰🌃,0,1195,13,0,0,2094,1,无_
550,0,AA之牛气冲天`料场,0,916,14,0,0,3740,0,_
551,0,༼｡＾･月明星稀･＾｡༽,4,2052,11,6,6,20169,0,_
552,0,抖音墨羽,13,793,29,1,2,4039,0,_
553,0,这个周末有空吗,18,328,4,0,15,4302,1,没什么好说的_
554,0,未来国服娜可,31,290,54,6,6,6277,0,_
555,0,偷心💔,0,134,0,0,0,64,0,_
556,0,刘易斯,0,145,2,0,0,2238,0,_
557,0,ㅤ天天向上,299,369,98,0,0,0,0,_
558,0,洪瑾轩,0,668,7,0,0,2109,0,_
559,0,嫜嫝嫞嫟嫠嫡嫢嫣嫤嫥嫦嫧嫨嫧嫩嫪嫫嫬嫭嫮,0,148,19,0,0,114,0,_
560,0,心凉.,0,838,0,0,0,3410,0,_
561,0,白衣,0,154,3,0,0,527,0,_
562,0,科学宇宙（机器人。）,0,99,0,0,0,5963,0,_
563,0,Archer,0,72,0,0,0,0,0,_
564,0,邓利哥,0,131,0,0,0,30,0,_
565,0,第五人格饭饭,16,1352,31,3,3,10612,1,会玩第五人格的一起玩。_
566,0,忘了,0,49,0,0,0,1075,0,_
567,0,遇见李商隐,0,266,6,0,1,252,0,_
568,0,用户118955840824,0,9,0,0,0,18,0,_
569,0,用户7138552892691,0,28,0,0,0,2,0,_
570,0,教主,0,922,8,0,0,15876,0,_
571,0,折木奉太郎.,34,318,45,9,9,10127,1,那算了吧..._
572,0,诡,0,25,1,0,0,1,1,⠀_
573,0,笑颜,0,2241,8,0,0,0,0,_
574,0,꧁꫞꯭越诀꫞꧂,21,3535,87,0,0,0,0,_
575,0,孤儿小淘气🌼,0,106,20,0,0,4984,1,表演一段舞蹈吧 ጿ ኈ ቼ ዽ ጿ ኈ_
576,0,张肥仔,0,744,8,0,0,3011,0,_
577,0,骑着蜗牛练漂移,50,245,24,3,3,145,1,我的命运我做主_
578,0,梧桐的秋天,0,1655,4,0,0,51766,0,_
579,0,大河之剑,0,2065,15,0,0,11118,0,_
580,0,一念成魔一念成佛,0,28,0,0,0,20,0,_
581,0,和平精英小阔   ˋεˊ,0,1650,58,0,1,5238,1,谢谢你的关注_
582,0,好v也不疼DVD,0,499,30,0,0,0,0,_
583,0,用户35994549100,0,417,0,0,0,2737,0,_
584,0,☞⊙∀⊙☜,0,266,1,0,0,1774,0,_
585,0,Heart Att、凉城,0,42,0,0,0,12,0,_
586,0,鹿邑,0,181,0,0,0,298,0,_
587,0,zqL,51,1125,82,0,0,0,0,_
588,0,於.,0,373,3,0,0,5058,0,_
589,0,初夏,13,588,15,5,6,1726,0,_
590,0,樂芯,56,575,14,0,0,0,0,_
591,0,用户6791850779370,12,588,3,3,3,7096,0,_
592,0,FSU,0,257,2,0,0,155,0,_
593,0,綺麗Charm,0,4105,72,0,0,19033,1,🙏谢谢大家的关注🥰_
594,0,用户3705486102704,0,22,0,0,0,1,0,_
595,0,可爱揪着,10,321,3,4,5,6629,0,_
596,0,东京 The King 食种,5,1269,40,0,0,0,0,_
597,0,铭,5,258,19,4,4,4553,0,_
598,0,",！",0,271,1,0,0,295,0,_
599,0,用户4225204524856,0,51,5,0,0,3,0,_
600,0,mod,7,196,2,0,0,0,0,_
601,0,用户9981083133976,0,337,2,0,0,256,0,_
602,0,三何,0,313,12,0,0,1954,1,宛如智障_
603,0,忘生184,0,171,2,0,0,17329,0,_
604,0,干了奥利给,10,165,5,0,2,1702,0,_
605,0,阿青我loveyou,0,284,2,0,0,614,0,_
606,0,随心不留,0,134,4,0,0,598,1,真好！_
607,0,∞💀,0,134,45,0,0,2068,0,_
608,0,用户8434138215761,0,45,0,0,0,103,0,_
609,0,墨尔本,0,24,3,0,0,27,0,_
610,0,终结天下,55,2305,31,4,4,4105,1,hi_
611,0,鬼牙骁骑,0,224,11,0,0,41837,0,_
612,0,εÖ,0,343,17,0,0,32962,1,从来都没有得到过偏爱。_
613,0,用户239636656903,0,5,0,0,0,28,0,_
614,0,Drst–Ming,0,43,1,0,0,255,0,_
615,0,泪白,3,2048,16765,0,5,19334,1,奥耶！_
616,0,枳酒,0,435,24,0,0,4649,1,の_
617,0,仙.小小孩子,0,839,34,0,0,7652,1,开心就对了呗_
618,0,玲,0,22,27,0,0,469,0,_
619,0,金梦少年,13,745,13,3,3,3169,0,_
620,0,永远,0,130,1,0,0,382,0,_
621,0,千手修罗、幽冥白虎,0,254,0,0,0,500,1,小舞受伤，此人必废！😂😂_
622,0,十里不成书,9,1210,15,2,2,5109,0,_
623,0,奈白好帅,0,1187,47,0,0,11472,0,_
624,0,用户1481321586155,0,180,0,0,0,1745,0,_
625,0,用户3241093771159,0,98,1,0,0,614,0,_
626,0,亚星极天,0,195,2,0,0,244,0,_
627,0,随心所意,0,250,4,0,0,869,0,_
628,0,꧁炽-阳-啊꧂,11,122,7,2,2,2,1,炽阳🐰_
629,0,和平精英丶神秀（接单）,2,495,6,1,1,3983,1,坚持就是要在快坚持不住的时候坚持下去🐧:3083953480_
630,0,张木木游戏解说,2,388,5,1,1,2519,0,_
631,0,幻想游戏,8,1268,13,2,3,13539,1,幻想无边，称霸游界_
632,0,詠隔,51,1884,167,13,13,6641,1,一千粉露脸，别乱点哦_
633,0,顾念.,0,88,11,0,0,97,0,_
634,0,小鹿乱撞.,35510,1147,1023,8,10,32042,1,干净_
635,0,啊雕,0,131,2,0,0,215,0,_
636,0,程,424,1784,60,51,52,4945,0,_
637,0,用户5254425588924,0,597,3,0,0,1676,0,_
638,0,曹……,54,489,16,23,24,4506,1,粉丝破10万作者女装_
639,0,柏bbbbbbbbbbbbbbbbbbb,87,832,28,4,4,0,1,._
640,0,蒋煜煜,0,76,0,0,0,223,0,_
641,0,十四,0,23,15,0,0,230,0,_
642,0,傻灰灰,3,448,3,0,0,0,0,_
643,0,1.2亿人,0,1687,6,0,0,7494,0,_
644,0,鬼？,42,2029,136,2,4,16261,0,_
645,0,平凡,0,542,32,0,0,7153,0,_
646,0,爆～米花,170,2070,41,1,4,50565,1,黑猫以前配音员小太阳_
647,0,用户5492473384276,0,2758,7,0,0,8898,0,_
648,0,高傲的孤独,0,208,3,0,0,203,0,_
649,0,初中抢饭第一,33,203,6,18,18,671,0,_
650,0,用户2933525251320,0,185,0,0,0,290,0,_
651,0,3479,0,3240,14,0,0,2854,0,_
652,0,^ω^拒绝套路^ω^,39,401,23,0,0,0,0,_
653,0,看,6,3251,21,2,4,8579,0,_
654,0,☜爱你☞,0,51,10,0,0,130,0,_
655,0,想变强先充钱💰,0,283,1,0,0,0,0,_
656,0,麻,12,415,8,32,32,741,0,_
657,0,天赦、夜秋风,0,225,17,0,0,1527,1,二，，六七二七抱歉   天赦、吴神天赦，名伤天赦、夜秋风_
658,0,ㅤㅤㅤㅤㅤㅤㅤㅤ,0,342,173,0,0,28681,0,_
659,0,南城相拥,0,318,18,0,0,3801,1,编辑有用？_
660,0,桃之夭夭,0,2037,5,0,0,13492,0,_
661,0,用户4147703656569,0,475,2,0,0,883,0,_
662,0,小米,0,160,1,0,0,370,1,(๑˙ー˙๑)_
663,0,小榕树.,0,646,13,0,1,13603,0,_
664,0,V8,0,786,21,0,0,614,0,_
665,0,???,0,416,14,0,0,835,0,_
666,0,Stamen.,0,763,16,0,0,2582,0,_
667,0,柑子……山峰？,0,20,0,0,0,397,0,_
668,0,尹成空,0,165,8,0,0,25853,0,_
669,0,一个人也很酷🚬,8,367,5,5,5,17470,0,_
670,0,孤栀,0,16,1,0,0,222,0,_
671,0,某粉～(￣▽￣～)~,0,532,25,0,0,3521,1,只认女生(づ ●─● )づ_
672,0,我是猛男,0,393,2,0,0,11695,0,_
673,0,飞飞飞飞飞飞,36,957,19,18,18,7246,0,_
674,0,沫小海,0,76,4,0,0,50,0,_
675,0,王者吃鸡,29,594,16,10,10,2444,1,告诉你个秘密㊙️，我是无敌的。_
676,0,Chihiro,2,3433,54,0,3,8473,0,_
677,0,☞贵八☜,2,314,3,1,1,2211,0,_
678,0,用户4962972578731,0,88,0,0,0,51,0,_
679,0,283.5w人,0,218,4,0,0,7340,0,_
680,0,纯黑的噩梦,0,566,1,0,0,2529,0,_
681,0,用户8122222904171,0,64,0,0,1,1459,0,_
682,0,已重置,4,368,2,1,1,2926,0,_
683,0,用户6874641873059,0,58,0,0,0,29,0,_
684,0,用户8808812540584,3,232,2,2,2,5988,0,_
685,0,王者荣耀搜；软辅.skr,0,43,0,0,0,91,0,_
686,0,用户6507521011122,0,76,0,0,0,240,0,_
687,0,拾柒。,0,301,15,0,0,4231,0,_
688,0,灿（暗部玩家）六花爷老婆,123,680,40,19,19,3267,1,咳咳，之前用另一个抖音发的作品_
689,0,叫老婆,10,519,13,2,2,12793,0,_
690,0,王腾岳,6,3545,26,0,0,0,0,_
691,0,什么❤️❤️,5,148,3,6,6,173,0,_
692,0,你好sao啊，,4,149,29,2,3,0,0,_
693,0,小乐乐,0,141,0,0,0,7200,0,_
694,0,.千沫.,1,4937,390,0,0,46421,1,宝贝:瑶瑶♡_
695,0,TG丶神窟,0,492,25,0,1,676,0,_
696,0,叁,0,107,34,0,0,87,1,giao_
697,0,锦锈,0,444,5,0,0,827,0,_
698,0,杨玉鹏,0,255,10,0,4,23858,0,_
699,0,流星雨,3,368,10,1,1,1068,0,_
700,0,只会兰陵王己退游,1,316,5,1,1,87,1,只玩兰陵王_
701,0,你的安安,122,234,37,10,10,7402,0,_
702,0,给我点赞都是靓仔,3,2167,67,0,0,0,0,_
703,0,C罗,4,545,18,2,2,968,0,_
704,0,第五人格柯基奈,0,126,5,0,0,394,1,制作第五人格佣兵视频的UP主，本命佣兵，希望获得大家的喜欢_
705,0,扛米族,8,147,4,4,4,319,0,_
706,0,小森森,212,73,24,26,27,1822,0,_
707,0,High,0,100,0,0,0,18,0,_
708,0,不点赞下一个就抬你,25,1094,27,5,5,1763,0,_
709,0,沙雕小杠精,20,896,6,8,8,5212,0,_
710,0,<－biubiu－⊂(`ω´∩),0,267,8,0,0,3221,0,_
711,0,He、,6,760,27,0,0,41039,0,_
712,0,无忧,0,303,6,0,0,13,0,_
713,0,抓住小可爱,0,1236,10,0,1,9865,0,_
714,0,王者青铜,9,516,12,4,4,3427,1,干啥啥不行，玩游戏第一名王者QQ群：1073146722也可以加我一起玩Q：201922811_
715,0,冰厌,1,221,3,2,2,1908,0,_
716,0,无名氏,0,74,2,0,0,705,0,_
717,0,a＇ゞ墨羽,0,736,4,0,0,4850,0,_
718,0,林xj,18,4263,44,17,20,23050,0,_
719,0,zbc,0,3113,70,0,0,12703,0,_
720,0,witch,0,103,0,0,0,0,0,_
721,0,西瓜山文门,15,163,11,2,2,1315,0,_
722,0,安仔牛奶,0,54,0,0,0,167,0,_
723,0,君莫小,9,39,6,3,3,530,0,_
724,0,韵,9,324,6,2,2,2840,0,_
725,0,月落,0,66,4,0,0,0,0,_
726,0,柒染,0,515,5,0,0,190,0,_
727,0,？？？杠精,32,628,11,16,17,1808,0,_
728,0,帅,0,123,0,0,0,736,0,_
729,0,菲佬,1,323,2,1,1,595,1,淦_
730,0,百里守约,0,107,3,0,1,3,0,_
731,0,求晚莹皮肤啊,0,177,10,0,0,987,1,求晚莹皮肤好难呜呜呜(┯_┯)_
732,0,国家一级保护动物单身狗,0,343,9,0,0,9916,0,_
733,0,用户7657250235478,0,320,0,0,0,86,0,_
734,0,涵涵,0,3726,91,0,0,3987,0,_
735,0,XXX-cial,0,166,2,0,0,403,0,_
736,0,用户6759921255575,0,154,0,0,0,1259,0,_
737,0,用户2192085820200,0,535,0,0,0,4977,0,_
738,0,靖轩（利刃）,26,1392,50,7,7,4256,0,_
739,0,嘿，Siri，,1,457,5,0,0,0,0,_
740,0,善解人意,569,232,43,80,82,6268,1,我是善解人意请大家关注哟_
741,0,追风者,4,272,28,2,2,0,0,_
742,0,2岁就很酷,4,45,14,0,1,742,0,_
743,0,用户4823164904337,0,42,0,0,0,91,0,_
744,0,心醉,4,419,10,2,6,1967,0,_
745,0,Zenr佩恩[Malaysian],0,460,42,0,0,20013,1,卧槽是谁？！_
746,0,飘雪,5,520,4,7,7,7673,0,_
747,0,用户507206895061,0,129,2,0,0,172,0,_
748,0,LI 彬,391,305,152,27,27,0,1,熬———是人生中最深的滋味_
749,0,火之意志,111,488,176,10,10,8912,0,_
750,0,The,0,1109,9,0,0,1198,0,_
751,0,我套你鸭子,0,22,0,0,0,30,0,_
752,0,下路红糖,0,502,24,0,0,5509,0,_
753,0,用户不存在,0,164,6,0,0,824,0,_
754,0,张伟业S,10,327,5,4,4,17512,0,_
755,0,苹果用户359394,0,108,0,0,0,1079,0,_
756,0,星辰🍑和平精英,1,1628,37,2,3,13313,1,每天8:00~8:30直播_
757,0,也曾拥抱过,0,167,0,0,0,745,0,_
758,0,玉狼（和平精英）,0,814,11,0,0,0,0,_
759,0,用户1785764677935,5,432,3,1,3,6551,0,_
760,0,浪人♤希斯,0,446,2,0,0,658,1,天堂不开门，地狱不收我，我独自一人，在人间漂泊，往事如烟，随她去吧，就这样吧……_
761,0,暖阳✿,0,10,192,0,0,1,0,_
762,0,用户7426901360189,0,99,3,0,0,573,0,_
763,0,影帝游戏,0,61,0,0,0,49,0,_
764,0,멋있다.,3,109,4,1,1,3038,0,_
765,0,2333.,0,62,0,0,0,0,0,_
766,0,我好帅,0,70,0,0,0,122,0,_
767,0,沐尘,6,146,4,3,3,55,0,_
768,0,柒（五六七）,8,568,4,25,25,2319,0,_
769,0,小浩,0,355,1,0,0,3401,0,_
770,0,做梦^_^,0,666,3,0,0,4494,0,_
771,0,成,0,72,0,0,0,55,0,_
772,0,·野原小新·,0,603,8,0,0,12523,0,_
773,0,夜天蓝星,0,112,4,0,0,542,1,想做你的蓝天_
774,0,哦哦哦哦哦,0,113,11,0,0,673,0,_
775,0,天骐ag,5,216,10,0,3,250,0,_
776,0,用户9170704172432,0,36,0,0,0,1,0,_
777,0,埼,0,189,8,0,0,3390,1,赵_
778,0,恶魔之恋,0,144,3,0,0,1329,0,_
779,0,我的世界_冰棠,0,4020,29,0,0,871,1,睡不醒又瘦不下来的女乌龙～_
780,0,迁就℡,0,2441,20,0,0,9793,0,_
781,0,鹤川（不定期更新）,1769,363,89,59,59,2907,1,只要你喜欢火影我们就是朋友。QQ:1963265256。谢谢你的关注！🌚_
782,0,游戏刺客,0,5001,83,0,0,16603,0,_
783,0,木鱼,0,29,1,0,0,1585,0,_
784,0,无理由.,7,1293,41,4,5,17882,0,_
785,0,苒&陌,3,128,12,1,1,220,0,_
786,0,€_€,0,188,7,0,0,949,0,_
787,0,佩恩,6,562,6,2,2,656,0,_
788,0,境,0,1342,36,0,0,29358,0,_
789,0,残梦孤灯,33,212,8,6,6,94,1,王者四区服（兰陵王裴擒虎周瑜曜），视频很多都是小号打的，请谅解，欢迎关注_
790,0,ZHC,11,808,5,4,5,3729,1,是小学生，像破190粉😊_
791,0,断桥,0,2253,24,0,0,0,1,我是ren_
792,0,somej,0,14,0,0,0,15,0,_
793,0,只有把名字起这么长我才会引起别人的注意,14,861,29,2,2,275,0,_
794,0,浪子,0,173,1,0,1,2570,0,_
795,0,，，，，，,2,246,6,1,1,2916,0,_
796,0,花花世界梦一场,7,427,7,2,2,1953,0,_
797,0,白浩辰,7,1901,14,5,5,1868,0,_
798,0,用户4800870924475,0,29,0,0,0,82,0,_
799,0,用户913138898352,0,317,2,0,0,223,0,_
800,0,lsy,0,179,1,0,0,3953,0,_
801,0,꧁梦白꧂,0,413,25,0,0,1517,0,_
802,0,小诺owo,0,1028,2,0,0,9,0,_
803,0,。。。。。。。。。。。。。。。。。。。。,0,693,9,0,0,3518,0,_
804,0,天役,11,194,18,1,1,341,1,每周末更新王者视频，一个爱玩战边打野的卑微小男生，本命露娜。留下一个赞和评论吧。_
805,0,宸个鬼,0,210,2,0,0,250,1,你猜_
806,0,细节,0,14,0,0,0,0,0,_
807,0,无耳洞女孩,4,97,37,1,1,34268,0,_
808,0,有点智障,0,3534,70,0,0,5804,0,_
809,0,ζั͡捻ั͡旧,0,58,1,0,0,0,0,_
810,0,✘,0,1337,4,0,0,6109,0,_
811,0,玄子爱吃马桶,20,842,29,4,4,3655,0,_
812,0,奈奈米,0,48,2,0,0,110,0,_
813,0,，,11,253,46,1,2,381,1,29岁_
814,0,呵呵,29,2173,50,13,13,5660,0,_
815,0,用户3095433409224,0,119,0,0,0,659,0,_
816,0,用户8218463908765,0,21,0,0,0,16,0,_
817,0,小堡，信佛,109,719,70,7,7,17209,1,信佛_
818,0,小兰兰的好伙伴,0,259,9,0,0,0,0,_
819,0,怪天990,0,14,0,0,0,23,0,_
820,0,满目星河,0,2165,42,0,0,1173,0,_
821,0,Φ青泉,0,1532,2,0,0,20372,0,_
822,0,明天，,0,25,0,0,0,16,0,_
823,0,泡芙铁粉,1,838,16,1,1,1152,0,_
824,0,群培,269,2234,72,18,19,23584,0,_
825,0,夏梓皓,11,779,13,6,6,1977,0,_
826,0,KFC少年,0,588,29,0,0,28961,1,嘻嘻，你也好_
827,0,用户9187857737421,0,149,1,0,0,500,0,_
828,0,么啦,59,4916,45,18,19,828,0,_
829,0,我,0,59,5,0,0,151,1,喜欢烧菜.旅游.是一个头脑简单.没有心机的人.感谢抖音让我在这里与你们相遇的开心每一天！_
830,0,余笙,4,444,15,1,1,281,0,_
831,0,什么鬼？,0,246,66,0,0,3392,0,_
832,0,电法沙,4,326,3,2,2,4820,0,_
833,0,星痕,0,225,10,0,0,44738,0,_
834,0,溯,0,96,3,0,0,9,0,_
835,0,柠檬味的大海,0,281,0,0,0,1504,0,_
836,0,永等你,7,511,21,1,1,15691,1,不可聊     长得丑不求喜欢谢谢😊😊😊😊😊😊😊_
837,0,无光,0,776,47,0,0,3981,0,_
838,0,十里顾清风,5,355,375,0,1,0,1,谢谢你的关注_
839,0,亮子,0,27,2,0,0,12,0,_
840,0,孤城岸边落妖泪,0,105,11,0,0,29,0,_
841,0,{=萌哭全场∩―∩,0,222,3,0,0,0,0,_
842,0,用户2889600510969,0,295,0,0,0,324,0,_
843,0,呦吼,0,266,13,0,0,19200,0,_
844,0,sup林,0,76,12,0,0,1455,0,_
845,0,丫头你是我的,0,113,27,0,0,103,1,宝宝是个暖男。（真的吧）_
846,0,用户4296379617888,0,55,0,0,0,11,0,_
847,0,[看],0,693,16,0,0,13155,1,～～～_
848,0,天宇,612,96,124,107,108,11316,0,_
849,0,༺默༒語༻,8,299,16,0,2,6542,1,我应学会控制脾气，控制情绪，笑着沉默，不管闲事，去思考后果。_
850,0,hhhh,0,791,8,0,0,5542,0,_
851,0,Violet.,0,447,1,0,0,10788,1,网络上我重拳出击，现实里才刚上初一_
852,0,不点赞下一个抬的就是你,4,906,6,0,0,0,0,_
853,0,t天道佩恩,2,1247,37,1,1,13825,0,_
854,0,用户105463267499,0,274,0,0,0,7556,0,_
855,0,@安辛呀OvO？？？,9,48,1,5,5,194,0,_
856,0,和平精英广童,27,783,14,7,7,7132,1,微信区iOS名字叫北京丶陈伟霆_
857,0,未来,0,62,1,0,0,10,0,_
858,0,user8431088561840,0,1034,5,0,0,13521,0,_
859,0,小血板(努力中),11,1566,7,4,4,2152,1,谁TM4月1日让我过愚人节，我TM4月4日让他过清明节_
860,0,星坠入银河,0,517,26,0,0,13772,0,_
861,0,悟空,0,325,8,0,0,203,0,_
862,0,觉得几点回家,0,304,21,0,0,895,0,_
863,0,给大哥点支烟,0,819,4,0,0,4052,0,_
864,0,东东,0,165,2,0,0,47,1,东东广东_
865,0,MC银粼,0,70,0,0,0,170,0,_
866,0,━浪烟━,8,1464,12,1,1,9384,0,_
867,0,用户1367566155004,0,30,0,0,0,82,0,_
868,0,小狼狗好可爱,435,351,40,115,115,8619,0,_
869,0,默殇,3,43,95,0,1,6989,0,_
870,0,小帅,4,293,3,2,2,3700,0,_
871,0,光年,1,429,9,0,0,1072,0,_
872,0,我要变强大,10,20,6,4,4,666,0,_
873,0,呃,0,61,0,0,0,402,0,_
874,0,🌻黑河,0,621,25,0,0,2387,0,_
875,0,九仙,0,1095,39,0,0,7512,0,_
876,0,童胖胖,0,153,14,0,0,2841,0,_
877,0,欣如月,0,524,7,0,0,7882,0,_
878,0,用户7771170128739,0,220,2,0,0,3090,0,_
879,0,梦笑,0,682,10,0,0,3739,0,_
880,0,坏人移动电源,11,1093,27,4,6,7750,0,_
881,0,小菜一碟,0,373,12,0,0,16233,0,_
882,0,用户3544404361668,0,75,0,0,0,790,0,_
883,0,卢鬼才,120,127,62,28,32,13875,0,_
884,0,卡卡,5,501,4,3,3,1194,0,_
885,0,用户8307898152804,0,96,0,0,0,137,0,_
886,0,月野.,0,1973,90,0,0,85904,1,宝贝。_
887,0,柒,9,747,7,5,5,1296,1,没啥可说的，就这样嗯嗯。_
888,0,用户7348964759000,0,290,1,0,0,65,0,_
889,0,才能学接电话速度回华师大厚度u,325,298,28,0,0,0,0,_
890,0,国服,2,216,9,1,1,8734,0,_
891,0,用户8776506134007,0,720,2,0,0,2486,0,_
892,0,用户4621557433658,0,549,0,0,0,636,0,_
893,0,岁月,0,34,0,0,0,79,0,_
894,0,拂染,0,32,0,0,0,102,0,_
895,0,守护四叶草,22,2030,21,13,13,2852,1,我在关注你！_
896,0,用户8250354694888,0,234,0,0,0,888,0,_
897,0,用户2285162195891,0,686,4,0,0,277,0,_
898,0,用户888888888888888888,5,706,39,1,2,1617,0,_
899,0,暗,0,2094,25,0,0,9035,0,_
900,0,catastrophe 浩劫,0,300,11,0,0,0,0,_
901,0,名刀-半神,0,57,2,0,0,1036,0,_
902,0,穿强,0,277,0,0,0,297,0,_
903,0,小人鱼🐟,11,2751,23,2,2,2386,0,_
904,0,纸鱼,1,87,7,0,0,103,0,_
905,0,02.,0,1076,43,0,0,10956,0,_
906,0,互相伤害,46,293,35,12,13,2504,1,路还长，别太狂_
907,0,芈八子（天秀芈月）,0,102,1,0,0,0,0,_
908,0,loveyou ever（老王）,0,76,2,0,0,1831,0,_
909,0,△(已限流）,86,228,83,4,5,414,1,每个星期5、6、日更新，可能提前更_
910,0,用户1940866693198,94,267,12,31,33,520,0,_
911,0,微笑的花儿,22,53,19,1,1,1424,1,调皮如我，开心如我_
912,0,芒果布丁(ಡωಡ),0,511,5,0,0,0,0,_
913,0,用户5715319840320,0,81,0,0,0,6911,0,_
914,0,茉莉花瓣,0,352,1,0,0,46,0,_
915,0,醉挽清风,41,782,17,6,7,5041,1,秋风起少年归！不枉人生！！_
916,0,痛彳切ミ心扉,0,73,1,0,0,351,0,_
917,0,故乡的樱花开了吗,0,80,0,0,0,130,0,_
918,0,lcu,0,1833,1,0,0,0,0,_
919,0,冰芒,0,20,0,1,1,126,1,这个人很机智，并没有填介绍一个卑微的萌新[呜呜呜]_
920,0,-_-,18,2911,18,0,0,51131,0,_
921,0,　　　　　　　,0,659,0,0,3,5560,0,_
922,0,西露露,0,46,0,0,0,5070,0,_
923,0,。。。。。。。。。。。。。。。。。。。。,0,51,1,0,0,2,0,_
924,0,小阳阳,0,40,0,0,0,190,0,_
925,0,红艳,49,568,42,6,9,23101,0,_
926,0,kar98K,0,170,3,0,0,469,0,_
927,0,梓铅太难了,4,50,1,1,1,8734,0,_
928,0,川悯,0,249,2,0,0,121,0,_
929,0,233,0,80,7,0,0,0,0,_
930,0,S.T  北辰,1021,92,28,15,17,670,1,还是没有99+_
931,0,笨笨婆,1,494,14,1,1,589,0,_
932,0,呱唧（万战玄策）,6548242,60,171182,89,95,0,1,啊啊啊！你为啥还不关注我捏❤️抖音唯一小号在关注置顶 记录下日常！QQ：1623715505 双向好友阔以聊天呐！QQ粉丝群：831858813 炒鸡活跃 欢迎大家！全能型选手 不止会玄策 你喜欢的样子我都有！_
933,0,夜宿,184,418,35,40,46,1820,1,这里夜宿🐧1460818171许佳琪一定要c位出道啊！_
934,0,你爸爸,0,41,0,0,0,0,0,_
935,0,鸿没有哄好,1,1209,39,0,1,363,0,_
936,0,挽手看夕阳,4,2634,59,0,0,0,0,_
937,0,殇,0,423,2,0,0,2072,0,_
938,0,晨,0,869,6,0,0,13977,0,_
939,0,痛苦van分,0,124,0,0,0,96,0,_
940,0,沙雕男神徐某某～（韩信贼强）,21,351,16,5,6,1396,0,_
941,0,用户7412494607501,0,64,0,0,0,0,0,_
942,0,李浩然,13,132,8,9,9,8699,0,_
943,0,用户8942277704335,0,187,0,0,0,297,0,_
944,0,飞吧飞机,0,146,0,0,0,1049,1,静_
945,0,宇智波，止水,8,1035,135,0,0,0,0,_
946,0,超哥,851,1899,77,122,122,25464,1,我就是我，不一样的超哥_
947,0,用户3698288223371,0,209,1,0,0,45,0,_
948,0,刺激战场黄衣军 （浩然）,5,641,58,2,2,7394,0,_
949,0,用户4858504024033,0,601,9,0,0,238,0,_
950,0,精准而优雅,0,42,2,0,0,5,0,_
951,0,狐言呀,34,498,25,0,0,0,0,_
952,0,爱白猫者～,0,255,8,0,0,166,0,_
953,0,4535,0,401,1,0,0,2678,0,_
954,0,无名氏,0,216,5,0,0,632,0,_
955,0,小仙男,0,151,1,0,0,130,0,_
956,0,斗罗粉,0,972,12,1,1,10094,0,_
957,0,年少轻狂,5,3521,7,2,3,19535,0,_
958,0,心溺’,0,964,27,0,0,36461,0,_
959,0,若生没脾气,0,1377,64,0,0,36899,0,_
960,0,彼此见识,0,403,9,0,0,4775,0,_
961,0,v基本,0,234,0,0,0,1560,0,_
962,0,用户2562951651240,0,900,1,0,0,173,0,_
963,0,汪汪汪汪,2,398,2,1,1,158,0,_
964,0,kk,1,4227,86,1,1,9474,0,_
965,0,陈泓毅,0,65,0,0,0,25,0,_
966,0,.,0,42,3,0,0,1,1,._
967,0,沧桑笑容,12,242,15,2,2,610,1,。。。_
968,0,取名字好难,0,351,33,0,0,0,0,_
969,0,z丫×,0,910,2,0,0,503,0,_
970,0,1492543144,90,166,12,13,13,1900,0,_
971,0,@快乐,20,128,36,1,1,455,0,_
972,0,晨✨,30,317,51,4,4,9282,0,_
973,0,风澈呀,0,386,26,0,0,9388,0,_
974,0,银川,0,162,0,0,0,45,0,_
975,0,.奶枪.,0,508,48,0,0,5172,1,熙宝_
976,0,戈壁滩上的小猫君,0,596,5,0,0,470,0,_
977,0,你放屁,6,861,64,1,1,1750,0,_
978,0,别碰小婕.,0,223,5,0,1,13943,0,_
979,0,你不认识我,0,90,0,0,0,129,0,_
980,0,z,8,995,52,0,0,1377,0,_
981,0,，？。。,0,244,0,0,0,251,0,_
982,0,用户1350531289800天目湖,59,357,57,17,17,5262,0,_
983,0,gryh,0,632,2,0,1,421,1,。。。。。。！。。。。。！。。。。。。。。。。。！。！。。。！。！。。。。。。。。。！。。。！。！。。。！。。。。。。。！。。。。。！。。。。。！。。。。。。。！。。。。。。。。。！。。。。。。。。。！。。。。。。。！。。。。。。。。。。。！。。。。。！。。。。。。。。。。。。。！。。。！。。。。。。。。。。。。。。。！。！。。。。。。。。。。。。。。。。。！。。。。。。。。。_
984,0,小杠,0,265,0,0,0,1772,0,_
985,0,用户1571542011183,0,158,0,0,0,897,0,_
986,0,蓝染·惣右介,20,277,162,7,7,8368,1,我究竟造了什么孽排位总是遇见弱智_
987,0,张兵,33,68,57,3,3,1395,0,_
988,0,是非不分,288,4379,112,30,36,46177,1,魔道，渣反，天官❤❤❤❤❤❤❤ 爱了！！爱了！！！姑苏一杯倒💦💦💦嘤嘤怪！🌚🌚🌝🌝血雨探花🔥🔥🔥🔥_
989,0,余生,0,905,6,0,0,588,0,_
990,0,ネф̶ イω,0,645,32,0,0,5808,0,_
991,0,用户1884519058691,0,622,0,0,0,1765,0,_
992,0,念@,0,682,1,0,0,4485,0,_
993,0,陇QAQ,6,63,3,1,1,33,1,你猜我玩不玩王者_
994,0,用户9479451828941,0,33,1,0,0,131,0,_
995,0,玖晨走丢惹~,128,274,21,14,14,4804,1,忠实玩家，想玩游戏的找我_
996,0,雷神,0,437,0,0,0,3583,0,_
997,0,国服杠精,3,371,3,0,2,4757,0,_
998,0,哈药哭！！！,0,60,0,0,0,19,0,_
999,0,王铭浩,0,484,3,0,0,994,0,_
1000,0,wq吃伏拉夫,0,1539,69,0,0,2904,1,又菜又爱玩_
1001,0,用户4052561340822,0,194,1,0,0,153,0,_
1002,0,皮卡丘不皮,0,278,3,0,0,630,0,_
1003,0,用户7114964584339,0,52,0,0,0,1143,0,_
1004,0,曦任,7,392,10,0,8,28395,0,_
1005,0,待朕抽完这支烟,0,60,0,0,0,9,0,_
1006,0,154w人,0,153,5,0,1,0,0,_
1007,0,神国赛尔,0,140,0,0,0,0,0,_
1008,0,张淞博,0,2571,21,0,0,35416,0,_
1009,0,用户5095551216150,0,117,0,0,0,12,0,_
1010,0,太乙真人,0,315,7,0,0,2720,0,_
1011,0,☆,0,140,1,0,0,563,0,_
1012,0,*奶^_^昔*,0,245,2,0,0,476,0,_
1013,0,用户4919172901102,0,908,3,0,0,973,0,_
1014,0,王者小言,50,1867,108,7,14,9080,0,_
1015,0,怜、榴莲,0,1002,0,0,0,2336,0,_
1016,0,乙醇,0,229,3,0,0,0,0,_
1017,0,春茗寻梦安吉白茶,1395,619,178,44,44,973,1,春茗寻梦安吉生态白茶，由张茗华先生用尽半生积蓄，精心选址安吉西堡山顶，四周竹林环抱，鸟语花香，纯人工培护的原生态白茶，愿您喝的舒心，喝的放心。_
1018,0,少天,196,3771,53,40,41,11030,0,_
1019,0,荣耀王者九千九百九十九颗星,216,43,102,8,8,0,1,一个签名1000000_
1020,0,江西宋仲基.,0,142,1,0,0,2863,0,_
1021,0,行者无畏,0,309,5,0,0,144,0,_
1022,0,爸爸,0,388,7,0,0,220,0,_
1023,0,呦西,0,79,0,0,0,71,0,_
1024,0,噬魂,0,40,12,0,0,12053,0,_
1025,0,看啥,0,94,0,0,0,51,0,_
1026,0,虎啸龙吟,0,637,5,0,0,2631,0,_
1027,0,千亦膤（市级嫦娥）,0,23,4,0,0,0,0,_
1028,0,达云 施,0,50,0,0,0,19,0,_
1029,0,君莫笑,0,4779,63,0,0,8286,0,_
1030,0,苒仔很开森,2,73,5,0,0,0,1,大号：纪苒希_
1031,0,下雪,62,713,54,6,6,2253,0,_
1032,0,小杠精,3,65,4,0,1,713,0,_
1033,0,沙雕,0,92,0,0,0,291,0,_
1034,0,他爹的他爹,0,518,5,0,1,3391,0,_
1035,0,苏丐儿,0,4997,251,0,0,0,0,_
1036,0,冷静的蛋糕,56,243,6,42,42,4682,1,啊，这个人，居然也玩吃鸡王者和皇室还有MC，还是狗头军？还自称是scp871呢_
1037,0,我果然还是菜,1,424,5,1,1,1457,0,_
1038,0,『天使』,0,1318,14,0,0,2415,0,_
1039,0,泪落成石,26,889,23,5,5,29168,0,_
1040,0,王者,6,1017,10,2,2,2618,1,130413354_
1041,0,江苏省精神病院院长,9,263,8,3,4,159,0,_
1042,0,886,0,286,1,0,0,631,0,_
1043,0,聪网飞飞小号,76,2535,14,24,24,2078,1,我和他已经和好了，不要再骂了_
1044,0,柠檬＆我不萌,0,867,3,0,0,2974,0,_
1045,0,ㅤ故里.ღ,81,4157,100,0,0,0,0,_
1046,0,用户5949543398017,0,92,0,0,0,385,0,_
1047,0,在封号的边缘疯狂试探（小号）,8,205,6,3,3,195,0,_
1048,0,慕辰学长。,7,23,1,8,8,123,0,_
1049,0,用户6859885679060,0,40,1,0,0,274,0,_
1050,0,用户8833428198079,0,62,1,0,0,19,0,_
1051,0,啊石,0,71,7,0,0,26,0,_
1052,0,左鸣漫剪,1843,563,50,226,228,28545,1,我向未来直说，这就是我的忍道_
1053,0,不哈玉,0,862,10,8,8,2972,0,_
1054,0,ajjajAkay,0,130,0,0,0,1122,0,_
1055,0,断秋,2131,215,313,29,29,12856,1,不喜勿喷……是道友声明一下:我顶置的两个终结的炽天使作品不用任何软件剪纯手工制作😂_
1056,0,pppp,11,486,38,4,5,1729,0,_
1057,0,别靠近我&,0,290,6,0,0,12893,1,求关注！！！_
1058,0,月狮🦁️柒夕（茜妹姐姐）的铁粉❤️🧡,1,252,4,1,1,2620,1,我遇到了一个姐姐💞💓💞打吃鸡好厉害她叫茜妹姐姐_
1059,0,小universe,16,347,21,0,0,0,0,_
1060,0,失怨.,0,746,24,0,0,3461,1,木有_
1061,0,darling02,0,162,6,0,0,632,0,_
1062,0,用户1762220121714,0,201,0,0,0,747,0,_
1063,0,以成魔,0,236,3,0,0,86,0,_
1064,0,不会打字,0,4900,8,0,0,0,0,_
1065,0,你的爸爸,0,806,17,0,0,1581,0,_
1066,0,江辞.,0,265,110,0,0,52209,1,白天是快乐的废物，晚上是抑郁的怪物._
1067,0,露面,128,3377,86,7,7,4280,0,_
1068,0,空,0,2557,39,0,0,7194,0,_
1069,0,杏仁,0,564,11,0,0,419,0,_
1070,0,Esacpe°,0,98,3,0,0,220,0,_
1071,0,嗯嗯嗯嗯嗯嗯嗯嗯嗯嗯嗯嗯嗯嗯嗯嗯嗯嗯嗯嗯,0,786,17,0,0,560,0,_
1072,0,。。。…,0,157,11,0,2,347,0,_
1073,0,💓迷鹿💘,0,637,14,0,0,14128,0,_
1074,0,xiao学生,0,28,0,0,0,56,0,_
1075,0,凡人多烦事,0,89,1,0,0,0,0,_
1076,0,阳仔,17,3712,8,3,3,17180,0,_
1077,0,是个好の人,1244,86,89,58,58,1068,0,_
1078,0,别碰朕手机,0,339,7,0,0,665,0,_
1079,0,云阳铭助,0,473,3,0,0,1283,0,_
1080,0,Duck,0,514,21,0,0,0,0,_
1081,0,煊煊煊煊煊煊煊煊煊煊煊煊煊煊煊煊煊煊煊煊,0,1165,2,1,1,1365,0,_
1082,0,渡枕,155,444,39,21,21,3127,1,王者绝地骚操作_
1083,0,用户8615742422402,0,121,0,0,0,21,0,_
1084,0,用户8903690360865,0,57,7,0,0,33,0,_
1085,0,杠精队长,1,61,8,0,1,600,0,_
1086,0,Los escape,0,98,17,0,0,4296,1,呵哈哈哈哈哈哈哈_
1087,0,不点赞，抬走,15,272,24,5,6,1942,0,_
1088,0,落叶归根♥☆,0,79,3,0,0,0,0,_
1089,0,中二永不败北,0,85,98,0,0,11,0,_
1090,0,蓦然回首,0,373,11,0,0,1353,0,_
1091,0,是倀閣呐～,2,120,12,1,1,1291,1,这里倀閣。你好，很高兴认识你，QQ904312020，保证会回，cf回归老兵，QQ区一起玩啊，再找个女师傅。喜欢的点个赞吧_
1092,0,大桐,0,587,0,0,0,1236,0,_
1093,0,暝,0,225,55,0,0,4017,0,_
1094,0,用户400589379356,0,267,1,0,0,1253,0,_
1095,0,󠀀,0,420,3,0,0,1750,0,_
1096,0,色森林 暮,0,73,0,0,0,352,0,_
1097,0,死乍神,0,1664,12,0,0,2562,0,_
1098,0,用户6112610169191,0,45,0,0,0,136,0,_
1099,0,弥城猫巷,0,177,16,0,0,20818,0,_
1100,0,梓川咲太,0,431,20,0,0,0,0,_
1101,0,小灰飞,0,434,12,0,0,12651,0,_
1102,0,Ever惜白,0,151,5,0,0,882,0,_
1103,0,帅气小伙,35,260,5,9,9,13,1,我的QQ号:3309551379_
1104,0,抱猫软卧,0,429,3,0,0,3883,0,_
1105,0,用户3579448421194,0,69,0,0,0,239,0,_
1106,0,????,16,93,4,5,5,167,0,_
1107,0,心脏Foh↣ydi,0,1268,5,0,1,10844,0,_
1108,0,请你吃五毛自助,0,136,33,0,0,11314,1,宁的沙雕女网友已上线👌请注意签收✊_
1109,0,繁星,0,57,1,0,0,0,0,_
1110,0,57744,0,22,0,0,0,28,0,_
1111,0,鸥歌,5,167,1,1,1,634,0,_
1112,0,艾札克·佛斯特,0,141,2,0,0,1615,1,你想干啥！_
1113,0,Rain,0,225,1,0,0,5839,0,_
1114,0,蜡～,47,1181,25,9,9,0,0,_
1115,0,用户3335028557820,0,18,0,0,0,1428,0,_
1116,0,望眼星辰,0,23,6,0,0,325,1,天空一声巨响，老子闪亮登场！_
1117,0,月神:露奈雅拉,11,183,0,3,3,752,0,_
1118,0,某猫,11,534,6,10,11,2738,0,_
1119,0,Bu败De男神,41,258,35,6,6,3029,0,_
1120,0,coc_部落冲突（黑三指导师）_红颜,50,126,23,7,7,16264,1,游戏演员_
1121,0,林夕韵,4,46,37,4,7,200,0,_
1122,0,阳光,18,391,1,16,16,4160,0,_
1123,0,玄子爱吃奥利给,0,48,1,0,0,0,0,_
1124,0,用户671211846713,25,1928,21,7,7,6151,0,_
1125,0,纸伞挽旧人,0,96,0,0,0,0,0,_
1126,0,火锅,0,751,3,2,2,1779,0,_
1127,0,嗯哦噢呵,0,82,1,0,0,12,0,_
1128,0,南岸,3,1104,13,0,1,18404,0,_
1129,0,轩轩会[身法],0,331,7,0,0,0,1,QQ3153548121星期6，7在线王者。_
1130,0,jyham,0,87,1,0,0,0,0,_
1131,0,心无杂念,1,77,40,0,1,2271,0,_
1132,0,王者荣耀处山   不止打边,0,2248,6,0,0,16397,0,_
1133,0,2000w人,30,212,26,4,4,1535,1,HHLzzdabav们去p°i*ijmil:mnnvsj，。。， 。  起。uhjjyiapaaar'y#5:90000447#2755###5#6_
1134,0,过客,2,33,11,0,0,1043,0,_
1135,0,钟日葵,2,922,34,0,1,3825,1,长得贼帅，技术宅一个，玩第五王者_
1136,0,………,1,527,10,1,1,1366,0,_
1137,0,yoke,0,436,4,0,0,0,0,_
1138,0,花开自在,63,106,19,0,0,0,0,_
1139,0,左耳边的期盼,0,528,0,0,0,620,0,_
1140,0,xzh20101105,888,1858,276,84,86,2713,1,冰粉，只做纯手工的，有小气泡的，有嚼劲的冰粉，再加上小时候吃过的红糖，便是最最经典的灵魂冰粉_
1141,0,C H A R L 1 E,0,1468,10,0,0,37621,0,_
1142,0,凉笙殇鸢,1,569,6,1,3,12099,0,_
1143,0,天元,221,2192,36,80,80,43831,0,_
1144,0,我是你die,1,97,6,0,2,725,0,_
1145,0,zzm,0,792,1,0,0,2482,0,_
1146,0,肉,0,406,1,0,1,0,0,_
1147,0,♚孤久成瘾,0,432,1,0,0,187,0,_
1148,0,牛牛的牛,1,306,84,1,1,205,1,呵呵，氵衮远点！_
1149,0,仙匭天秀五指,0,501,3,0,1,0,0,_
1150,0,呵呵,159,1438,77,24,26,0,1,龘鞸鬞鬱_
1151,0,滑板少年,127,1445,29,18,19,10615,0,_
1152,0,抬棺大队长,650,412,200,94,94,3634,0,_
1153,0,微姐,65,431,93,14,14,6897,0,_
1154,0,༺༂影༒子༂༻,0,458,39,0,0,36670,1,对心萌生忏悔意，不问天来只问伊。起程前往又迟疑，我愿虔诚珍惜你。_
1155,0,清°°风°,0,627,5,0,0,2685,0,_
1156,0,yjh,0,142,11,0,0,155,0,_
1157,0,用户5850412591857,0,105,0,0,0,79,0,_
1158,0,林绍恢哈哈哈哈,6,990,3,1,1,1158,0,_
1159,0,恶龙咆哮，嗷呜~,0,662,33,0,0,12055,1,喜欢和朋友一起骑自行车。粉丝到500，来腾龙湾我请吃肯德基。不知道到的评论告诉我。_
1160,0,X💢南,0,136,16,0,0,261,0,_
1161,0,封仙,2,518,35,0,1,3019,0,_
1162,0,520,0,174,2,0,0,202,0,_
1163,0,用户8096817001587,0,175,0,0,0,62,0,_
1164,0,魂飞,0,883,61,0,0,0,0,_
1165,0,奈白,63,2066,45,11,11,46303,0,_
1166,0,石伟,0,18,0,0,0,122,0,_
1167,0,用户629601804991,0,505,1,0,0,1543,0,_
1168,0,.,0,436,5,0,0,621,0,_
1169,0,陌琴弦(●°u°●),15,276,4,1,1,9518,0,_
1170,0,北极ღ持ꦿ梦,0,1741,17,0,3,4985,0,_
1171,0,天天开心💕,78,71,24,0,0,0,0,_
1172,0,用幸福人生户8120386049611,0,37,3,1,1,79,1,我的快乐就是你的快乐_
1173,0,阿呆,0,603,8,0,0,1630,0,_
1174,0,昵称已重置,0,135,0,0,0,595,0,_
1175,0,陌影,0,278,11,0,0,0,0,_
1176,0,浩然,127,1007,34,44,44,1874,0,_
1177,0,杠精,70,1254,16,14,14,7786,0,_
1178,0,GYC同学,7014,68,377,7,8,0,1,🇨🇳——🇸🇬这个是朋友圈hhhh_
1179,0,蜡笔没了小新,9,2861,52,2,2,12065,1,思思酱……粉丝_
1180,0,留白,0,866,16,0,0,613,0,_
1181,0,出来,0,335,5,0,0,779,0,_
1182,0,用户9017486813462,0,55,0,0,0,211,0,_
1183,0,凉辞,0,362,0,0,0,1105,0,_
1184,0,非凡少年,0,604,1,0,0,19967,0,_
1185,0,小清风,0,766,48,0,0,0,0,_
1186,0,海尔兄弟,40,566,44,10,10,5336,0,_
1187,0,用户1411409969193,15,5000,29,2,2,10245,0,_
1188,0,白炎龙神,47,318,6,13,13,85,0,_
1189,0,花开富贵[看][赞],18,228,17,0,0,0,0,_
1190,0,知足^_^福,348,496,20,79,79,26352,0,_
1191,0,用户5324059795874,0,115,0,0,0,491,0,_
1192,0,1590.8w人,0,129,2,0,0,4053,0,_
1193,0,用户2104218682794,2,151,2,1,1,609,0,_
1194,0,陌殇,9,3109,21,3,4,11116,1,王者荣耀微信安卓区，段位目前钻石。_
1195,0,霞姿月韵7194,8459,3824,861,127,129,18539,0,_
1196,0,迷你世界^_^花生,295,1323,90,63,65,11970,1,我会录迷你世界也会录和平精英_
1197,0,嗜欲,0,24,2,0,0,651,1,星辰初灿曜亦犹狙溯约吟信朝醉枪卧笑醉扇伶_
1198,0,眼泪,0,308,129,0,0,0,1,QQ2428906669_
1199,0,游客,0,39,9,0,0,3030,0,_
1200,0,用户9901513691581,0,31,1,0,0,221,0,_
1201,0,呵,3138,4950,1247,32,33,34103,0,_
1202,0,偶,0,455,32,0,0,0,0,_
1203,0,倒影是牵挂,0,93,5,0,0,9303,0,_
1204,0,用户2497006645529,0,333,8,0,0,430,1,路人@_
1205,0,宁静如水,124,151,43,9,9,6750,1,执手相看泪眼，竟无语凝噎。_
1206,0,成果成果成狗,16,1025,7,0,0,0,0,_
1207,0,青春微凉，梦在远方*^_^*,37,181,9,2,2,1890,0,_
1208,0,∴,0,448,7,0,0,0,0,_
1209,0,用户89282902,0,312,1,0,0,1817,0,_
1210,0,帮改,3147,542,114,15,15,21945,1,66_
1211,0,佳惠 吴,0,16,0,1,1,1,0,_
1212,0,Caracal,7,336,11,1,1,1050,1,……………………_
1213,0,五行缺钱,0,58,0,0,0,21,0,_
1214,0,唔,6,2092,12,1,1,14595,1,抖音号：380190487_
1215,0,王者十四（李信）,6,923,7,1,1,0,1,你个爱玩游戏的少年，有人和我一起玩吗？我是安卓微信区。_
1216,0,^O^  现星,0,40,1,0,0,298,0,_
1217,0,用户6285687036546,0,330,0,0,0,575,0,_
1218,0,黑哥,0,259,16,0,0,802,0,_
1219,0,　,2,180,4,0,1,0,0,_
1220,0,我就是这样的。🐼🌀,28,1468,71,3,3,12894,1,青春有权利去做一切自己想做的事，不需要解释。_
1221,0,回忆海洋,0,635,22,0,0,6781,0,_
1222,0,快乐需要自己寻找,0,1136,13,0,0,2838,0,_
1223,0,i💝,2,1878,14,0,1,28050,0,_
1224,0,006,0,228,11,0,0,381,0,_
1225,0,ㅤ￴ㅤ￴ㅤ￴ㅤ,0,224,327,0,0,0,1,逢视频必赞_
1226,0,洛森,14,1239,5,0,1,11212,0,_
1227,0,抱抱皮卡丘,0,570,10,0,0,44666,0,_
1228,0,把星星藏进梦里,0,33,2,0,0,1582,0,_
1229,0,純灬軒,0,205,6,0,0,176,0,_
1230,0,春风不度,0,62,0,0,0,217,1,看什么看(▼皿▼#)_
1231,0,用户4792554918305,0,47,0,0,0,23,0,_
1232,0,♀没有腿（王者名）,2,36,3,0,0,0,0,_
1233,0,忘情,0,45,0,0,0,355,0,_
1234,0,王者闫少,0,638,10,0,0,1241,0,_
1235,0,用户4701535190951,0,244,3,0,0,288,0,_
1236,0,元歌有点水(置顶作品点赞),549,479,65,150,150,1276,1,置顶作品点赞，谢谢_
1237,0,用户7243851031420,0,26,0,0,0,5,0,_
1238,0,༺梦༒泪༻,0,54,3,0,0,825,0,_
1239,0,情伤,13,356,3,5,5,834,0,_
1240,0,（¥）,0,24,0,0,0,1,0,_
1241,0,六六沁,0,43,0,0,0,77,0,_
1242,0,Todd,112,169,64,55,55,4260,1,Todd_
1243,0,莫冰痕,0,267,0,0,0,54,0,_
1244,0,用户7054756682109,0,305,5,0,0,5443,0,_
1245,0,真是个辣鸡,3,50,12,0,0,33,0,_
1246,0,梦寐少年,46,369,29,6,6,14136,0,_
1247,0,冷颜~,0,1353,66,0,0,492,0,_
1248,0,夕颜,0,1160,11,0,0,15776,1,你永远都不会明白的_
1249,0,用户1828193334635,0,12,0,0,0,1,0,_
1250,0,爵美皇家全屋定制(小吕),0,79,6,0,0,1440,1,为目标而努力_
1251,0,levi,0,356,2,0,0,1941,0,_
1252,0,か,0,4998,42,0,0,0,0,_
1253,0,用户549775125344,91,519,21,20,20,1050,0,_
1254,0,宁小城,0,478,2,0,0,0,0,_
1255,0,清风,0,253,38,0,0,2253,1,家有熊孩子—2只_
1256,0,南城不寒,0,122,10,0,0,1552,0,_
1257,0,枫之霜,0,587,1,0,0,154,0,_
1258,0,用户5443037143131,0,65,0,0,0,28,0,_
1259,0,哦,0,1534,8,0,0,3240,0,_
1260,0,胡胡,0,44,2,0,0,30,0,_
1261,0,欣狼,23,1026,33,7,7,2796,0,_
1262,0,花爷,0,358,2,0,0,415,0,_
1263,0,C罗粉丝,10,432,9,3,3,7407,0,_
1264,0,爱你么么哒＾3＾,0,95,0,0,0,106,0,_
1265,0,严柯广,53,170,10,0,0,0,0,_
1266,0,我的世界玩家（反迷你）支持黑芒君,0,862,4,3,3,796,0,_
1267,0,兰姐,223166,862,4983,143,143,3378,1,感谢大家的关注和点赞，祝福大家毎天开心快乐、平安健康幸福！_
1268,0,只有失望了,0,124,21,0,0,6355,0,_
1269,0,arui,7,33,1,4,4,6,0,_
1270,0,虎太郎,0,967,4,0,0,0,0,_
1271,0,渊子,0,111,0,0,0,196,0,_
1272,0,从路星河🎉,0,550,10,0,0,13048,0,_
1273,0,转播之人,19,765,5,32,32,1580,0,_
1274,0,魔狐,1,135,2,1,1,538,0,_
1275,0,用户7989500936129,0,496,1,0,0,1689,0,_
1276,0,贝贝(第二代史莱克队长),9,1671,23,2,2,0,0,_
1277,0,DEVIL,0,374,18,0,0,2160,0,_
1278,0,珑葳是个憨憨,0,372,21,0,0,604,0,_
1279,0,嘿，Siri，打开旁白,0,679,1,0,0,0,0,_
1280,0,用户749565536791,1,53,0,1,1,155,0,_
1281,0,木偶、走了,3,437,10,0,1,17488,0,_
1282,0,浅月琉璃✨♏️,2,908,3,2,2,2131,0,_
1283,0,狗头无敌,0,871,26,0,0,29108,1,🌚🌚🌚🌚🌚_
1284,0,早早回去,10,441,4,6,7,3351,0,_
1285,0,星晴,0,23,5,0,0,52,0,_
1286,0,看看翡翠梦境,0,27,1,0,0,48,0,_
1287,0,阿三没了,0,193,2,0,0,3704,0,_
1288,0,˃̶̤́天气魅 ˂̶̤̀-----剪漫,331,47,38,22,24,148,1,淦，看啥看没资料_
1289,0,奥力给不是奥利奥,2,390,1,1,1,1864,1,奥力给不是奥利奥_
1290,0,开心快乐,0,966,23,0,0,1711,0,_
1291,0,用户7021239511728,0,67,0,0,0,6,0,_
1292,0,落枫,4,521,7,1,1,1710,0,_
1293,0,她说这次她认真了,2,269,15,1,1,6250,1,qq3246670257_
1294,0,无痕（未来国服至尊宝）,12,997,33,10,10,2325,1,我叫无痕，一个正在努力的人_
1295,0,老黄学电脑,0,109,17,0,0,639,0,_
1296,0,国产小祖宗,7,188,24,2,3,0,1,。。。_
1297,0,水,0,187,0,0,0,610,0,_
1298,0,占海博,171,269,42,39,39,2260,0,_
1299,0,小微,44,45,30,5,7,847,0,_
1300,0,梦之芳芳,2,90,0,1,1,190,1,希望你能看到我_
1301,0,基尼,0,3878,39,0,0,8228,1,一日三餐没烦恼，今天就吃博人小憨包。_
1302,0,flower tree,7,1300,16,1,1,19366,0,_
1303,0,EnticE,4,146,13,1,1,3968,0,_
1304,0,🍫🥛.,0,3203,48,0,0,0,1,"Look,eventually,you'll learn to do that on the inside._"
1305,0,用户2125344909680,0,135,0,0,0,205,0,_
1306,0,斩？,0,78,12,0,0,0,0,_
1307,0,用户3121457672601,92,86,20,14,14,1128,0,_
1308,0,小张,39755,1728,661,210,220,0,1,有关必赞_
1309,0,丨                  丨,0,450,2,0,0,144,0,_
1310,0,马东浩,4,2932,20,2,2,0,0,_
1311,0,电竞✘小宁子,84,126,19,19,20,2180,0,_
1312,0,夕颜あ,0,29,0,0,0,6,0,_
1313,0,孤寂@古印,161,419,50,31,32,3229,0,_
1314,0,￡墨ℓ言,0,1492,18,0,0,19626,1,我是一位喜欢打火影的靓仔_
1315,0,怡,0,148,33,0,0,10,0,_
1316,0,封@,0,92,2,0,0,1562,0,_
1317,0,柒,3,148,2,2,2,0,1,我不配，_
1318,0,百合,1345,209,368,107,107,493,0,_
1319,0,罗88,22,972,10,8,8,638,0,_
1320,0,哲一饭做好了吗？,2,781,8,0,0,0,0,_
1321,0,苏辞很奶思,0,307,5,1,1,2701,0,_
1322,0,跑快点小短腿,0,290,56,0,0,30135,0,_
1323,0,🌟AW🐮🍺🌛,0,2448,42,0,1,13277,1,看你🐴呢这没有简介🖕🌚🖕_
1324,0,复仇流浪者,0,314,11,0,0,423,0,_
1325,0,은신,7,81,22,2,2,35258,0,_
1326,0,玄子12点和白衣小姐姐唱惊雷,0,959,3,0,0,107,1,狗子姐粉丝，阔以吃的那种，欧耶！_
1327,0,hsjt     狐浩,5,136,11,2,3,13972,1,嘿嘿，来hsjt呀，我们就是朋友了_
1328,0,旧人不归,0,1624,7,0,0,0,0,_
1329,0,༺酒中仙༻,0,214,6,0,0,0,0,_
1330,0,回复费♞,0,449,3,0,0,0,0,_
1331,0,阿吧阿吧Giao,0,118,0,0,0,55,0,_
1332,0,ζั͡ 瀟ζั͡ 沫ζั͡❀,0,260,2,0,0,0,0,_
1333,0,temperature ° 浅陌,0,200,1,0,0,317,0,_
1334,0,9685.9万人,3,391,5,0,0,0,0,_
1335,0,用户1499905994187,0,94,0,0,0,562,0,_
1336,0,坚持到底,23,440,42,2,2,996,0,_
1337,0,遇见“kr”,0,141,34,0,0,0,0,_
1338,0,*,14,646,28,2,2,15099,0,_
1339,0,柠萌不葫,26,684,8,0,0,0,0,_
1340,0,用户24058557224,0,55,27,0,0,1026,0,_
1341,0,已重置,5,1114,15,3,3,5901,0,_
1342,0,江彦爱吃奥力给,0,1282,4,0,0,2834,0,_
1343,0,浅栀,0,2106,31,0,0,6938,1,，1@_
1344,0,AboutSth,0,221,9,0,0,2634,0,_
1345,0,Agony,0,257,7,0,0,252,0,_
1346,0,小丑家族创始人小丑丶战无不胜,0,130,1,0,0,21,0,_
1347,0,天梦h,10,323,17,4,4,431,0,_
1348,0,你若盛开蝴蝶自来z,17,575,10,10,10,21913,0,_
1349,0,抖音啥？,1,2409,12,1,1,8645,0,_
1350,0,私は雨の中,4561,1018,1505,30,32,3849,1,兵荒马乱的青春我不乖也不算野_
1351,0,本人敲正点,1,238,2,1,1,139,0,_
1352,0,御魂,0,86,1,0,0,294,0,_
1353,0,秋裤弟子,9,551,3,0,0,0,0,_
1354,0,红陈（市服曜）,9,97,4,3,4,1537,1,我星期五、六更新_
1355,0,用户8388092395809,0,115,0,0,0,752,0,_
1356,0,我无敌你随意,0,380,3,0,0,1548,0,_
1357,0,你的老公五岁鸭,2,688,8,0,0,0,0,_
1358,0,用户1149223696171,0,73,0,0,0,97,0,_
1359,0,钮枯禄.一岁心😊,0,952,52,0,1,4628,1,祖安小王子前来报道😇😇😇_
1360,0,用户6432673992461,3,2441,6,1,1,3632,0,_
1361,0,村服凯(只玩王者，不定时直播),3,642,11,1,1,3821,1,开始王者之路这个号只直播和千孤一起直播_
1362,0,清,2,789,3,3,3,476,0,_
1363,0,用户9648522435197,0,99,0,0,0,28,0,_
1364,0,千羽,0,308,5,0,1,1652,0,_
1365,0,用户5881792965911,0,30,0,0,0,7,0,_
1366,0,耀同学去抢马桶盖吃,3,1707,10,2,2,2298,0,_
1367,0,煜归,46370,789,696,4,7,7577,0,_
1368,0,天梦,0,729,8,0,0,1659,0,_
1369,0,柒,0,1250,42,0,0,6824,1,王者带飞_
1370,0,。.？,0,2044,133,0,1,0,0,_
1371,0,白开水,4,212,9,1,3,7333,1,掐鸡Q区战争斗觉不是经常登，v区小馒头丶天羽经常的登。本人星游粉。_
1372,0,$XsiA1VcGGyH$,2,504,9,0,1,1712,0,_
1373,0,XXX,0,24,5,0,0,11025,0,_
1374,0,珍贵,52,4505,33,19,19,393,0,_
1375,0,林志,42,5001,59,8,8,22176,0,_
1376,0,用户6752418339794,0,91,9,0,0,140,0,_
1377,0,庸人,0,18,22,0,0,54,0,_
1378,0,ぃ北城＇,0,1149,5,0,0,13390,1,有俩只熊和一些橘子和橙子_
1379,0,窗边的軟熊.,50,1174,33,0,0,13998,0,_
1380,0,staid-杳,0,50,0,0,0,55,0,_
1381,0,盗影う,0,182,1,0,0,46,1,无_
1382,0,vfvt,6,205,9,2,2,18202,1,本_
1383,0,嘿siri打开王者荣耀,280,488,32,91,93,6343,0,_
1384,0,雨后的邂逅,0,391,12,0,0,9918,0,_
1385,0,✨樂,0,577,13,0,0,1490,0,_
1386,0,1000．6W人,134,1348,22,49,50,12240,0,_
1387,0,丨,0,813,0,0,0,0,0,_
1388,0,一峥,0,689,4,1,1,587,0,_
1389,0,无味28292,0,84,1,0,0,0,0,_
1390,0,新民镇盘州天籁KTV,0,328,13,0,0,2323,0,_
1391,0,陈家前线了解一下。,1,1232,19,1,1,2634,0,_
1392,0,李端,0,80,6,0,0,554,0,_
1393,0,信白,0,24,0,0,0,47,0,_
1394,0,用户1785502847245,0,112,0,0,0,312,0,_
1395,0,南玖.,0,56,3,0,0,27387,0,_
1396,0,Tugging,0,575,3,0,0,1858,0,_
1397,0,占有欲～,0,1285,41,0,0,9677,1,玩游戏_
1398,0,我叫杠精,0,1551,18,1,1,3628,0,_
1399,0,青梅佐已酒,0,511,78,0,0,0,0,_
1400,0,⃜,0,43,0,0,0,6,0,_
1401,0,三代飞人,0,939,32,0,0,4859,1,三代飞人_
1402,0,1967605549,0,142,3,0,0,26,0,_
1403,0,作业太多了,0,307,12,0,0,1656,0,_
1404,0,i福建东江湖,0,1800,0,0,0,7658,0,_
1405,0,哭,0,108,0,0,0,8,0,_
1406,0,先锋,29,521,3,23,23,6100,0,_
1407,0,鱼,0,245,10,0,0,2201,0,_
1408,0,温柔G,1,180,1,1,1,827,0,_
1409,0,茆大帅,6,647,25,2,2,1187,0,_
1410,0,东莞,0,77,0,0,0,656,0,_
1411,0,贝贝贝贝贝贝贝,6,484,5,1,1,1203,0,_
1412,0,嘘！她睡着了,0,1715,8,0,0,5960,0,_
1413,0,国服扛精,48,84,23,47,47,12153,0,_
1414,0,秋葵,15,128,16,11,11,4480,0,_
1415,0,雨落倾城乄绝恋,90,248,85,7,10,486,1,有没有一起打王者的。我猴子贼秀本人钻石求带我现在身后空无一人呵呵呵呵呵呵呵呵呵呵勿动：cf空白_
1416,0,《A》,0,60,1,0,0,10373,0,_
1417,0,Jean,25,3545,25,6,7,6458,0,_
1418,0,柒567567,1,413,5,0,0,0,0,_
1419,0,铠武大将军,3,205,2,1,2,904,0,_
1420,0,别玩王者荣耀,0,663,3,0,0,1,0,_
1421,0,初暮❤,24,1090,48,9,10,26648,0,_
1422,0,小葛,0,30,1,0,0,15,0,_
1423,0,枫陳bro,119,67,16,5,5,0,1,一个不起眼的小东西_
1424,0,迈克尔，钟,0,530,5,0,0,538,0,_
1425,0,用户3382653410464,0,207,0,0,0,0,0,_
1426,0,张郎,0,519,15,0,0,207,0,_
1427,0,wt87elp3,0,110,7,0,0,0,0,_
1428,0,淦,0,118,0,0,0,317,0,_
1429,0,宸,0,1450,4,0,0,0,0,_
1430,0,啧,0,583,26,0,0,15500,1,江苏苏州_
1431,0,星辰ovo,0,320,11,0,0,14690,1,一个喜爱玩游戏的初中生_
1432,0,羡,0,629,12,0,0,46114,0,_
1433,0,【染枫】,51,729,16,8,8,1146,0,_
1434,0,SY,28,263,13,17,17,4453,0,_
1435,0,du,0,69,1,0,0,656,0,_
1436,0,断电加,69,1491,36,18,18,14528,0,_
1437,0,明月如霜,0,54,10,0,0,36052,0,_
1438,0,小川川,0,1285,12,0,0,24740,0,_
1439,0,山海无情,16,250,4,0,0,0,0,_
1440,0,铄铄,0,158,1,0,0,102,0,_
1441,0,心竹,0,259,5,0,0,3444,0,_
1442,0,用户402958512213,0,223,0,0,0,398,0,_
1443,0,迷你世界.,368,3572,281,1,4,5614,1,我是盗版的垃圾游戏_
1444,0,氢氘氚~呀,0,331,2,0,0,5866,0,_
1445,0,洲,0,537,2,0,0,369,0,_
1446,0,卍,0,52,1,0,0,10,0,_
1447,0,罗,0,450,8,0,0,2726,0,_
1448,0,追忆·梦幻少年,0,555,14,0,0,7168,0,_
1449,0,贞子,32,1126,8,20,21,715,0,_
1450,0,❕,0,416,2,0,0,15657,0,_
1451,0,北辰,12,1746,36,1,1,24694,0,_
1452,0,oyjp,1,620,5,1,2,22189,0,_
1453,0,111,0,919,5,0,0,3360,0,_
1454,0,耀眼丶丶,22,2053,52,1,1,28380,0,_
1455,0,用户540448469198,0,21,0,0,0,3,0,_
1456,0,小尧子,0,391,3,0,1,737,0,_
1457,0,黑人,0,78,0,0,0,1906,0,_
1458,0,寂寞,0,182,4,0,0,482,0,_
1459,0,我男朋友,0,1291,13,0,0,0,0,_
1460,0,Texas,0,3,0,0,0,2,0,_
1461,0,天生唯我清酒,0,115,8,0,0,40,0,_
1462,0,天梦云启,1,57,36,1,1,0,1,🙃_
1463,0,琪琪超可耐的吖,0,3593,137,0,0,78338,0,_
1464,0,影、虚空か,0,1893,35,0,1,9645,1,愿你把酒执剑，归来仍是少年。_
1465,0,北染陌人,0,519,3,0,0,872,0,_
1466,0,满目星河💪,0,307,14,0,1,1501,0,_
1467,0,（：）,44,579,84,9,9,1651,0,_
1468,0,轻描淡写说分手,0,594,3,0,1,1918,0,_
1469,0,李开心,450,109,77,44,47,1526,0,_
1470,0,简单就好,0,788,23,0,0,4854,0,_
1471,0,是瑜不是🐟!,0,83,2,0,0,0,1,愁眉弯唇悉数为你，从此眉间心上再无一人_
1472,0,v.,0,265,0,0,0,11,0,_
1473,0,学校里的老大,3,758,12,2,2,6861,0,_
1474,0,隔壁小梦夕（梦夕家族）,0,113,4,0,0,155,0,_
1475,0,用户7659918653052,0,195,1,0,0,966,0,_
1476,0,三水会玩火,23,16,8,9,9,2400,0,_
1477,0,飞出天际,4,181,12,0,2,166,0,_
1478,0,孤者傲凡,0,443,13,0,0,6700,0,_
1479,0,秋秋,10,166,11,4,4,3315,0,_
1480,0,万喜,0,1866,45,0,0,7873,1,本人换号了_
1481,0,XV皮皮虾吖,45,334,28,6,7,2325,1,全能，能玩MC，能玩和平精英，能玩王者，只不过菜，不喜勿喷　　　　　 ／⌒ヽ⊂二二二（　＾ω＾）二⊃　　　　　|　　　 / 　　 　　　 （　ヽノ　　　　　 ﾉ>ノ　 三　　レﾚ_
1482,0,隋广凡,0,95,1,0,0,37,0,_
1483,0,小小安,0,219,22,0,0,0,0,_
1484,0,渐离,0,90,0,0,0,6386,1,。。。_
1485,0,寒山路不通,0,369,1,0,0,14284,0,_
1486,0,"Mr,Right（真命天子）",0,1958,19,0,0,0,0,_
1487,0,用户4449510239499,0,263,1,0,0,2202,0,_
1488,0,张文哲,0,104,12,0,0,0,0,_
1489,0,一叶子,366,567,74,33,33,387,0,_
1490,0,杠精（支持黑芒）,143,4986,128,34,34,28461,0,_
1491,0,下饭凌轩,89,1505,31,12,13,3198,0,_
1492,0,你挺闹啊,0,1105,1,0,0,2856,0,_
1493,0,王者荣耀   孤泪,5,148,9,2,5,169,0,_
1494,0,提督,12,745,34,4,4,14092,0,_
1495,0,用户8738950451078,0,975,2,0,0,2359,0,_
1496,0,凡人,0,1533,9,0,0,3115,0,_
1497,0,shjshjshj,0,407,4,0,0,2375,0,_
1498,0,857.194w人,34,422,2,4,4,12760,1,中国加油！湖北加油！武汉加油！_
1499,0,孤冷ヾ,0,463,12,0,1,6757,0,_
1500,0,权驰.,0,162,4,0,0,0,0,_
1501,0,路过的风,0,132,0,0,0,45,0,_
1502,0,友谊的火焰,23,1291,16,6,6,13525,0,_
1503,0,冷月飘霜.,38508,1186,714,637,639,45424,0,_
1504,0,天性曳舞_雪💄,12886,3004,2440,96,98,29593,1,过往云烟_
1505,0,用户5009543797889,0,124,0,0,0,139,0,_
1506,0,凌,0,43,11,0,0,0,0,_
1507,0,轩哥,238,1761,33,25,32,31006,0,_
1508,0,用户7233357983823,0,105,1,0,0,138,0,_
1509,0,。。。。,0,1328,22,0,0,11334,0,_
1510,0,:+༺ཌ࿅࿆盖࿈࿆༒࿈࿆世࿅࿆ད༻+:,10,219,8,9,9,5632,0,_
1511,0,冰火电风岩海,0,878,5,2,2,226,0,_
1512,0,~,44,64,10,9,9,527,0,_
1513,0,Startired,4,438,40,8,8,723,0,_
1514,0,时差,0,447,19,0,0,4765,1,努力练习的我_
1515,0,鲸落-♥,0,1379,37,0,0,5715,1,啥也不会，没有简介_
1516,0,极丶光,0,547,2,0,0,1008,0,_
1517,0,吴风,0,139,15,0,0,262,0,_
1518,0,已痒死哦,0,69,0,0,0,4,0,_
1519,0,￼,0,235,2,0,0,10086,0,_
1520,0,我江,0,1312,20,0,0,0,0,_
1521,0,梦死了还有我,0,686,6,0,2,719,0,_
1522,0,Lonely \冥久,20,354,13,3,3,1654,1,喜欢的点波关注，谢谢哦_
1523,0,👉光头哥👈一生有你,26,68,20,4,4,456,0,_
1524,0,冯文杰,1,372,4,1,1,201,0,_
1525,0,德古拉伯爵,0,338,1,0,0,2921,0,_
1526,0,手机用户80775017928,0,467,4,0,0,28395,0,_
1527,0,山河故人 ̈́ ͒,0,347,37,0,0,0,0,_
1528,0,江沉晚吟时,0,407,0,0,0,53,0,_
1529,0,魍魉,0,1508,5,0,0,16415,0,_
1530,0,hhhh,0,23,2,0,0,0,0,_
1531,0,用户1036065105169,0,60,0,0,0,98,0,_
1532,0,莫测,2,881,3,2,2,2241,0,_
1533,0,川Z·仁寿晓杜,249,1246,87,24,26,2046,1,人，一辈子是不可能穷的。_
1534,0,空城旧梦OVO,4,2365,9,2,2,11470,1,天生我才必有用，我要作孽谁可挡_
1535,0,孤独...成瘾,0,215,4,0,0,1110,0,_
1536,0,善良的死神（已黑化）,13,1457,16,1,22,8397,1,个人懒得解释_
1537,0,pray.,0,83,5,0,0,612,0,_
1538,0,清,0,1473,15,0,0,4463,0,_
1539,0,用户2189796874179,0,273,0,0,0,0,0,_
1540,0,‍,0,303,182,0,0,0,0,_
1541,0,🐌昊,0,1096,2,0,0,7075,0,_
1542,0,从林小黑,4,310,1,1,1,3026,0,_
1543,0,无各(收藏家),0,4947,106,0,0,14367,0,_
1544,0,都觉得姐姐,0,1615,4,0,0,3818,0,_
1545,0,七酱酱,0,350,8,1,1,7764,1,主页拿图QQ号：2540180435可投稿_
1546,0,你爸姓赵,0,110,2,0,0,464,0,_
1547,0,厌梦人,0,440,1,0,0,3996,0,_
1548,0,昊、,7,3078,26,7,10,509,0,_
1549,0,平安,0,38,2,0,0,37,0,_
1550,0,好 皮 啊,13,660,17,2,2,28681,0,_
1551,0,r沉默bu语,1,121,5,1,1,383,0,_
1552,0,嘿嘿,4,460,3,2,2,8505,0,_
1553,0,慕夏,0,203,4,0,0,1970,0,_
1554,0,阿觅粉丝,10,707,3,4,4,7685,1,，，，，_
1555,0,沙雕小六,0,224,14,0,0,3540,0,_
1556,0,若痕,0,86,28,0,0,33,1,闲~~_
1557,0,鹤柒酱.,24,573,3,9,9,9499,1,你是我翘首以盼的惊喜_
1558,0,空少,0,71,4,0,0,207,0,_
1559,0,归零_♡,1025,232,70,51,52,9897,1,他们千不该万不该不该押宝在让我怀疑你上，我的心早已经是你的了，又怎会不信你呢_
1560,0,Gitisan,0,69,1,0,0,471,0,_
1561,0,吕东坡,77,267,40,13,13,953,0,_
1562,0,北城,0,77,7,0,0,1090,1,吸着烟   徘徊着_
1563,0,充钱使你强大,118,222,23,110,110,665,0,_
1564,0,うちは シスイ,0,1309,64,0,1,0,0,_
1565,0,追梦↘魂,0,1013,17,0,0,754,0,_
1566,0,解陈斌,0,446,0,0,0,2956,0,_
1567,0,伤心π_π,0,69,1,0,0,5,0,_
1568,0,坑神小学生（胡）,47,553,43,7,7,3717,0,_
1569,0,用户1553090159076,0,353,2,0,0,325,0,_
1570,0,用户3478396920629,0,72,1,0,0,83,0,_
1571,0,用户9632925124781,0,110,0,0,0,101,0,_
1572,0,不听话的小盆友,9,419,19,2,2,1605,1,学生_
1573,0,最强马可,223,1104,63,6,6,2745,0,_
1574,0,无人忆起,95,1315,44,11,11,5944,0,_
1575,0,铭の氺,0,2476,104,0,0,21732,1,学术爱好者，原本设定3.1在去听讲座本学习。因疫情期间有难，所以于6.24前在学习所待着，7.1后看情况_
1576,0,恶魔98k,20,1216,12,7,7,8050,0,_
1577,0,用户328888799470,6,100,5,0,0,0,0,_
1578,0,rap,0,522,2,0,0,1368,0,_
1579,0,和平精英嘉昊,15,2603,8,5,5,11332,0,_
1580,0,北瞎仁,2,79,19,0,0,53,0,_
1581,0,୧⍤⃝🌮小青烟,12,2603,28,3,3,25417,1,你好啊😍😍😍谢谢你🤗🤗🤗点的关注😘😘😘_
1582,0,独自流浪在你内心的深,4,679,6,1,4,1818,0,_
1583,0,这一枪叫晚安,0,20,1,0,0,69,0,_
1584,0,玄子爱吃奥利给。,39,3590,24,15,15,5015,0,_
1585,0,用户672846599689,34,427,14,7,7,448,0,_
1586,0,用户3726402665181,0,50,0,0,0,28,0,_
1587,0,scp九尾狐士兵,23,1456,39,20,20,5476,0,_
1588,0,琥珀小龙,14,98,1,7,7,534,1,琥珀龙小号_
1589,0,我tm笑着玩,0,727,0,0,0,34156,0,_
1590,0,用户4837612272986,5,346,3,5,5,849,0,_
1591,0,用户6852662812743,0,206,0,0,0,2994,0,_
1592,0,专业抬棺,0,1189,20,0,0,7887,0,_
1593,0,☞小清新,0,450,7,0,0,3532,0,_
1594,0,杠精小队队长,11312,2952,930,430,431,11219,1,粉丝破100穿女服_
1595,0,无声（啥也不是）,8,496,14,2,2,1579,1,啥也不是_
1596,0,用户2762095450607,0,45,4,0,0,31,0,_
1597,0,爱菲菲,0,1202,5,0,0,14964,0,_
1598,0,风神,11,223,5,6,7,967,0,_
1599,0,春风化雨,2031,339,348,103,103,561,0,_
1600,0,南瓜恶魔,0,155,49,0,0,0,0,_
1601,0,歹乏念,0,20,265,0,0,14281,0,_
1602,0,冷瞳.,322,309,58,8,8,2335,1,🐧🐧:2551204531偶像：VG易瞳安卓接单_
1603,0,从学校,0,1354,12,0,0,5838,0,_
1604,0,戏,0,2367,93,0,0,0,0,_
1605,0,阿柒,0,4704,7,0,0,28224,0,_
1606,0,满目星辰皆是你,1,175,0,0,0,175,1,不以物喜，不以己悲_
1607,0,青ちゃん.,0,77,0,0,0,717,0,_
1608,0,草儿,17,59,9,1,1,35,1,平淡，平安。平平淡淡，平平安安，安安稳稳。_
1609,0,giao王,0,196,71,0,1,10420,0,_
1610,0,闲言碎语,0,229,23,0,0,895,0,_
1611,0,阿哈.,21,1109,13,0,3,38707,0,_
1612,0,用户8818033976609,0,493,3,0,0,474,0,_
1613,0,用户2084155435509,2,167,3,2,2,450,0,_
1614,0,用户6188331580023,0,85,0,0,0,258,0,_
1615,0,阿巴巴,0,1874,54,0,0,15958,0,_
1616,0,星空:,67,1327,35,18,18,779,0,_
1617,0,钢筋,4,1283,10,1,9,19382,0,_
1618,0,张小云,0,27,0,0,0,37,0,_
1619,0,Michael,0,393,9,0,0,9032,0,_
1620,0,蒙奇·D·黄猿,18,655,36,0,0,0,0,_
1621,0,刘致维,7,43,18,1,1,955,0,_
1622,0,王者,15,1764,14,3,3,3070,0,_
1623,0,白给在线送,11,1344,29,1,2,6488,0,_
1624,0,A霖霖妈,0,336,15,0,0,1253,0,_
1625,0,缺人陪的晨风,13,351,10,8,8,276,0,_
1626,0,一一、,0,14,0,0,0,1,0,_
1627,0,何必这样,0,17,0,0,0,4,0,_
1628,0,用户204355,9,38,2,2,2,642,0,_
1629,0,饕餮 ,0,182,13,0,0,6765,0,_
1630,0,不点赞把你抬到飞,54,643,24,0,0,0,0,_
1631,0,正直之士(全能打野),0,1407,17,0,0,18683,1,不打女生_
1632,0,曜小星星,0,168,2,0,0,71,0,_
1633,0,七大暗影刺客/柒,0,118,9,0,0,6058,0,_
1634,0,SKyFly丿屠龙先生(周末更),18218,603,576,120,120,8987,1,爱好:打篮球场上位置:控卫，分卫喜欢玩的游戏:王者荣耀、最强NBA，NBA2K20、和平精英、圣安地列斯英豪篮球训练营外教班学员喜欢教练:黄教练、梁教练还有外教:Chαncα_
1635,0,牛牛,0,285,11,0,0,1463,0,_
1636,0,qiang、 小蜥蜴,2,899,13,1,1,9523,0,_
1637,0,依旧如此,4,116,2,2,3,1796,0,_
1638,0,死的快乐,16,901,87,3,4,7311,0,_
1639,0,用户5873449614218,0,35,0,0,0,1,0,_
1640,0,九七丶,81,1097,48,25,25,275,1,所有作品都是自己做的，不会盗别人作品_
1641,0,不对劲的就,0,99,8,0,0,21269,1,东华帝君大家觉得记得记得就_
1642,0,自闭少年丶晓樊,0,59,0,0,0,148,0,_
1643,0,buuuurrrring Lamer,0,977,5,0,0,9061,0,_
1644,0,ネф̶ イω,27,414,10,0,0,0,0,_
1645,0,江晚,0,199,4,0,0,1086,0,_
1646,0,尤文,0,6,0,0,0,0,0,_
1647,0,用户2465403626079,0,423,0,0,0,2496,0,_
1648,0,用户6289766976215,0,102,0,0,0,271,0,_
1649,0,mum~,0,371,0,0,0,383,0,_
1650,0,fell.joker,24,599,10,9,9,997,1,⣿⣿⣿⣿⣿⣿⢟⣡⣴⣶⣶⣦⣌⡛⠟⣋⣩⣬⣭⣭⡛⢿⣿⣿⣿⣿⣿⣿⣿⣿⠋⢰⣿⣿⠿⣛⣛⣙⣛⠻⢆⢻⣿⠿⠿⠿⣿⡄⠻⣿⣿⣿⣿⣿⣿⠃⢠⣿⣿⣶⣿⣿⡿⠿⢟⣛⣒⠐⠲⣶⡶⠿⠶⠶⠦⠄⠙⢿⣿⠋⣠⠄⣿⣿⣿⠟⡛⢅⣠⡵⡐⠲⣶⣶⣥⡠⣤⣵⠆⠄⠰⣦⣤⡀⠇⣰⣿⣼⣿⣿⣧⣤⡸⢿⣿⡀⠂⠁⣸⣿⣿⣿⣿⣇⠄⠈⢀⣿⣿⠿⣰⣿⣿⣿⣿⣿⣿⣿⣷⣤⣈⣙⠶⢾⠭⢉⣁⣴⢯⣭⣵⣶⠾⠓⢀⣴⣿⣿⣿⣿⣿⣿⣿⣿⣿⣿⣿⣿⣉⣤⣴⣾⣿⣿⣦⣄⣤⣤⣄⠄⢿⣿⣿⣿⣿⣿⣿⣿⣿⣿⠿⠿⠿⠿⣿⣿⣿⣿⣿⣿⣿⣿⣿⣿⣿⣇⠈⢿sans画家，作品都是原创（第一个不是原创）_
1651,0,醉笙呀~,15,467,20,0,0,0,0,_
1652,0,贱尊,0,170,5,0,0,107,0,_
1653,0,小愤青的牛皮糖,22,86,16,4,4,0,0,_
1654,0,飞飞酱,0,954,16,0,0,1632,0,_
1655,0,詹家业700,0,203,1,0,0,0,0,_
1656,0,鸣人,0,30,0,0,0,29,0,_
1657,0,宝富按摩,12,540,14,1,1,274,0,_
1658,0,璇月,0,88,2,0,0,20385,0,_
1659,0,熙熙吖！,3,997,2067,0,2,4102,1,闺蜜:@宝贝_
1660,0,Ten陈小喵,0,191,2,0,0,0,0,_
1661,0,小凯哥,423,2697,52,0,0,0,0,_
1662,0,滕名场,88,4590,56,15,21,28069,0,_
1663,0,《旱烟》％,0,235,2,0,0,0,0,_
1664,0,小铭解说MC,298,2365,1497,29,30,3897,1,QQ2035095804                                                        反迷你不是中立_
1665,0,吾皇,0,1056,3,1,1,9192,0,_
1666,0,用户5854361184320,0,80,0,0,0,22,0,_
1667,0,太难取名,0,308,11,0,0,642,0,_
1668,0,随缘,10,1171,5,8,8,10257,0,_
1669,0,无,0,385,5,0,0,5997,0,_
1670,0,燕子,8,4449,21,1,1,11195,0,_
1671,0,豆豆,0,188,7,0,0,498,0,_
1672,0,软软萌萌140,0,11,11,0,0,0,0,_
1673,0,肥英,0,388,1,0,0,609,0,_
1674,0,天魔至尊,9,547,1,3,3,1400,0,_
1675,0,。。。,0,1134,17,0,0,31471,0,_
1676,0,。。。。,0,1056,8,0,0,9403,0,_
1677,0,风伪✨,120,61,1241,0,20,0,0,_
1678,0,王者荣耀阿庄,0,36,1,0,0,95,1,我玩王者，和平，我的世界_
1679,0,独眼Tuyan,1,17,0,1,1,50,1,3v3霸主在下独眼_
1680,0,111111,0,1733,24,0,0,4233,0,_
1681,0,不点关注的家里闹伏拉夫,25,1018,36,4,5,3535,0,_
1682,0,单挑系列公孙离,2803,4992,101,385,385,18333,1,啊哈，来单挑，微信安卓_
1683,0,犬来八荒,639,108,20,23,23,1253,1,小可爱们记住，不要一次性点赞。不然我会被限流的_
1684,0,你奶奶的,60,969,20,18,18,1731,0,_
1685,0,人品问题,3,2803,30,1,1,90408,0,_
1686,0,用户6665171907991,0,375,0,0,0,1717,0,_
1687,0,不爱你等于不要命,739,977,65,5,6,56737,0,_
1688,0,陈志豪,0,921,6,1,1,183,0,_
1689,0,热血 少年,7,274,53,2,2,0,1,🇨🇳🇨🇳🇨🇳✨🇨🇳🇨🇳🇨🇳✨✨✨🇨🇳✨🇨🇳✨🇨🇳✨✨✨🇨🇳✨🇨🇳✨🇨🇳✨✨✨🇨🇳✨🇨🇳🇨🇳🇨🇳✨_
1690,0,茶茶酱か,3,519,5,1,1,463,0,_
1691,0,星火,3,496,4,2,2,2778,0,_
1692,0,用户4829718621851,0,66,2,0,0,227,0,_
1693,0,YG「孤夜月影」（极不想更）,4566,2723,11063,7,65,20910,1,Hi，我是孤夜每周六周日更新平时有时间就更基友:梦轩mc:YG丶孤夜月影吃鸡:乄宇智波彡孤影（QQ区）王者:Absurd彡影（微信区）你看nm呢，关注👴走几个月，反正没人关心过_
1694,0,用户9295798214354,0,92,0,0,0,15,0,_
1695,0,沙,24,3182,42,0,0,79572,0,_
1696,0,火,29,4984,25,4,4,16403,0,_
1697,0,一个直男,0,289,27,0,0,180,0,_
1698,0,Minecraft 沙雕米小豆吖,21417,835,6412,32,42,22543,1,普通游戏玩家米小豆 玩游戏七年零氪 没钱🌚💦👴玩MC 七年老玩家 生存厉害 红石盲👴也玩吃鸡 目前段位星钻4 单排勇士👴玩王者 目前铂金 很菜 单排勇士👴玩猫和老鼠 老鼠铂金 猫铂金 单排勇士👴玩第五人格 业余玩家 不打排位顺便说一下👴是MC理智玩家 👴不反迷你 无脑喷请离开谢谢非酋玩家 金光啥的跟👴没关系🖕🏻 再削猫WY司马🙃_
1699,0,面对疾风吧,0,98,1,0,0,168,0,_
1700,0,起什么名呢？,0,1364,30,0,0,2740,0,_
1701,0,｡◕‿◕｡（*＾ワ＾*）罒▽罒,267,1602,43,31,31,3733,1,我不多逼逼，啥都不说，兄弟们啊，我这个人特别欠打，就用你们的关注和爱心砸死我吧，咋滴，看啥说滴就是你，不服？来来来，用关注和爱心砸死我吧     ᝰ_
1702,0,用户6383149958709,0,92,2,0,0,19,0,_
1703,0,冰火判,0,337,4,0,0,2261,0,_
1704,0,努v就是你机身内存说出口好点石成金你说的,5,3559,4,3,3,9893,1,助睡眠充足了？！？！？！？！？！？！？！？！我的照片我看看有没有人一起的这么早？_
1705,0,morning,21,475,17,2,2,620,0,_
1706,0,qzuser_67039,0,1576,7,0,0,1353,0,_
1707,0,酱,0,85,0,0,0,456,0,_
1708,0,邓摩,0,20,2,0,0,15,0,_
1709,0,小明同学呐^,97,756,10,11,11,20822,0,_
1710,0,拔刀能留住落樱吗,0,70,1,0,0,18,0,_
1711,0,年    华,0,453,10,0,0,1479,0,_
1712,0,用户5071094420267,0,26,0,0,0,4,0,_
1713,0,玩火少年,0,255,22,0,0,0,0,_
1714,0,前年之椰子潜水,0,30,1,0,0,132,0,_
1715,0,我是野王，来找我吧,0,106,3,0,0,1855,1,我是帅帅小清新，等你来关注哦。_
1716,0,huangjinwei,0,517,34,0,0,7217,0,_
1717,0,反灭霸钢铁侠。,0,4104,25,0,0,62333,0,_
1718,0,用户671754613188,0,19,1,0,0,208,0,_
1719,0,（无)三国服,195,3563,73,77,77,29226,1,我是一个小主播求支持。_
1720,0,夏至未至,46,283,38,6,6,923,0,_
1721,0,SO丶沫子,29,4247,262,7,8,18345,1,谁说现在是冬天，当你在我身旁时，我感到百花齐放，鸟唱蝉鸣。       ――沫子_
1722,0,想吃面包,10,259,11,2,2,29483,0,_
1723,0,用户1036320969565,0,83,1,0,0,1049,0,_
1724,0,用户9863118628455,0,200,12,0,0,661,0,_
1725,0,星&兴,0,2263,20,0,0,46637,0,_
1726,0,✧* ꧁ perry ꧂✧*,4,495,3,0,0,0,0,_
1727,0,爱过.（哈哈）😭,145,5000,45,36,36,8614,0,_
1728,0,一条小沙雕ovo,5,116,12,1,1,788,0,_
1729,0,流浪杠精,0,728,23,0,0,387,0,_
1730,0,悠悠,15,40,17,4,4,55,0,_
1731,0,许家豪,0,15,2,0,0,53,0,_
1732,0,笑看人生,0,100,2,0,0,830,0,_
1733,0,马叉虫（唯护仙儿）,1,4064,24,0,2,13190,0,_
1734,0,随心所遇,0,711,75,0,2,3169,0,_
1735,0,幽静♬ 琴寒,408,4186,49,64,69,9165,0,_
1736,0,茂茂,0,668,1,0,0,529,0,_
1737,0,星河.,0,3478,1084,0,0,0,0,_
1738,0,用户2457693209779,0,18,5,0,0,204,0,_
1739,0,樊子兴,0,97,3,0,0,2435,0,_
1740,0,~——寳贝——~,122,524,50,17,19,1823,1,人生莫过于此开心度过此生无悔入华夏_
1741,0,菩提,0,1130,11,0,0,8069,0,_
1742,0,牛逼,0,4125,9,0,0,0,0,_
1743,0,黑华Y,4,1050,1,2,3,6120,0,_
1744,0,用户916698542892,0,304,0,0,1,557,0,_
1745,0,枫萧鍔,0,11,11,0,0,41,0,_
1746,0,守望幸福,288,614,66,19,19,3527,0,_
1747,0,。。。,7,613,10,0,0,0,0,_
1748,0,仙女落凡尘,0,134,2,0,0,0,0,_
1749,0,小鸡,7,4003,6,0,0,0,0,_
1750,0,钧莫笑,0,631,10,0,0,1914,0,_
1751,0,锡锡鸡,3,1556,19,0,0,0,0,_
1752,0,希望之眼,36,3341,13,19,51,18952,0,_
1753,0,Soly离Alo.,0,612,19,0,0,3564,0,_
1754,0,皮皮猴(老皮咬咬真爱粉。),1,473,11,0,0,587,0,_
1755,0,(^O^)晨,0,95,14,0,0,7,0,_
1756,0,lanbo,0,44,1,0,0,0,0,_
1757,0,用户7729518717915,0,169,0,0,0,249,0,_
1758,0,湖南蔡徐坤。,331,127,112,0,0,0,0,_
1759,0,我是谁,0,1003,5,0,0,3288,0,_
1760,0,darling,38,812,53,5,6,18019,0,_
1761,0,柠檬水🍋,0,1613,2,0,0,0,0,_
1762,0,叫我123,0,71,17,0,0,33,0,_
1763,0,一路风光,1,796,3,1,1,18793,0,_
1764,0,逐梦,0,94,11,0,0,3765,0,_
1765,0,撩妹大队(楠枫),2,4184,87,1,2,12556,0,_
1766,0,大学,0,37,0,0,0,20,0,_
1767,0,伐开心了,12,552,19,19,19,1575,0,_
1768,0,元儿哥哥,4,403,4,5,5,793,1,当一个人有了梦想，并为之而努力的时候，离成功就不远了。_
1769,0,魏,0,165,0,0,0,13,0,_
1770,0,野王悟空,13,541,2,13,13,2516,0,_
1771,0,付子健,326,720,39,35,35,3822,1,喜欢看游戏。_
1772,0,北凉徐世子是也,0,309,2,0,0,335,0,_
1773,0,马总,0,402,7,0,0,81,0,_
1774,0,💎 💗 Rachel 💤,28,545,17,7,9,1272,0,_
1775,0,ᰩ[看]᭄,0,183,17,0,0,6,0,_
1776,0,用户1916320963088,92,230,7,19,19,1516,0,_
1777,0,莫空..,19,478,33,0,0,0,0,_
1778,0,黑牛媳妇,2168,1227,270,174,180,8839,1,我本无心，何来伤心！_
1779,0,归零,0,148,4,0,0,1350,1,非诚勿扰没事别找_
1780,0,一个靓仔,5,2380,15,1,2,5924,0,_
1781,0,吃货🍮🍩🍰🍦🍡🍤🍕🌭,15,759,9,3,3,7026,0,_
1782,0,友人归--呼吸【神卡玩家】,50,985,13,13,13,32453,1,火影玩家_
1783,0,28211188,0,280,0,0,0,2116,0,_
1784,0,来来来,19,741,9,6,6,14628,1,和平精英，葵_
1785,0,the     old      boy,2,1335,13,1,2,2568,0,_
1786,0,南宫滕海,0,583,6,0,0,2199,0,_
1787,0,幻月,0,623,6,0,0,13838,0,_
1788,0,旭日初升,45,143,49,9,9,790,0,_
1789,0,无天但说,170,462,10,26,26,3484,0,_
1790,0,达菲熊吖,3,797,29,3,3,40616,0,_
1791,0,恶意成功的过程,0,616,12,0,0,455,1,I can do all things_
1792,0,四季.,0,68,2,0,0,504,0,_
1793,0,@火影忍者@迪达拉,5,1198,18,1,3,4452,0,_
1794,0,用户8557184709149,0,246,0,0,0,583,0,_
1795,0,瑞,15,810,4,11,11,5668,0,_
1796,0,用户3597917744046,1,322,3,0,1,3846,0,_
1797,0,廖远旺,1,291,3,1,1,158,0,_
1798,0,爱了爱了,0,476,4,0,0,751,0,_
1799,0,赤,41,4777,181,12,12,14251,1,赤_
1800,0,枫然雅典娜,110,39,16,15,15,1258,1,加我可以一起拍素材_
1801,0,搞笑的题目,0,335,0,0,1,639,0,_
1802,0,睿智小星球,0,306,19,0,0,329,0,_
1803,0,杨富尊,1,879,3,8,8,119,0,_
1804,0,小木鱼,0,449,11,0,0,3048,0,_
1805,0,SUPERΨHERO,0,1323,8,0,0,7688,0,_
1806,0,袁大姐,0,279,7,0,0,672,0,_
1807,0,韩跳跳（没有白）,2,1749,64,0,1,6666,1,有老公_
1808,0,随安い,0,1089,12,0,0,2865,0,_
1809,0,晨晨,21,320,35,1,2,7561,0,_
1810,0,￡回眸一笑￡,5,1138,19,0,1,29945,1,来了不要走，点个关注😉😉😉_
1811,0,黄世豪,0,928,11,0,0,8835,0,_
1812,0,苏颖。,175,3448,145,11,50,23457,0,_
1813,0,爸爸,0,426,3,0,0,1164,0,_
1814,0,用户806125244,15,953,7,3,3,2229,0,_
1815,0,呦（对峙2）,4,1276,16,2,2,1379,0,_
1816,0,用户273074764322,0,156,5,0,0,5073,0,_
1817,0,用户4520411103340,0,4495,9,0,0,1772,0,_
1818,0,小杠杠,2,85,4,5,5,103,1,充钱是我快乐，使大家快乐_
1819,0,星月神,0,933,6,0,0,10436,0,_
1820,0,赫弟弟,783,2197,208,12,22,54177,0,_
1821,0,野王不野,0,130,0,0,0,722,0,_
1822,0,flower sea 花海,0,323,14,0,0,0,0,_
1823,0,用户582023180058,6,120,4,3,4,1206,0,_
1824,0,用户7498842754818,0,311,0,0,0,1055,0,_
1825,0,长沙市精神病医院主科医生,55,1425,14,10,10,18553,0,_
1826,0,一群主,0,53,9,0,0,863,0,_
1827,0,我是精神小伙,7,7,20,1,1,588,0,_
1828,0,∵,0,365,37,0,0,446,0,_
1829,0,用户9974976043147,0,128,2,0,0,431,0,_
1830,0,潇洒的微笑,417,516,42,32,32,1424,0,_
1831,0,川菜,0,565,6,0,0,20594,0,_
1832,0,北鹿城—❤️,0,231,0,0,0,2143,0,_
1833,0,小清 王,0,157,0,0,0,206,0,_
1834,0,D L X,0,74,0,0,0,880,0,_
1835,0,用户7413124933767,0,440,0,0,0,16,0,_
1836,0,少年情缘,0,1728,12,0,0,4590,0,_
1837,0,一giao我的gⅰao gⅰαo,24,1758,27,10,10,1332,1,one_piece_bns_
1838,0,念.,0,1187,59,0,0,13998,0,_
1839,0,。，，，48(黑化中),0,552,23,0,0,647,0,_
1840,0,一生与你浪迹天涯☣,0,122,2,0,0,35348,0,_
1841,0,爱你们的小可爱呀,0,513,5,0,0,5124,0,_
1842,0,窦艺,0,344,3,0,0,987,0,_
1843,0,常に暗い,0,62,4,0,0,210,1,嘤嘤嘤_
1844,0,用户4651084327787,0,135,4,0,0,1152,0,_
1845,0,z s s,0,152,1,0,0,661,0,_
1846,0,艾米，爱你,108,1197,53,13,13,760,1,嗨，我是艾米，爱你，简单的事情重复做，重复的事情坚持做，亦是成功也是成长！_
1847,0,离芊,86,913,23,5,5,7406,0,_
1848,0,🇨🇳隔壁老王❤️,29,4645,72,12,15,12636,0,_
1849,0,用户4898722263327,0,38,11,0,0,53,0,_
1850,0,哇,170,2272,897,12,12,3903,1,………………_
1851,0,憨憨,0,123,0,0,0,469,0,_
1852,0,╭(╯ε╰)╮,44,263,9,6,6,2133,0,_
1853,0,浅,0,4548,49,0,0,0,0,_
1854,0,xxs,88,57,8,56,56,7583,0,_
1855,0,用户295942946319,0,360,1,0,0,10511,0,_
1856,0,用户6154512766934,0,1168,1,1,1,2377,0,_
1857,0,买米当卡,0,52,0,0,0,74,0,_
1858,0,吴政霖,88,703,19,13,13,2026,0,_
1859,0,用户4685860868844,0,75,0,0,0,46,0,_
1860,0,sans,0,122,10,0,0,5203,0,_
1861,0,刚开始就,0,26,2,0,0,545,0,_
1862,0,　　　　　　　　　　　　,0,775,3,0,0,7559,0,_
1863,0,星星,0,150,1,0,0,0,0,_
1864,0,梦溪是个铁憨憨✨(师傅海糖)(已有闺蜜),83,2304,55,15,18,4419,1,已有闺蜜：顾家苏家人50粉丝唱一次歌评论区自己写唱点赞最多的60粉丝学奈奈生200粉丝露一次脸。1万粉丝露一次脸_
1865,0,西窗,0,1724,19,0,0,3268,0,_
1866,0,我就今天,0,103,0,0,0,68,0,_
1867,0,爱情是什么鬼？,0,41,0,0,0,567,0,_
1868,0,铠因,0,2096,38,0,0,23599,1,找骂QQ26382923_
1869,0,手抖,0,366,12,0,0,104,0,_
1870,0,怀虚,0,264,3,0,1,4617,0,_
1871,0,孙家QQ,0,595,9,0,0,516,0,_
1872,0,pucx,26,4999,21,28,28,32522,0,_
1873,0,阿曌,0,785,6,0,0,5715,0,_
1874,0,王者（省服兰陵王）,242,815,54,60,60,9231,1,大家点一下双击_
1875,0,101元纪,73,4312,93,15,18,30775,0,_
1876,0,拂晓,0,3096,26,0,1,3530,0,_
1877,0,用户7311362470341,0,167,0,0,0,253,0,_
1878,0,用户2153818188650,0,425,2,0,0,832,0,_
1879,0,雨之夜白,0,2745,42,0,0,5923,1,人生就像一场梦……_
1880,0,汨鸷.,0,241,2,0,0,4170,0,_
1881,0,不染,13,756,10,4,9,7938,1,。。。。。_
1882,0,用户1017624016980,0,1399,7,0,0,2270,0,_
1883,0,凌の汐（村服李信）,10659,4161,1216,162,162,7949,1,明日方舟，王者荣耀都玩1w粉女装!1w粉女装!!1w粉女装!!!粉丝群1070385584(没啥人)收王者素材(不分段位)村服李信ヾ(´∀｀。ヾ)开学了，坚持周更元气骑士的视频剩一点当留念别给一次性给我视频全点了到时候限流（你们莫得看）_
1884,0,ネф̶ イω✨老糖🌙[希望破250粉],1677,2060,200,79,79,3114,1,🌸介✨开学暂退一段时间，但是我还会经常更视频，请不要取关☁️🌸里✨迷你号:801551443🌸四✨迷你名:小玖爱吃糖吖🌸老✨闺蜜:梦溪🌸糖✨搭档:小九🌸的✨好盆友:小冷🌸主✨粉丝名:糖果🌸🌸页✨尊师:茶柚.zzyy 🌸吖✨破壳日:11.18，希望有人记得(°ー°〃)🌸🌝✨希望破250粉鸭🎉🌸🌚✨你取关，我随后🌞_
1885,0,御魂,0,3031,25,0,0,5305,0,_
1886,0,炎影,8,328,30,3,4,9222,0,_
1887,0,易凌,0,1480,7,0,0,2069,0,_
1888,0,枪你太美,0,149,5,0,0,1387,0,_
1889,0,用户7352986367833,0,142,0,0,0,213,0,_
1890,0,大梦魇精神,0,168,7,0,0,191,0,_
1891,0,背影成双,0,623,3,0,0,6694,0,_
1892,0,用户5438862959809,2,419,2,1,2,1786,0,_
1893,0,无名之人,10,884,12,8,8,2153,0,_
1894,0,死买一边哭,0,215,0,0,0,1953,0,_
1895,0,家旺奶奶,3,290,6,1,1,2122,0,_
1896,0,嘿嘿,0,426,5,0,0,5705,0,_
1897,0,归安,0,165,8,0,0,2316,1,天生帅气_
1898,0,辞杀,1,85,47,0,1,4720,1,努力_
1899,0,66666666,0,3799,2,0,0,26847,0,_
1900,0,̶脸̶红̶ꦿ̶̶᭄,0,495,14,0,0,1602,0,_
1901,0,周歆雷,2,3779,24,0,5,21787,0,_
1902,0,笙,0,389,3,0,0,32192,0,_
1903,0,梦已醒,0,161,14,0,0,808,0,_
1904,0,日光下澈,0,203,13,0,0,0,0,_
1905,0,670.3w人,0,760,6,0,0,569,0,_
1906,0,用户1227092511272,0,52,0,0,0,268,0,_
1907,0,please X-rng,0,144,0,0,0,904,1,喜欢游戏_
1908,0,文具盒卡通,0,114,9,0,0,2066,0,_
1909,0,用户5888366929805,0,60,0,0,0,7,0,_
1910,0,㍿,1,1023,20,1,2,3192,0,_
1911,0,爱丽丝鸭~,0,83,3,0,0,33,0,_
1912,0,希望,0,126,2,0,0,302,0,_
1913,0,用户1061884024080,0,179,0,0,0,229,0,_
1914,0,收刀吧,9,139,13,3,3,1287,1,各一半是谁，哎谁知道啊_
1915,0,陈俊彬,9,2818,11,18,18,4816,0,_
1916,0,lxx加油,13,4716,51,4,4,15464,1,希望大家关注，谢谢😊，王者号微信区.   carry全场lxx_
1917,0,可曾听闻孤白渡,0,88,0,0,0,265,0,_
1918,0,用户5956480632398,0,150,3,0,1,2914,0,_
1919,0,一下,0,513,2,0,0,1824,0,_
1920,0,无心#,1,685,12,1,1,15567,0,_
1921,0,Hickeyぁ诺言,0,712,3,0,0,2093,0,_
1922,0,卑微的相思雨、,2,84,5,1,1,866,0,_
1923,0,惜.流年,0,2478,48,0,0,26473,0,_
1924,0,昊天锤,0,71,0,0,0,103,0,_
1925,0,曹欣怡,0,42,3,0,0,353,0,_
1926,0,轩,0,458,6,0,0,1844,0,_
1927,0,星慢🐯,0,327,1,5,5,561,0,_
1928,0,落栀仙,0,599,24,0,0,21860,0,_
1929,0,天才龙白,0,45,2,0,0,98,0,_
1930,0,笑仙哈,0,284,5,0,0,5695,0,_
1931,0,我giao,0,1590,3,0,0,0,0,_
1932,0,用户232271425858,0,126,0,0,0,649,0,_
1933,0,靓仔中的靓仔,0,460,2,0,0,567,0,_
1934,0,"hi,boy",52,147,60,0,0,0,0,_
1935,0,无情哈拉萨,3,763,1,2,2,3589,1,可以跟你吊打图书馆_
1936,0,꧁长歌꧂,94,1798,105,0,0,0,0,_
1937,0,雨梦,4,486,17,0,0,0,0,_
1938,0,花景澈,0,157,3,0,0,0,0,_
1939,0,阿白,3,952,14,0,6,5780,0,_
1940,0,Ks.落雁,0,399,3,0,0,1360,0,_
1941,0,用户6524831662642,0,343,0,0,0,552,0,_
1942,0,玄子爱喝威猛先生,61,2068,60,26,26,12717,0,_
1943,0,卑微松松,0,398,5,0,0,3,1,自闭男孩_
1944,0,龙之梦,11,642,0,4,4,7354,0,_
1945,0,用户9243656081414,0,61,0,0,0,20,0,_
1946,0,5418,127,881,42,41,43,15223,1,做真实的自己。_
1947,0,用户6553940447998,0,564,1,0,0,1032,0,_
1948,0,小豆芽,3,331,1,3,3,2751,0,_
1949,0,我叫蔡徐坤,0,1762,17,0,0,16658,0,_
1950,0,fgfhg,0,815,3,0,0,10043,0,_
1951,0,白玲6710,0,1573,18,0,0,25789,0,_
1952,0,李,23,502,29,5,5,34733,0,_
1953,0,鲁佳俊98,8,60,2,4,4,1357,0,_
1954,0,抖音来找阿泽,77,3072,26,23,23,6904,0,_
1955,0,用户8514544915261,0,65,0,0,0,418,0,_
1956,0,用户8925851647422,0,268,1,0,0,38,0,_
1957,0,oko tygrysa.,1,4997,2343,0,0,7029,1,我是一名过客，只是一名不知是谁的过客。但 我自有一方天地_
1958,0,小桃冰茶。,1,91,30,0,1,0,1,🈚_
1959,0,翔宇,5,2590,55,0,9,6573,0,_
1960,0,用户6027462591256,0,124,0,0,0,12,0,_
1961,0,😈,0,80,40,0,0,9908,0,_
1962,0,一米阳光,36,5000,45,7,7,43954,1,星火燎原_
1963,0,微微一笑,0,509,9,0,0,3651,0,_
1964,0,MT,0,4999,208,0,0,12531,1,请一定要有自信。你就是一道风景，没必要在别人风景里面仰视。_
1965,0,用户3555685187709,0,332,0,0,1,12485,0,_
1966,0,用户6588484672436,0,155,1,0,0,122,0,_
1967,0,取个好听的名字,0,17,0,0,0,2562,0,_
1968,0,关菲菲,2,1919,26,1,1,3974,1,50粉露脸~_
1969,0,木讷。恶魔,0,102,3,0,0,265,0,_
1970,0,￴ㅤ￴ㅤ￴ㅤ￴ㅤ￴ㅤ￴ㅤ￴,0,22,5,0,0,0,0,_
1971,0,打傘潞$,2,5001,21,4,4,5919,0,_
1972,0,(눈_눈)kiss  倾城(ಡωಡ) ,0,114,0,0,0,118,0,_
1973,0,往事,2,391,1,1,1,730,0,_
1974,0,你是谁,235,1423,15,58,58,13788,0,_
1975,0,星泽学长,32,2146,41,6,6,5784,0,_
1976,0,小晌殇,3,423,18,2,2,15529,0,_
1977,0,太阳正能量,0,675,10,0,0,823,0,_
1978,0,[看],0,493,14,0,0,0,0,_
1979,0,LJL-殇,2,926,14,0,0,362,0,_
1980,0,马跃,28,75,63,5,5,1494,1,坚强的小草_
1981,0,明月与时,0,289,1,0,1,5025,0,_
1982,0,缘之空,0,4084,15,0,0,33719,0,_
1983,0,不求人晚玉,0,643,7,0,0,3133,0,_
1984,0,小老弟,0,989,9,0,0,1874,0,_
1985,0,有你任性♥,0,2907,54,0,0,20830,0,_
1986,0,刘鼎言,0,273,0,0,0,2103,0,_
1987,0,ZBC!,0,430,4,0,0,3295,0,_
1988,0,䰢,0,366,0,0,0,4108,0,_
1989,0,渣男一号,38,1804,20,7,7,10488,0,_
1990,0,啊精,0,656,7,0,0,9118,0,_
1991,0,ee,0,1006,14,0,0,2150,0,_
1992,0,清风,0,212,4,0,0,224,0,_
1993,0,K4加油,0,221,14,0,0,1125,0,_
1994,0,阳间与阴间的中间商,0,1729,185,0,0,454,0,_
1995,0,昊丶,1,1915,37,1,1,19552,1,历尽千帆，归来仍是少年～_
1996,0,X.,0,40,3,0,0,1049,0,_
1997,0,陈总,11,2629,11,3,3,6818,0,_
1998,0,往后余死,0,203,11,0,1,636,0,_
1999,0,空心,5,1618,63,3,3,21387,1,无处安放的心。_
2000,0,马总,0,374,5,0,0,714,1,"""     /_"
2001,0,"小小卢""丿",0,379,5,0,0,5541,0,_
2002,0,你给你发,0,32,0,0,0,22,0,_
2003,0,用户4204564423699,28,178,7,5,5,1944,0,_
2004,0,用户8402207908761,0,70,3,0,0,38,0,_
2005,0,7线,1,496,1468,0,1,2175,0,_
2006,0,爸爸,0,1181,2,0,0,0,0,_
2007,0,林晚逸匚林家],303,4150,268,29,29,6886,1,有3个妹妹。宝藏女孩没有_
2008,0,南忆.,0,1116,15,0,1,1002,0,_
2009,0,妹妹,17,231,4,3,3,333,0,_
2010,0,奶油,13,1810,25,2,2,3489,1,ig牛皮_
2011,0,耀的，爸爸。,25,148,4,12,13,5219,0,_
2012,0,剑锋芒,0,280,6,0,0,5235,1,在某个清晨，回望我一生，活的虽认真，却微小如尘。_
2013,0,陌然,0,1565,3,0,0,3434,0,_
2014,0,沐辰,164,3622,274,18,20,38441,0,_
2015,0,火辣鹤睿,53,4269,5,18,18,14736,0,_
2016,0,TALEHT,0,2116,17,0,0,30155,1,。。。_
2017,0,死狗流批qwq,0,48,7,0,0,5139,0,_
2018,0,182.5万人,0,1525,12,0,0,31588,0,_
2019,0,遾心,0,2208,13,0,0,2334,0,_
2020,0,幻星＆泪,0,496,47,0,0,3798,0,_
2021,0,志远路人,3,118,8,3,3,998,0,_
2022,0,来笙有梦,0,1740,5,0,0,6503,0,_
2023,0,没有心的恶魔,0,450,6,0,1,318,1,你若不离我必不弃_
2024,0,用户9268371985291,0,198,0,0,0,35,0,_
2025,0,白羊,361,634,107,17,17,5053,0,_
2026,0,用户4485552393142,0,48,0,0,0,220,0,_
2027,0,用户6637468524238,0,65,1,0,0,5,0,_
2028,0,☁️,0,2282,93,0,0,76827,1,善恶两端       喜忧参半_
2029,0,Shonl_lone,56,1827,53,3,9,0,0,_
2030,0,王小梅,109,1119,35,14,16,3938,0,_
2031,0,TA丶莫七七,3175,1498,7617,39,41,16852,1,16岁_
2032,0,北城南笙,38,4343,38,9,10,13607,1,🇨🇳🇨🇳🇨🇳✨🇨🇳🇨🇳🇨🇳✨✨✨🇨🇳✨🇨🇳✨🇨🇳✨✨✨🇨🇳✨🇨🇳✨🇨🇳✨✨✨🇨🇳✨🇨🇳🇨🇳🇨🇳✨💪💪💪_
2033,0,用户3431477942160,0,609,1,0,0,153,0,_
2034,0,"萌比哟,]",0,121,2,0,0,529,0,_
2035,0,南沐,0,565,4,0,0,1840,0,_
2036,0,岁月不饶人,0,147,0,0,0,1356,0,_
2037,0,用户6236374550752,0,61,0,0,0,193,0,_
2038,0,相思如初见,27,352,17,9,9,5293,0,_
2039,0,磊哥攸然粉,16,581,14,3,3,1735,0,_
2040,0,王者荣耀初见小成,0,642,5,0,0,676,0,_
2041,0,七～,0,718,11,0,0,7082,0,_
2042,0,自由的战争,0,291,1,0,0,48,0,_
2043,0,无畏 Fox nine,0,23,0,0,0,399,0,_
2044,0,✨✨✨,6,180,2,1,1,2975,0,_
2045,0,吞云吐雾,0,455,7,0,0,1174,0,_
2046,0,SJSU,0,672,9,0,0,207,0,_
2047,0,djdb,0,292,10,0,0,1087,0,_
2048,0,想把你吃掉,0,924,27,0,0,8176,1,2333366666_
2049,0,熙熙超甜鸭,0,980,6,0,0,1976,0,_
2050,0,已重置,0,128,2,0,0,118,0,_
2051,0,寄个春天给你,2,2198,15,1,1,35224,0,_
2052,0,AG梦泪,13,1992,9,6,6,7120,0,_
2053,0,圆蘅,0,980,2,0,0,49,0,_
2054,0,，，，，，,9,696,6,3,3,2185,0,_
2055,0,,1,467,11,0,2,4582,0,_
2056,0,影,0,447,27,0,0,1464,0,_
2057,0,五岁,0,1926,13,0,0,27618,0,_
2058,0,/浮生一场梦,0,485,21,0,0,205,0,_
2059,0,神奇阿呦,0,2069,8,0,0,0,0,_
2060,0,男朋友【暮糖阁】,49,716,87,2,2,2447,0,_
2061,0,牛逼,3,330,4,1,1,3359,0,_
2062,0,笔墨之鸿,0,138,2,0,0,5191,0,_
2063,0,ご༄傻＆白ོྂཾ࿆࿐,0,151,11,0,0,556,0,_
2064,0,忍战蔡徐坤,0,688,2,0,0,2112,0,_
2065,0,狂野,0,4762,31,0,0,27371,0,_
2066,0,用户8024900645111,0,1489,3,0,0,3973,0,_
2067,0,用户389902006975,0,819,1,0,0,2475,0,_
2068,0,千殇,1,1538,24,0,2,3162,0,_
2069,0,不准淘气哦❤️,2,692,8,1,1,292,1,妹：我有妹妹我牛逼_
2070,0,人的一生mm,34,1769,89,4,5,20410,1,浪子_
2071,0,用户5521825819882,0,56,0,0,0,254,0,_
2072,0,李锦荣,40,223,9,9,9,206,1,爱小雨的狗子_
2073,0,乔,0,46,19,0,0,88,0,_
2074,0,BlueBlood,0,101,5,0,0,2327,0,_
2075,0,刘佳豪,1,3438,0,11,11,1263,0,_
2076,0,空城心,0,111,1,0,0,34,0,_
2077,0,我的操作很下饭😝,0,404,5,0,0,728,0,_
2078,0,用户5411499326297,0,356,0,0,0,457,0,_
2079,0,666,0,243,0,0,0,0,0,_
2080,0,橙子麻麻,204,737,51,0,0,0,0,_
2081,0,花草,1,191,1,2,2,2787,0,_
2082,0,恐惧魔王,258,576,128,28,28,6421,0,_
2083,0,哈好好睡,15,4555,27,1,1,9279,0,_
2084,0,忆梦.,0,260,0,0,0,480,0,_
2085,0,祁醉,0,620,16,0,0,0,0,_
2086,0,猛男,0,161,7,0,0,1230,0,_
2087,0,Are     you      ok？,0,270,61,0,0,5222,0,_
2088,0,哥,0,190,3,2,2,119,0,_
2089,0,辉,51,2401,60,4,4,1359,0,_
2090,0,用户2923596411192,0,39,0,0,0,660,0,_
2091,0,Return、京九,0,88,3,0,1,22,0,_
2092,0,庸人自扰,0,486,4,0,0,3530,0,_
2093,0,李丞淇,2,1578,4,1,1,10503,0,_
2094,0,(●😈●),0,370,6,0,0,0,0,_
2095,0,敷衍,0,85,2,0,0,88,1,QQ:1258693074微信:18370594739_
2096,0,旧丶夕落,0,61,0,0,0,90,0,_
2097,0,驨癴襸攫蠿纜響灩饔灪鱺籲鬛齉鱭纞纞龘鬱,0,470,4,0,0,4773,0,_
2098,0,用户4323803530277,0,9,0,0,0,18,0,_
2099,0,兰陵王牛逼,26,1024,15,5,7,7585,0,_
2100,0,暮坤,1,635,13,0,1,6771,1,Q.1651022795_
2101,0,海娟,58,1908,60,0,0,0,0,_
2102,0,So~进酒,8,5000,11,3,3,11789,0,_
2103,0,H,0,634,1,0,0,165,0,_
2104,0,ejdjdkd,2,431,13,0,0,1331,0,_
2105,0,用户821352,6,1828,14,2,2,3446,0,_
2106,0,烬,0,41,9,0,0,251,0,_
2107,0,총 애 를 받다.えっと、,149,1281,212,11,11,3310,0,_
2108,0,"Happy,boy.",0,32,9,0,0,235,0,_
2109,0,可怜,9,3167,18,3,3,3409,0,_
2110,0,Flx丶冷邪╮木子,12,924,48,4,5,6118,1,谢谢大家支持！qq3220550041。_
2111,0,MC永远不败,0,507,17,0,0,545,0,_
2112,0,残sL隐,0,1655,6,1,1,280,0,_
2113,0,你*,0,2248,35,0,0,19219,0,_
2114,0,和平精英辰谶,0,365,4,0,0,9845,0,_
2115,0,噬魂,0,876,16,0,0,319,1,看我关注_
2116,0,小助教,0,218,7,0,0,504,0,_
2117,0,专业团队,0,109,5,0,1,177,0,_
2118,0,与爱同生,0,39,1,0,0,108,0,_
2119,0,航,0,730,25,0,1,3375,0,_
2120,0,苏墨,13,700,30,6,6,357,1,粉丝到1000，《新华字典》两遍😭😭_
2121,0,的地方,0,316,1,0,0,37,0,_
2122,0,小伙,10,2846,43,2,3,8257,0,_
2123,0,小陈小陈倾国倾城,0,1627,41,0,0,0,0,_
2124,0,孤@狼,0,127,15,0,0,210,0,_
2125,0,木马,2,730,72,0,1,3819,0,_
2126,0,杠精,0,304,4,0,0,608,0,_
2127,0,2333,6,803,14,2,2,8775,0,_
2128,0,晨博,0,519,9,0,0,6088,0,_
2129,0,暮容,0,494,4,0,1,8467,0,_
2130,0,一只小佳佳,0,2053,9,0,0,3344,0,_
2131,0,帅气小刘刘,0,49,1,0,0,11,0,_
2132,0,crazy,0,355,2,0,0,381,0,_
2133,0,用户302651542832,0,195,17,0,0,87,0,_
2134,0,用户3283872292242,0,96,0,0,0,40,0,_
2135,0,팡썬웨 나의 형님,0,144,4,0,0,651,0,_
2136,0,丶柒炫灬,501,1992,2007,11,12,7841,0,_
2137,0,土豪,0,1278,0,0,0,13842,0,_
2138,0,Amoureux,0,1351,4,0,0,5150,0,_
2139,0,杠精大队队长,40,2407,26,21,21,4336,0,_
2140,0,珍惜,4,86,11,3,3,370,0,_
2141,0,⋯,4,1213,16,0,0,0,0,_
2142,0,马杜娟,0,536,3,0,0,1476,0,_
2143,0,88o6,36,970,26,9,12,16340,0,_
2144,0,洛华,25808,220,1042,17,18,0,1,洛华，字千九，可以叫我小九~有个小窝☞748882035家有闺蜜，名叫梦梦，超级可爱🌝_
2145,0,陆柒,0,5,6,3,3,210,1,代上王者（得有韩信，李白，宫本铭文和皮肤）有意者私聊本人还是学生只有周末有时间上分，有空的话可以陪玩因为疫情家里外贸生意不好做，补贴点家用，做零花钱_
2146,0,用户6334186954016,0,857,5,0,0,1204,0,_
2147,0,冷漠,0,1476,50,0,0,5072,0,_
2148,0,你好呀！,9,762,1,17,17,2365,0,_
2149,0,仑苍(使命召唤),9,728,3,5,5,3324,0,_
2150,0,用户9600227668763,0,1630,10,0,0,0,0,_
2151,0,卍,0,110,3,0,0,0,0,_
2152,0,隐,0,64,1,0,0,696,0,_
2153,0,See You Again,3,179,1,0,2,301,1,直男_
2154,0,勤奋的蜗牛,0,171,2,0,0,685,0,_
2155,0,爱吃橘堂,14009,885,477,20,20,6444,1,不太合格的德云女孩👧外号:毛毛 台上的孟鹤堂台下的孟祥辉我都爱❤爱堂良，爱德云，爱相声，爱传统只要是德云女孩就是姐妹_
2156,0,[看],7,1174,39,0,6,841,0,_
2157,0,dy3vuq7cgdou,15,1127,7,8,8,12502,0,_
2158,0,kpl,14,515,12,0,0,0,0,_
2159,0,用户4439467184936,0,610,3,0,0,5691,0,_
2160,0,烈焰,0,381,1,0,0,1269,0,_
2161,0,【梦＆想】,0,89,0,0,0,16,0,_
2162,0,小丑,2,215,38,1,1,657,0,_
2163,0,hgh,0,1343,31,0,1,9958,0,_
2164,0,已重置,15,137,19,1,1,233,0,_
2165,0,风轻云淡,18,317,6,0,0,0,0,_
2166,0,用户284170,0,872,1,0,0,3866,0,_
2167,0,无心人,0,233,0,0,0,1961,0,_
2168,0,☆LOVE☆,6,141,4,8,8,994,0,_
2169,0,落雨干言,0,259,2,0,0,4469,0,_
2170,0,掺鏎,27,196,16,7,7,314,1,哦哦哦哦哦哦哦泡_
2171,0,溟槿,0,340,41,0,0,4802,0,_
2172,0,莫言永不言败,0,280,1,0,0,503,1,希望明天的太阳越升越高_
2173,0,神奇的木桶,0,40,5,0,0,6148,0,_
2174,0,蒸🈳,103,231,32,9,9,1616,1,不要一次性赞完我所有作品 听说会被限流_
2175,0,无颜,28,4660,17,12,12,21309,0,_
2176,0,王槐,151,365,95,18,18,307,0,_
2177,0,Hope_宝马,0,726,10,0,0,3467,0,_
2178,0,灰酱,0,609,5,0,0,1968,0,_
2179,0,皮智,0,371,1,0,0,1295,0,_
2180,0,妖兽轩,0,4441,34,0,0,23764,0,_
2181,0,呵呵哒,4,1949,20,1,1,28241,0,_
2182,0,昊,0,70,44,0,0,1779,0,_
2183,0,123。(●—●),0,1711,9,0,0,7390,0,_
2184,0,এ᭄念,943,460,79,8,8,12818,1,是时候放下你了......_
2185,0,polk,19,3876,35,3,3,14339,0,_
2186,0,一只小啊精,223,485,34,33,38,8120,0,_
2187,0,giao,14,942,41,2,2,4150,0,_
2188,0,赴梦,1,959,11,1,1,14776,0,_
2189,0,钉钉极速版,0,221,1,0,1,1085,1,我是你的钉钉小助手_
2190,0,堕落使者,0,303,16,0,0,5333,0,_
2191,0,熬夜吧就,0,662,10,0,0,1173,0,_
2192,0,恸.,0,9,5,0,0,686,1,如果有幸能娶小姐为妻，愿用余生护你周全_
2193,0,QQ糖～,0,184,0,0,0,62,0,_
2194,0,肉与苏东坡,1,519,4,3,3,17222,0,_
2195,0,lufff,0,2666,10,0,0,0,0,_
2196,0,???,7,207,36,0,2,4689,0,_
2197,0,用户337391780,0,117,1,0,1,49,0,_
2198,0,唯你入我心,1,481,2,0,1,17951,0,_
2199,0,叔叔你不要再撞阿姨了,1,1764,8,0,3,16285,0,_
2200,0,候人,0,397,0,0,0,4354,0,_
2201,0,断梦,10,745,12,3,3,2444,0,_
2202,0,浮城,0,548,2,0,0,6415,0,_
2203,0,MT,3,476,11,3,5,6258,0,_
2204,0,心如止水,0,244,2,0,0,0,0,_
2205,0,用户688045,3,498,3,1,1,971,0,_
2206,0,꧁猾狸★狐紹꧂,0,462,3,0,0,0,0,_
2207,0,☆,1,1025,14,0,1,10651,0,_
2208,0,念等25.8w人,0,1215,25,0,1,6789,1,希望我可以保护一辈子的人是你._
2209,0,老S,0,569,14,0,0,0,0,_
2210,0,难 赴℡,0,274,2,0,0,331,0,_
2211,0,晓星尘,13,204,5,6,6,2292,0,_
2212,0,孙同学,0,4119,26,0,0,18108,0,_
2213,0,是小叶啊,61,178,19,41,41,2976,1,无聊做视频_
2214,0,òᆺó,0,808,2,0,0,0,0,_
2215,0,鬼才,0,39,26,0,0,3,0,_
2216,0,徐达,38,503,3,7,7,29050,0,_
2217,0,亚瑟和妈不能兼得,1,234,1,0,0,11371,1,一个小女孩。_
2218,0,我只爱马某,19,3288,11,4,4,16766,0,_
2219,0,苦瓜（剪辑）,105,1643,65,13,14,11687,1,啊巴啊巴_
