0,0,清风,0,291,2,0,0,989,0,_
1,0,远方的背影是我永远的回忆,65,469,5,0,0,0,0,_
2,0,铃儿🔔🔔🔔,186,1690,46,36,36,3206,0,_
3,0,志强枪战,0,149,0,0,0,571,0,_
4,0,用户142427136330,0,115,1,0,0,196,0,_
5,0,小牛妈咪,8,130,31,5,5,349,0,_
6,0,晨慕陈,0,36,7,0,0,617,0,_
7,0,我,86,2018,20,25,45,3444,1,哈哈🤣🤣莪就是莪，不一樣的煙火！_
8,0,kdxcyouicfu粉兔🐹,61,822,46,13,13,2260,1,世上兔子千千万，就属粉兔最好看，Hello，艾瑞巴蒂我是粉兔赞过一万，有粉丝福利🦄💕_
9,0,水晶~沫雪✨,15,2469,8,5,5,5069,0,_
10,0,用户6140808590771,1,430,0,1,1,834,0,_
11,0,陶雨萱,0,234,3,0,0,3260,0,_
12,0,用户9926392258687,2,625,3,4,4,2236,0,_
13,0,Janana.哑安,0,48,0,0,0,996,0,_
14,0,黑人小班柠萌,0,134,0,0,0,74,0,_
15,0,小糖果,15,823,4,10,10,565,0,_
16,0,玲珑酱,40,227,13,3,3,373,0,_
17,0,卡哇伊伊。,0,60,0,0,0,3,0,_
18,0,用户6894055379244,22,3809,122,9,9,7486,0,_
19,0,小紫。,3,133,5,6,8,242,0,_
20,0,用户9133685150442,0,77,0,0,0,654,0,_
21,0,娟,30,875,6,9,9,3070,0,_
22,0,用户7794596886465,0,221,0,0,0,46,0,_
23,0,燕语莺声,286,4673,75,41,43,7895,1,段练身体_
24,0,通,0,237,0,0,0,12,0,_
25,0,郭聪明♚玉树临风，才高八斗。,0,656,25,0,0,2216,0,_
26,0,用户4229256240847,0,83,4,0,1,529,0,_
27,0,啊祥,0,389,25,0,0,256,0,_
28,0,爱野少女,17,313,1,0,0,0,0,_
29,0,吃小孩的怪兽🦖,0,46,3,0,0,28411,1,……_
30,0,Z,846,1468,304,87,87,3023,1,夜无情，常灭人。_
31,0,涵涵小可爱,0,1165,3,0,0,1024,0,_
32,0,小米,0,712,3,0,0,253,0,_
33,0,用户7578418366844,0,126,0,0,0,775,0,_
34,0,火神,57,1286,87,7,7,2400,0,_
35,0,汐宝,46,1376,21,7,8,4463,1,若有人折断你翅膀                   我便亲自毁他天堂                                你是上天给我的礼物                                               是迟迟来的救赎                                                                      一付芸汐~闺蜜  罗诗蕊_
36,0,方块人,0,459,2,0,0,140,0,_
37,0,小可爱啊！,25,1273,11,10,10,165,1,我现在会一直拍电视的😊_
38,0,冰樱梦花,0,171,14,0,0,428,0,_
39,0,初颖,0,36,2,0,0,155,0,_
40,0,悦悦,0,198,2,0,0,2038,0,_
41,0,张'会珍,0,236,4,0,0,832,0,_
42,0,用户3769908599954,0,1028,3,0,0,4416,0,_
43,0,迷你世界⭐️妮妮,3024,4675,3833,55,55,1562,1,你们好_
44,0,靳如歌,1,70,16,3,3,1003,0,_
45,0,爱你盈宝/半糖拿铁。,146,664,17,23,26,613,1,喜欢动物。_
46,0,我爱的吃鸡战场。,17,194,1,13,13,446,0,_
47,0,用户9196477989220,0,45,1,0,0,145,0,_
48,0,小舞,46,1920,9,67,67,6577,0,_
49,0,用户9031987336388,0,923,1,0,0,672,0,_
50,0,用户2415268308110,0,234,0,0,0,824,0,_
51,0,布丁🍮,154,1110,32,0,0,0,0,_
52,0,尘埃落定,656,1374,101,91,94,12159,0,_
53,0,小姐姐，爱你,667,858,93,327,327,3093,0,_
54,0,凯Li yang,0,4609,11,0,0,13603,0,_
55,0,三尺青丝晴不染,23,57,10,8,8,72,1,我试过销声匿迹，可最后也无人问津..._
56,0,Erctaecn✨,0,98,0,0,0,30,0,_
57,0,顾幽幽,223,528,15,70,70,2220,0,_
58,0,重装上阵玩家,0,509,2,0,0,687,0,_
59,0,小西（小小溪）,7192,388,1675,414,416,761,1,要不要一起嗨呀。_
60,0,我的世界，我就是规矩,12,300,7,21,21,531,1,我喜欢小狗_
61,0,现实里的童话,7,1598,88,3,3,1430,0,_
62,0,梦想在飞,0,225,4,0,0,1144,0,_
63,0,云姐你好,0,385,1,4,4,243,0,_
64,0,明人不说暗话,13,173,4,9,9,89,0,_
65,0,飞哥,0,250,23,0,0,184,1,有油漆的事可以介绍一下我的电话13636005281_
66,0,小哪咤,0,211,2,0,0,790,1,抖音里最帅的男人_
67,0,阿呆,3,146,3,24,24,25,0,_
68,0,颜小淘,14,301,6,6,6,64,0,_
69,0,天才如我6,2,3569,28,3,3,895,0,_
70,0,灼灼桃花仙,0,280,0,0,0,443,0,_
71,0,仙玖很宠粉鸭💗,27,1083,34,7,7,2291,1,粉丝破一千露脸，我还差个闺蜜._
72,0,冯世乾,156,323,35,18,18,580,1,农民工_
73,0,用户3777125003665,0,1076,5,0,0,5822,0,_
74,0,红尘铁粉,0,97,1,1,1,129,0,_
75,0,用户1520087495156,1,553,1,2,2,2354,0,_
76,0,大吸盘,118,316,9,82,82,129,0,_
77,0,吕布,0,546,1,0,0,558,0,_
78,0,医生说神经病,0,107,0,0,0,230,0,_
79,0,白菁,21,1792,16,9,9,5710,0,_
80,0,用户6530392680414,0,30,0,0,0,64,0,_
81,0,Heath•Ledger,0,243,7,0,0,227,0,_
82,0,廖埽姐妹,18,208,1,5,5,544,0,_
83,0,用户363049775346,0,10,0,0,0,18,0,_
84,0,糖🍬格格,377,38,59,74,83,1440,1,恰到好处的善良不与傻瓜论短长_
85,0,七忆鱼,0,35,0,0,0,11,0,_
86,0,用户6908131355127,0,213,0,0,0,23,0,_
87,0,🌺受伤的绵羊,97,336,17,58,58,1859,1,默契_
88,0,喜欢桃子,78,267,46,18,18,212,1,李亲古_
89,0,奶茶家的诗诗,3,676,13,1,1,896,0,_
90,0,默曦,0,166,1,0,0,1137,0,_
91,0,yi心随风去の,26,1354,28,11,12,2350,0,_
92,0,义母,104,206,12,52,52,704,0,_
93,0,星梦雨辰,0,326,1,0,0,341,0,_
94,0,用户4072147108789,0,589,0,0,0,70,0,_
95,0,墨,0,77,2,0,0,209,0,_
96,0,淚,14,1280,21,3,3,1005,1,风雨过后～便是晴天☀️_
97,0,星辰大海,2,44,1,2,2,42,0,_
98,0,萌心女王,5,884,2,10,10,1874,0,_
99,0,是佳琪晨曦啊,176,185,7,23,23,420,0,_
100,0,玉兰,23,116,18,2,2,1171,0,_
101,0,可爱的棉花糖,0,214,3,0,2,36,0,_
102,0,用户9687833176940,0,25,0,0,0,4,0,_
103,0,明,0,5000,43,0,0,0,0,_
104,0,欣婷,0,1503,3,0,0,2035,0,_
105,0,淦,0,677,5,0,0,15,0,_
106,0,懿，睿,0,35,2,0,0,40,0,_
107,0,用户7567911069666,0,171,0,0,0,42,0,_
108,0,用户7659336106496,0,41,0,0,0,856,0,_
109,0,和平精英小崔,104,714,37,34,38,4672,1,我真的很努力了。_
110,0,维果,1,1314,5,1,1,1994,0,_
111,0,奶茶✨✨✨✨,2,760,11,1,1,1636,0,_
112,0,无形的音乐。,22,528,7,50,50,326,0,_
113,0,@雅雅,169,655,31,54,55,1046,0,_
114,0,陌圣,0,1060,5,0,0,1010,0,_
115,0,囧莔菌,0,240,0,0,0,2385,0,_
116,0,冰封雪幽,61,237,2,29,29,356,0,_
117,0,木 木🌺同学,513,83,2268,113,114,949,1,想从宽变细的宝宝们加我❤2300147167_
118,0,慕容の寂月,0,237,1,0,0,752,0,_
119,0,用户8504790712504,0,79,1,0,0,23,0,_
120,0,于然儿,6,635,2,7,7,171,0,_
121,0,Eathy๛ก(ｰ̀ωｰ́ก) 青柠吖,303,1091,84,59,59,10756,0,_
122,0,用户1122578018057,0,180,1,0,0,1163,0,_
123,0,超哥也寂寞,0,44,1,0,0,118,0,_
124,0,☆小嘉吖☆,22,124,6,24,24,43,1,O(∩_∩)O_
125,0,邱建实,8,577,3,19,19,30,0,_
126,0,🍬奶糖🍬,24,783,16,17,17,441,0,_
127,0,裴冬梅,0,318,3,0,0,184,0,_
128,0,三水最好,551,614,66,65,66,3630,1,一个角落的幽灵_
129,0,MC蓝一,25,3455,25,11,11,799,0,_
130,0,我是陈凯,4,430,0,1,1,994,0,_
131,0,小公主。（已黑化）,117,893,17,96,97,1557,0,_
132,0,n8vqr88q,0,44,5,0,0,143,0,_
133,0,刘小妖,4,1996,33,1,1,8308,0,_
134,0,用户6550736870174,0,1608,2,0,0,3534,0,_
135,0,贺朝,0,430,3,0,0,272,0,_
136,0,仰望星空看未来,6,664,7,0,0,0,0,_
137,0,用户7698557452303,0,814,2,0,0,793,0,_
138,0,用户8072780560038,0,760,4,0,0,1849,0,_
139,0,用户2021901220443,0,270,0,0,0,609,0,_
140,0,用户1862154817482,0,321,4,0,0,558,0,_
141,0,你的小太阳,0,989,2,0,0,80,0,_
142,0,王柯,57,1406,16,24,24,3190,0,_
143,0,祺源,7120,4675,624,194,250,0,1,团偏源，家族偏七折，黑粉勿私信，为四等七立场11，澄海不会暗，我波不会散_
144,0,用户678264978,0,41,0,0,0,45,0,_
145,0,为未来努力,50,1243,157,8,12,2700,0,_
146,0,💔冉涵💔[七家],32,131,7,7,7,139,0,_
147,0,迷你世界🐾希琳!🐾    (汤家),60,535,45,15,33,1072,1,我是一道光，指引你希望的道路!迷你不倒，陪你到老!🌟🌟🌟迷你快点回来吧！_
148,0,迷你～梦曦,10,44,7,3,3,634,0,_
149,0,❤️迷你世界❤️,108,293,8,28,28,237,0,_
150,0,只想做你的小喵～,0,213,2,0,0,562,0,_
151,0,用户500711622469,0,175,0,0,0,176,0,_
152,0,用户8907931899148,0,533,0,0,0,247,0,_
153,0,是米糖呀🌸,85,4102,99,26,26,9840,0,_
154,0,芯怡😎,461,85,72,106,106,624,1,开心宝贝_
155,0,小爱。,213,184,18,58,58,188,1,夏可欣，是最可爱的😜_
156,0,盛夏的剩下,12,835,9,2,2,7508,1,学生党💙💍_
157,0,秋雪,4,124,2,2,2,156,1,简简单单_
158,0,乌有,8,451,31,1,3,2872,0,_
159,0,毓钰,86,108,14,0,0,0,0,_
160,0,浅笑★,0,58,2,0,0,0,0,_
161,0,用户3936248630436,0,68,1,1,1,16,0,_
162,0,轩1,0,53,0,0,0,6,0,_
163,0,依星伴辰,0,186,0,0,0,325,0,_
164,0,KUN&IKUN,0,113,1,0,0,417,0,_
165,0,平凡人生,29,30,34,1,3,905,0,_
166,0,桃花,427,205,56,82,82,1583,0,_
167,0,哈喽，我是年年啊,29,715,10,18,18,1787,0,_
168,0,快乐童年,172,1328,40,33,33,2809,0,_
169,0,春雨,81,2922,35,10,12,5637,1,潮流_
170,0,高小龙,126,136,82,7,7,0,0,_
171,0,可爱小熙熙,28,163,2,27,27,252,0,_
172,0,用户6754943907956,0,1231,5,0,0,4052,0,_
173,0,栀子花,25,2350,32,6,7,15927,1,努力过好每一天。_
174,0,不够,1,526,7,4,4,2847,0,_
175,0,小黄人,2,447,25,5,5,2480,0,_
176,0,兰迷梁桂虎,0,22,14,0,0,66,0,_
177,0,浩瀚星空。,1,185,3,1,1,487,0,_
178,0,用户4774789214559,1,15,1,2,2,63,0,_
179,0,一盒,0,1440,24,0,0,2035,0,_
180,0,冬天的雪,0,627,0,1,1,1725,0,_
181,0,小女孩,0,371,1,0,0,428,0,_
182,0,快来地狱,62,762,64,10,10,1903,1,有点小洁癖_
183,0,用户570857309951,4,109,0,1,1,44,0,_
184,0,用户64567447,0,395,0,0,0,816,0,_
185,0,p,31,276,2,19,19,4266,0,_
186,0,等待,0,237,19,0,0,1965,0,_
187,0,ⅰ,14,2266,19,13,13,3428,0,_
188,0,用户7478108786987,0,892,3,1,1,1621,0,_
189,0,沙雕的（小空）,637,842,217,0,0,0,0,_
190,0,柒和伍六七,52,320,22,52,52,1454,0,_
191,0,用户3298615072042,165,2490,38,138,138,3613,1,一_
192,0,用户8695463242166,0,147,1,0,0,57,0,_
193,0,minetraft.青草君,3,224,8,7,7,559,1,我是一个mc爱好者_
194,0,用户3016782759523,1,163,2,7,7,630,0,_
195,0,沫天霜,18,83,19,0,0,0,0,_
196,0,喵喵叫,6,59,4,6,6,24,1,甜甜蜜蜜_
197,0,1599965w,6,2189,44,4,6,873,0,_
198,0,我的弟弟,38,235,107,10,13,543,0,_
199,0,用户251789714371,0,4,0,0,0,4,0,_
200,0,用户8787475200225,0,1419,2,0,0,460,0,_
201,0,苏乐♡,0,68,3,0,0,532,1,陈立农，李希侃，赖冠霖_
202,0,Doris,51,827,41,40,40,687,0,_
203,0,柚子泡芙,0,106,5,0,0,701,1,活捉一只小懒虫_
204,0,123456789,1,1849,6,1,1,3645,0,_
205,0,用户969230,18,1784,10,31,31,5754,0,_
206,0,手心里的温柔,14,721,11,10,10,1149,0,_
207,0,迷你世界🌟饭团🍙,963031,285,164016,65,65,654,1,🌟一天三更🌟还有这个是我妈的号🌟我妈不要了哈🌟迷你号:333863744🌟别问我为啥不把删了🌟因为赞多🌝🌟我的抖音名字叫迷你世界曼曼🌟我是中立MC玩的不好我就不拍了_
208,0,用户857641505148,0,609,1,0,0,686,0,_
209,0,老皮加油,205,933,26,13,13,6713,0,_
210,0,cn  胾魂,2,435,1,2,2,2208,0,_
211,0,明天会更好,1,417,7,4,4,549,0,_
212,0,星河,9,614,11,1,1,1033,0,_
213,0,wsnbb,0,512,0,0,0,513,0,_
214,0,用户5421589052034,0,361,0,0,0,138,0,_
215,0,康星,0,503,4,0,0,2320,0,_
216,0,小可爱(๑•.•๑),0,417,0,12,12,14,0,_
217,0,心心相印,0,689,6,0,0,7268,0,_
218,0,网名//奶仙,0,199,1,0,0,404,1,。_
219,0,新生代奥特曼,3010,3387,4397,13,13,9534,0,_
220,0,彬彬最帅,61,34,10,12,12,54,0,_
221,0,刘皮皮,195,1337,54,0,0,0,0,_
222,0,伤感王子💔,39761,424,45433,69,69,3013,1,喜欢唱歌瞎跳，非专业。希望大家喜欢！本地特产自家酿制西瓜酱，需要+     17615600251_
223,0,阿凡,0,95,0,0,0,197,0,_
224,0,张语童,0,37,3,1,1,158,0,_
225,0,用户7817744082161,2,1613,10,6,6,727,0,_
226,0,YUBKHMHD,9,445,25,4,4,397,0,_
227,0,河边姑娘,446,307,67,81,86,6214,0,_
228,0,清风🎐,0,387,0,0,0,579,0,_
229,0,用户7482704982339,3,93,0,3,3,410,0,_
230,0,小染月吖,113,714,26,0,0,0,0,_
231,0,红糖,0,161,1,0,0,317,0,_
232,0,用户395223110046,0,3,0,0,0,4,0,_
233,0,杠精,0,62,0,0,0,10,0,_
234,0,用户4507451425963,0,692,0,0,0,973,0,_
235,0,✌,22,1636,11,12,12,2851,1,我喜欢的主播是五歌，我喜欢的偶像是钢铁侠。所以我是漫威迷_
236,0,甜心果,52,553,9,16,16,1494,0,_
237,0,爱上宝车,0,143,4,0,0,999,0,_
238,0,没有周末,1,718,8,0,1,2662,0,_
239,0,Pang,0,97,3,0,0,397,0,_
240,0,沁,1,87,2,12,12,110,0,_
241,0,杨宇飞,3,3045,22,1,1,7811,0,_
242,0,7KuCi,0,1621,30,0,0,37051,1,＋Q：3298300549_
243,0,战斗特使,0,42,0,0,0,13,0,_
244,0,幸运方便面,16,4426,14,0,0,0,0,_
245,0,王金鑫游戏解说,8,1836,2,9,11,906,0,_
246,0,仙王,1,886,1,1,1,4449,0,_
247,0,青涩の记忆,8,261,5,2,2,3636,0,_
248,0,童柒柒,0,629,1,0,0,8257,1,HI，你好吗👋我是一只狗，爱吃狗粮特点只有一个：玩迷你世界_
249,0,抖音随便拍,49,3531,99,0,0,0,0,_
250,0,用户4177569332472,0,110,0,0,0,250,0,_
251,0,叮当,0,1854,5,0,0,147,0,_
252,0,用户2571194529232,0,1166,2,0,0,1530,0,_
253,0,甜甜baby,461,943,38,134,135,19865,1,笑口常开，好运自来_
254,0,西瓜🍉姐谈视力,67,3381,114,25,26,6291,1,广源亚美科技有限公司视力顾问。拥有200平视力养护专营店。拥有非常丰富的视力恢复经验。_
255,0,姐姐,0,274,5,0,0,1116,0,_
256,0,钱雪英,0,130,0,0,0,240,0,_
257,0,用户4177916401977,0,189,1,0,0,105,0,_
258,0,用户1191861030121,15,2427,12,7,7,4679,0,_
259,0,冰灵雪朵,0,48,0,0,0,8,0,_
260,0,狂暴*妹子| ू•ૅ㉨•́),83,175,131,4,4,1354,0,_
261,0,憨憨✨初晴,0,40,15,0,0,0,0,_
262,0,甜蜜爱心,624,505,173,227,230,1835,1,我是新手，你们不要欺负我哟_
263,0,用户2313089282102,0,577,0,0,0,34,0,_
264,0,风剑云霄,0,260,0,0,0,1389,0,_
265,0,不柠檬220,0,29,0,0,0,6,0,_
266,0,用户1999293420985,0,780,0,0,0,2546,0,_
267,0,用户821920816404,0,547,1,0,0,547,0,_
268,0,用户4526835942763,3,1118,14,1,1,2526,0,_
269,0,苏仟忆,0,1153,12,0,1,967,1,²_
270,0,用户8391603707872,0,1536,6,0,0,1788,0,_
271,0,李大爷,2,1271,5,1,1,2881,0,_
272,0,坚果战战,16,256,35,5,5,278,1,我不求关注⊕但求点赞💖你问我为什么因为......肖战(赞)💖呀嘻嘻💖💖💖......肖~烟~四~起~为~战~而~来~_
273,0,草小莓,0,113,1,0,0,892,0,_
274,0,大眼睛的小雨,0,246,0,0,0,1,0,_
275,0,亓晓晓,553,1011,125,51,53,832,1,不管你是谁……惹我不开心，就给我滚……_
276,0,用户2621614058361,0,172,3,0,0,644,0,_
277,0,精选品牌童装,24,104,24,8,8,37,0,_
278,0,小贺哥哥,3,405,8,3,4,1075,1,小贺哥哥的舞蹈生活_
279,0,用户389823564,1,171,1,1,1,287,0,_
280,0,莪昰鎏䀮伱ꦿ昰鵵ꦿོ,133,240,42,34,34,0,1,不做好人好人不长寿，不做坏人坏人命太长。对自己好点，往后余生只有你自己！_
281,0,✨辞苏很宠粉✨,28,1033,78,3,6,931,1,💙大家好，这里是辞苏的🐷页💙💙本人很沙雕💙💙找一个师傅💙💙找一个闺蜜💙💙找一个姐姐💙💙本人喜欢蓝色💙💙粉丝少的不能再少了💙💙好了，就这样吧，散会💙_
282,0,沐萝拉,5,546,1,5,5,6033,0,_
283,0,好好学习姐,0,84,0,0,0,0,0,_
284,0,混世小魔女,0,183,0,0,0,739,0,_
285,0,秋千索,0,49,0,0,0,334,0,_
286,0,漫步人生路98644,48,489,18,9,9,748,0,_
287,0,我家,0,34,0,0,0,98,0,_
288,0,冰雪  (黑化),19,438,31,4,4,120,0,_
289,0,寇梓钰妈妈_,0,935,20,0,0,2097,0,_
290,0,我的世界丶慕玖,1,451,2,1,1,949,0,_
291,0,清烈(樱花校园模拟器),2,87,0,1,1,390,1,专门玩樱花校园模拟器❤❤❤希望你们喜欢！💕💕💕_
292,0,抖音~萌萌,0,2899,27,0,0,3275,1,祝大家每天都很快乐呀！_
293,0,辰辰😂,0,602,3,1,1,2684,0,_
294,0,黎小白,0,546,4,0,0,4328,0,_
295,0,看破红尘,0,41,1,0,0,77,1,狮子座，阳光开朗_
296,0,用户474414194871,0,307,0,0,0,824,0,_
297,0,某人没有名字~,0,331,14,0,0,7898,0,_
298,0,快乐人生,241,201,37,91,93,1378,0,_
299,0,用户1955866524155,0,1070,2,0,0,1540,0,_
300,0,沐言,0,331,8,0,0,51,0,_
301,0,。。。。。。。,0,296,0,0,0,953,0,_
302,0,花好月圆531,0,368,1,0,0,797,0,_
303,0,白龙吟,0,176,0,0,0,1460,0,_
304,0,মদজকপীৈচ,0,328,9,0,0,820,0,_
305,0,北野,2,1426,7,1,1,6990,0,_
306,0,蒲小猪,0,1199,2,0,0,2892,0,_
307,0,用户1699095598089,0,1053,1,0,0,5274,0,_
308,0,星寒之月,19,1674,32,7,7,2183,1,每一天都要好好学习天天向上_
309,0,当个恶魔快活,0,217,13,0,0,4411,1,感谢关注_
310,0,玖熊太贪吃☆,6,675,5,6,6,4151,0,_
311,0,圆馨,0,514,2,3,3,1612,1,我是一名小学生_
312,0,kduhrb,0,269,1,0,0,15,0,_
313,0,用户5197273589487,0,159,1,0,1,434,0,_
314,0,李昊,0,287,0,0,0,437,0,_
315,0,开心小马,49,155,8,18,18,266,0,_
316,0,星辰,462,1072,79,124,124,8184,1,谁动我粉丝，我打他(她)❤️💖💜💛❤️💜💛💜💛💜❤️❤️💖💖💖💖这些星星送给我的粉丝们✨✨✨_
317,0,李静。,0,157,10,0,1,312,0,_
318,0,小公主,0,144,1,0,0,40,0,_
319,0,墨尘哥哥解说哦   （逃跑主播）,29,1466,10,7,7,837,1,逃跑主播  名字  抖音搜索墨尘_
320,0,用户9940532595258,5,434,0,5,5,751,0,_
321,0,安晨似玉,0,23,0,0,0,2227,0,_
322,0,昵称已重置,0,565,1,0,0,121,0,_
323,0,雯雯🍡️🍡️🍡️🍡️樱花校园,1,673,3,0,0,0,0,_
324,0,墨染♥,6,302,19,1,1,1432,1,谢谢关注_
325,0,迷你世界梦歌,1176,3978,520,98,98,9631,1,卡哇伊呀（白羊座小死神）琉璃幻梦，魔界血家阁主，尊敬MC_
326,0,用户3544937350546,0,247,1,0,0,1787,0,_
327,0,晶晶,0,92,9,0,0,146,0,_
328,0,用户60085106499,0,29,0,0,0,3,0,_
329,0,用户3510217288837,0,319,1,0,0,855,0,_
330,0,用户9804637897770,0,1337,5,0,0,2832,0,_
331,0,小杰游戏之王,9,262,3,3,6,6610,0,_
332,0,·林慕依_,0,11,0,0,0,35,0,_
333,0,(≖͞_≖̥)九离✨,58,1561,352,4,4,0,1,这🌈❤️❤️❤️❤️❤️❤️❤️❤️❤️❤️里🌈💛💛💛🈳💛🈳💛💛💛💛是🌈💚💚🈳🈳🈳🈳🈳💚💚💚九🌈💙💙💙🈳🈳🈳💙💙💙💙离🌈💜💜💜💜🈳💜💜💜💜💜吖🌈♒️♒️♒️♒️♒️♒️♒️♒️♒️♒️_
334,0,冰然学姐[故][芽管理员][白][碧铃],80,2629,618,6,6,3246,1,❤️你好，很高兴认识你❤❤️本人已有闺蜜：熙茉.玖馨[芽家]和欣榆学姐（勿动）🌈已有哥哥🌸已有姐姐🍓已有学长🌈已有学弟🦄已有学妹🍀已有妹妹_
335,0,云,0,504,10,1,1,233,0,_
336,0,墨烨,0,99,3,2,2,418,0,_
337,0,用户6877525201209,0,1010,0,0,1,87,0,_
338,0,💫✨某孜✨💫,21,494,19,0,0,0,0,_
339,0,此生谁与风华,0,185,19,0,0,340,0,_
340,0,风若曦,1,44,24,3,3,2178,1,本人什么游戏都玩，脾气不太好，喜欢怼人。_
341,0,开心糖果,0,1108,9,0,0,2493,0,_
342,0,久违了,3,818,1,1,1,37,0,_
343,0,引魂人,0,181,1,0,0,1420,0,_
344,0,用户1770564725402,0,2074,11,1,1,970,0,_
345,0,起床困难户873,0,818,0,0,0,1196,0,_
346,0,七染,0,242,2,0,0,1244,1,上个号被封现在重新来过谢谢扣扣3434023707_
347,0,长春,0,4954,18,0,0,0,0,_
348,0,小可爱,0,373,1,0,0,19,0,_
349,0,M干嘛？,0,657,36,0,0,404,0,_
350,0,つ微凉徒眸意浅挚半,2,161,8,0,0,893,0,_
351,0,用户9820694512504,7,139,4,3,3,81,0,_
352,0,可爱的豆豆,0,301,1,0,0,1281,0,_
353,0,。,50,269,14,41,41,4581,0,_
354,0,，。，。,0,264,1,0,0,605,0,_
355,0,九莲樱雪,0,216,0,0,0,889,0,_
356,0,用户2255443789335,0,1220,1,0,0,309,0,_
357,0,可乐可乐呀！,0,270,0,1,1,540,0,_
358,0,L͜͡I͜͡N͜͡👻,0,186,0,0,0,678,0,_
359,0,枫树10585,1,177,9,0,0,3807,1,沅湘流不尽，屈宋怨何深。　　日暮秋烟起，萧萧枫树林。_
360,0,三天玉石,0,478,1,0,0,460,0,_
361,0,小小～仙儿,185,4372,116,24,24,10019,1,加油！加油！加！加！油！_
362,0,用户7488182736168,0,24,0,0,0,76,0,_
363,0,大橙橙橙子,0,925,2,0,0,2212,0,_
364,0,蔡芮忻,0,666,1,0,0,1232,0,_
365,0,馨馨,3,1295,46,1,1,420,0,_
366,0,猫和老鼠✨溪雅,0,90,2,0,0,168,0,_
367,0,安,240,776,122,0,0,0,0,_
368,0,缵歟,0,203,0,0,0,235,0,_
369,0,用户9000647515988,0,233,2,0,0,71,0,_
370,0,暗影战神,0,343,0,0,0,24,0,_
371,0,用户3618845309896,0,1742,8,0,1,2055,0,_
372,0,pvz的豌豆君,43,628,137,4,23,3206,1,兄弟：第五小奶牛吖~（国服坚果）██▀█▀▀▀▀█▀████████████░░░░░░░░▀██████████░░▀░░▀░░░░▀▀█████░██░▄░█▀░▄░░░░░░░▀▀▀░██░░▀▀▀▀░░░░░░░░░░░░██░░░░░░░░░░░░░░░░░░██░░░░░░░░░░░░░░░░░░██▄░░░░░░░░░░░░░░░░████░░██░░████░░██░░████▄███▄█████▄███▄██_
373,0,海里无踪,0,264,0,0,0,239,0,_
374,0,万旋,945,179,111,44,46,299,0,_
375,0,龙龙第一,0,1190,8,0,0,127,0,_
376,0,云朵儿,4,405,3,1,1,378,0,_
377,0,妖骨岚玉,3,145,28,1,1,4954,1,你看不透的人_
378,0,~柠檬茶~,0,319,1,0,0,625,0,_
379,0,小琪琪666,70,42,9,43,43,54,1,女10岁。泉州。江西省、可爱的小仙女_
380,0,想得简单，活得快乐！,105,1031,52,14,16,213,0,_
381,0,燃烧的小宇宙,40,1102,1,23,23,6027,0,_
382,0,惜梦ご,0,443,3,0,0,1323,0,_
383,0,杨果,0,84,0,0,0,589,0,_
384,0,用户39147954791,0,28,0,1,1,27,0,_
385,0,王睿宁,0,2066,11,0,0,4258,0,_
386,0,娜娜米(小宝贝),36,876,66,9,10,934,0,_
387,0,叶霜霞,0,11,0,0,0,0,0,_
388,0,凌凤,0,375,1,0,0,1294,0,_
389,0,用户7537079581659,1,110,0,2,2,292,0,_
390,0,初音（开学暂退）,198,2972,102,91,92,8788,0,_
391,0,苏彦霖,78,762,16,15,15,1184,0,_
392,0,用户4723510544948,0,93,0,0,0,489,0,_
393,0,我行我素,0,72,14,0,0,50,0,_
394,0,想要你的吻,0,342,0,0,0,0,0,_
395,0,NO爱写作业的小学生,0,1218,4,2,2,7877,0,_
396,0,青橘短衫,0,37,13,0,0,4332,1,有一种踏实，当你口中喊我名字_
397,0,小龙女🔱晶晶,201,311,110,26,34,1050,1,减肥达人，专业减肥_
398,0,诗緔ジ☆E哥,22,230,6,5,5,208,0,_
399,0,半夏@,12,1701,19,0,0,0,0,_
400,0,用户4761920982115,0,2457,13,0,0,8122,0,_
401,0,半梦浮光-夏初,199,75,44,17,17,498,0,_
402,0,冉冉💗可心（已开学）,116,70,27,70,70,0,0,_
403,0,锦衣云天。,0,588,1,0,0,442,1,做这个现实。世界的王者！_
404,0,用户3987317128258,0,29,1,0,0,38,0,_
405,0,boos.篆,0,427,21,0,0,1319,0,_
406,0,柯达。,164,386,31,33,33,2793,0,_
407,0,断情,0,233,20,0,0,0,0,_
408,0,陈毕丞,333,3579,1832,8,8,1134,0,_
409,0,风信子,0,240,1,0,0,6749,0,_
410,0,美丽的娜娜,0,410,1,0,0,6,0,_
411,0,蜜桃果汁🍑,671,211,85,184,184,1054,1,榕琪_
412,0,方芳芳,448,209,48,82,86,1697,0,_
413,0,喜欢毛绒玩具的小🐶,0,1536,18,0,0,5652,1,喜欢乐高幻影忍者_
414,0,用户5896069872102,0,559,0,0,0,822,0,_
415,0,wangyi,8,1038,12,4,4,2807,0,_
416,0,。,0,67,0,0,0,30,0,_
417,0,hd,0,385,2,0,0,2054,0,_
418,0,海绵宝宝,0,3528,170,0,0,10519,1,。。。。。。_
419,0,曹嘉乐乐,56,901,8,38,38,240,0,_
420,0,拆迁队长二哈（小号）,37,1231,31,8,8,3786,1,永不会为自己点赞_
421,0,用户7842280811244,0,47,0,0,0,28,0,_
422,0,塞外۩۩阳光,0,157,1,0,0,24,0,_
423,0,小如日常,164,269,17,23,23,2605,1,路过的陌生人，请你支持我一下☺️_
424,0,承欢.,0,161,1,0,0,0,0,_
425,0,小号,0,68,7,0,0,4192,0,_
426,0,清玖吖,0,129,1,0,0,99,0,_
427,0,用户3015643803138,549,280,53,37,37,257,1,无聊的我_
428,0,小小魔女,592,1151,141,175,180,4421,0,_
429,0,低调做人,0,685,3,0,0,1418,0,_
430,0,少年不再年少轻狂,1,349,1,1,1,1582,0,_
431,0,唐代,0,113,2,0,0,163,0,_
432,0,用户7607613200539,0,1146,17,0,0,4547,0,_
433,0,新月,0,5,0,0,0,73,0,_
434,0,樱井奈子,0,160,7,0,0,33,0,_
435,0,刘娅楠,0,17,2,0,0,10,0,_
436,0,牛逼的大侠,0,312,2,0,0,1023,0,_
437,0,用户884822458740,2,412,5,2,2,408,0,_
438,0,用户2379567390511,0,200,2,1,1,141,0,_
439,0,叶子,678,38,97,78,100,1038,1,努力做自己，不管别人怎么看自己，都不关我的事！_
440,0,女王,87,274,28,0,0,0,0,_
441,0,perfect,0,2266,30,0,1,5065,0,_
442,0,用户878242424267,1,67,1,2,2,15,0,_
443,0,用户1763666952613,0,59,3,0,0,7,0,_
444,0,暮光般难寻你,0,752,12,0,0,0,0,_
445,0,小孩几,0,50,2,0,0,32,0,_
446,0,水蜜桃,2,202,4,1,1,153,0,_
447,0,迷你小可爱,10,525,2,0,0,0,0,_
448,0,春夏秋冬7257996271975,0,431,0,0,0,302,0,_
449,0,王一凡💎,1842,1199,236,510,529,12706,0,_
450,0,吴雅琳小仙女,555,767,75,302,302,2596,0,_
451,0,涵涵,1,142,1,1,1,436,0,_
452,0,桃子。,0,356,5,3,3,44,0,_
453,0,钟一鸣008,0,572,25,0,0,1176,0,_
454,0,林.,0,91,2,0,1,178,0,_
455,0,用户5459795925386,18,1094,10,10,10,151,1,迷你号825617217_
456,0,用户5328716152956,0,777,0,0,0,828,0,_
457,0,用户3251585215185,0,402,0,0,0,21,0,_
458,0,晴小鹿,33,622,16,21,21,1479,0,_
459,0,洛希,0,288,3,0,0,432,0,_
460,0,银月🌙,0,348,0,0,0,371,0,_
461,0,橙汁,7,123,3,1,2,776,0,_
462,0,梅花十三,2237,5000,1256,417,418,8009,1,W项_
463,0,曾浚熙,11,544,9,1,1,482,0,_
464,0,魅魔,22,46,2,9,9,108,1,游戏只是生活中的玩具_
465,0,上上,0,437,2,0,0,5236,0,_
466,0,美的像花王多,127,666,32,35,35,351,0,_
467,0,LY_婉儿🌚,59,935,121,9,9,26735,1,本人是luxury团队成员之一🌫11啐der女孩纸🍀可可爱爱木有脑袋😳闺蜜_[梁儿]木有抖音💖春暧花开，奔你而来☁_
468,0,王凤华,0,790,6,0,0,1538,0,_
469,0,星空之星,0,978,10,0,0,46,0,_
470,0,Mr deicide,7,299,1,3,3,47,0,_
471,0,张琼碧.,0,5000,15,0,0,3607,0,_
472,0,用户4458205382142,0,95,0,0,0,737,0,_
473,0,莺子,48,352,18,9,9,248,0,_
474,0,潇,0,337,42,0,0,2381,0,_
475,0,用户8915927231559,208,292,22,58,58,597,0,_
476,0,水晶,1494,3477,460,358,358,244,0,_
477,0,魔道魏无羡,3,27,3,2,2,68,1,忘羡一曲远，曲终人不散_
478,0,甜甜美嗞滋(某天家族成员)(开学暂退),3197,462,306,47,47,10296,1,本人喜欢看《地缚少年花子君》《某天成为公主》《某天成为王的女儿》《皇帝陛下的天价宝贝》等，欢迎关注！最爱卢娅，花宁         模仿请艾特   粉丝名:甜甜圈      要退一段时间了，因为要开学了，希望别掉粉，周末随缘更，谢谢！    不要一次性赞我那么多作品   XL团队       某天家族_
479,0,夜色~晨曦,0,460,2,0,0,0,0,_
480,0,凉辰梦瑾空人心,0,119,0,0,0,931,0,_
481,0,小咕咕鸡,1,119,2,1,1,23,0,_
482,0,@鹿晗,7,99,3,7,7,339,0,_
483,0,支持所有主播,10,674,12,3,4,1601,0,_
484,0,薯条@😍😍😍😍薯条@转笔好酷。,88,4252,41,29,30,13113,1,😇_
485,0,GG夏茉,4,181,7,6,6,1480,0,_
486,0,silverdew,0,356,14,0,0,1765,0,_
487,0,迷你世界爱好者,0,126,10,0,0,1860,0,_
488,0,惜村,0,125,2,0,0,25,0,_
489,0,爱玩迷你世界的甜甜吖~,16,333,4,29,29,435,0,_
490,0,身上,0,80,0,0,0,73,0,_
491,0,可爱的澄澄,5,2957,32,2,2,3083,0,_
492,0,用户5039897874513,0,365,5,0,0,178,0,_
493,0,白日的星星⭐️,5,469,67,1,1,5157,0,_
494,0,用户8872073745135,1,74,1,5,5,43,0,_
495,0,渣女,0,181,0,0,0,663,1,不服来战，不行滚蛋！_
496,0,李和泉,30,564,37,2,2,883,0,_
497,0,猎🐴杀手,5,270,2,3,3,386,1,一一_
498,0,( ⸍ꔷ͈ᗄꔷ͈⸌)o彡,15,119,3,16,16,460,1,给个赞_
499,0,用户1042718447652,0,362,1,0,0,1787,0,_
500,0,🇪 🇲 🇲 🇲,0,618,0,0,0,0,0,_
501,0,天暖,0,266,5,0,0,252,0,_
502,0,DyIan,0,371,11,0,0,555,0,_
503,0,熊树琴,15,93,11,1,1,1068,0,_
504,0,小明,0,214,0,0,0,58,0,_
505,0,夕~阳,12,642,5,9,9,567,0,_
506,0,",-)…",0,174,1,0,0,65,0,_
507,0,犟福牛,80,1401,29,28,28,8499,0,_
508,0,兮红游戏解说,3,114,1,2,2,383,1,我的闺蜜，我来宠，谁欺负我闺蜜？我秒杀他_
509,0,凤,3,175,19,4,4,335,0,_
510,0,我去接你,0,607,2,0,0,4208,0,_
511,0,以ok,0,85,0,0,0,200,0,_
512,0,沫曦是女汉子,0,590,0,0,0,2097,1,喜欢唱歌我人很好相处但别惹我不然你就死定了_
513,0,用户3240519301972,77,248,16,123,123,496,0,_
514,0,海贼王_229141750,0,175,4,2,2,101,0,_
515,0,春野莜墨,0,91,1,0,0,20,0,_
516,0,A📻专注🔊📢兰臣广播（杨）,29,188,16,9,9,177,0,_
517,0,珊怡程,0,20,0,0,0,2,0,_
518,0,小喵,354,69,21,35,35,3250,0,_
519,0,果果,4,654,9,6,7,1515,0,_
520,0,barna ♥,0,832,33,0,0,3664,0,_
521,0,帅帅锅,28,599,12,4,5,8375,0,_
522,0,用户4909413843855,0,250,2,0,0,488,0,_
523,0,星系少女,37,963,64,11,12,5632,1,作业多_
524,0,小白耶,133,534,30,30,30,1855,1,你好呀小可爱♡♥(。´▽`。)♥♡看到我九四缘分认识一下呗我是小白广西壮族自治区贺州市富川的五年级学生党<－biubiu－⊂(`ω´∩)_
525,0,归尘,10,106,4,5,5,602,0,_
526,0,苏1宸,101,1073,26,18,19,2694,0,_
527,0,用户4114336086030,0,85,0,0,0,31,0,_
528,0,用户117346910201,0,320,0,0,0,637,0,_
529,0,用户4332713953408,0,3465,15,0,0,5067,0,_
530,0,小甜心❤,0,77,0,0,0,126,0,_
531,0,蝶舞冰晶,1,41,0,1,1,113,0,_
532,0,用户470197771887,12,62,2,7,7,386,0,_
533,0,燕子0920,17,555,4,5,8,0,0,_
534,0,AG超玩会K&K,9,188,1,3,3,97,0,_
535,0,选择￡忘记,0,2359,21,0,0,7908,0,_
536,0,用户7435331356759,0,29,0,0,0,243,0,_
537,0,嘟嘟,0,40,3,0,0,1,0,_
538,0,爱酷的小苗。,0,1580,18,0,0,5511,0,_
539,0,桃墨羽,17,711,39,4,4,928,1,原名名叫桃墨羽，但因某种原因之前的号丢失，是否是有人盗了我的号呢？_
540,0,刘晓,62,201,15,50,50,914,1,可以吖_
541,0,球球爱捣乱,0,93,0,0,0,32,0,_
542,0,小雪梦,2,212,2,9,9,119,0,_
543,0,用户5817829292499,0,46,3,0,0,19,0,_
544,0,用户7418322518,0,64,0,0,0,508,0,_
545,0,娜娜同学,7,715,2,2,2,1404,0,_
546,0,一亿元,45,1620,20,7,19,3542,0,_
547,0,向日奎,90,465,45,14,14,4409,0,_
548,0,马鑫,0,108,0,0,0,2,0,_
549,0,～喵,0,1269,3,0,0,10327,0,_
550,0,Lee,0,691,7,0,0,0,0,_
551,0,你的老公,31,568,13,15,15,192,0,_
552,0,旧梦,0,100,0,0,0,96,0,_
553,0,一个游戏,0,1080,5,2,2,13944,0,_
554,0,ฅ( ̳• ◡ • ̳)ฅ 无奈～,0,33,0,0,0,7,0,_
555,0,末晓今生,0,2300,11,0,0,10801,0,_
556,0,爱，个人不需要理由,0,523,9,0,0,249,0,_
557,0,柒(暗影刺客之一),0,243,1,0,0,7807,0,_
558,0,鸟鸦本鸦,0,78,3,0,0,6,0,_
559,0,,5,558,6,3,3,531,0,_
560,0,西子2号,0,267,0,0,0,602,0,_
561,0,水过无痕,0,157,8,0,0,853,0,_
562,0,盒子鱼🐟🐠,112,5000,71,44,44,2358,1,视频的每一条评论我都会赞。_
563,0,舞蹈班室,1,87,1,1,1,98,0,_
564,0,用户3260098845505,0,1144,8,0,0,1079,0,_
565,0,用户3815380430248,0,266,0,0,0,839,0,_
566,0,croe,0,522,1,0,0,4460,0,_
567,0,奈何桥上的女孩,0,980,11,0,0,2229,1,如果为了感情要放弃一切，那我选择做一个没有感情的人！_
568,0,姚琼,0,181,3,0,0,49,0,_
569,0,雅雅.jxy,0,502,2,0,0,3161,0,_
570,0,杨,0,133,4,0,0,125,0,_
571,0,熙冉୧⍤⃝🍯,3,144,1,1,1,322,1,我是熙冉୧⍤⃝🍯_
572,0,用户7218986604481,1,195,0,0,0,0,0,_
573,0,123,2,2065,12,1,1,295,0,_
574,0,用户5378080579113,0,615,5,0,1,617,0,_
575,0,小可爱们！❤️❤️,0,1251,12,0,0,882,0,_
576,0,用户353740265284,1,362,3,2,2,364,0,_
577,0,用户4483688195064,0,615,0,0,0,2177,0,_
578,0,白起。,0,2939,15,0,0,7135,0,_
579,0,火影剪辑,57,24,76,0,0,0,0,_
580,0,小梅,0,422,2,0,0,35,0,_
581,0,用户7798952083472,0,187,1,0,0,9,0,_
582,0,世间星辰。,0,192,1,0,0,1098,0,_
583,0,薄荷之夜り微微涼,6,102,3,2,4,1219,1,求小哥哥小姐姐点赞关注谢谢！_
584,0,百花盛开,82,2473,47,21,21,2364,1,一个不怎么火的小学生，但我会努力成为大佬_
585,0,用户2225801423102,0,248,0,0,0,745,0,_
586,0,用户267278,0,4,3,0,0,121,0,_
587,0,鹅🦢鹅,6,2801,7,0,0,3183,0,_
588,0,战战的羡羡女孩,115,345,33,12,12,1521,1,/此生只须一坛天子笑/与你一起开心！喜欢粉丝宝宝们。只要有你就够了。_
589,0,用户1396085027163,0,438,3,0,0,218,1,可爱的小豆子_
590,0,用户2157283732757,0,54,1,0,0,13,0,_
591,0,不娘少女@,0,495,31,0,0,2039,0,_
592,0,带着泪微笑18,0,105,1,0,0,3604,1,哈喽，你们好！！_
593,0,Y,0,1109,0,0,0,884,0,_
594,0,迷你世界浅夏,27,922,7,26,26,84,0,_
595,0,羊咩咩🐏,27,1311,4,13,13,2676,1,👑天蝎座♏🌈🏰粉丝名叫:羊羊🐏❄️🌝决不露脸👧🏻🌊_
596,0,冰雪儿🎀,0,37,0,0,0,49,0,_
597,0,用户2566266314343,0,83,1,0,0,8,0,_
598,0,Hadid,0,300,1,0,0,609,0,_
599,0,Ravra budivey,20,160,30,1,2,5573,1,看心情送上快乐（其实就是忘记保存素材）QQ：2214469726王者：iOS系统Q区：艾糯酱_
600,0,初音未来,5,21,3,2,2,13,0,_
601,0,可可,0,358,5,0,0,36,1,一切从零开始_
602,0,用户9653239738617,0,40,4,0,0,100,0,_
603,0,金锠娜,16,54,33,6,6,856,1,你走你的阳关道，我过我的独木桥。                                                  你没惹我，否则后果不堪设想。_
604,0,忍者必须死(不是官方),75,2067,29,42,42,12364,0,_
605,0,小淘气。,16,85,1,9,9,121,0,_
606,0,吃不胖的猪🐷猪🐷女孩,0,182,0,0,0,277,0,_
607,0,A____小雪ル,31,1164,22,83,86,1179,0,_
608,0,涵涵🧁🧁,0,290,3,0,0,431,0,_
609,0,亲爱的，热爱的,835,678,169,173,173,427,0,_
610,0,兵痕视觉,93,723,66,27,27,2045,1,启程之时不要怕，归航之时不要毁……_
611,0,用户6294947498677,0,27,0,0,0,36,0,_
612,0,吴桃香,0,119,2,0,0,250,0,_
613,0,我可以保护你,4,1570,4,0,0,0,0,_
614,0,夏天的落叶,4,280,3,2,2,2084,0,_
615,0,染七,0,1075,3,0,0,8346,0,_
616,0,温柔小贴心❤,32,123,14,6,6,2264,0,_
617,0,恬生😃,1,539,6,10,10,362,1,谁关注我我就关注谁。谁赞我我就赞谁。😃😃😃_
618,0,用户5026606285824,0,24,0,0,0,109,0,_
619,0,连,0,99,0,0,0,751,0,_
620,0,颜倾,5,346,3,25,26,3308,0,_
621,0,用户5594357607427,47,427,3,53,53,1144,0,_
622,0,小三金粉丝,110,3551,184,25,25,1599,0,_
623,0,常山赵子龙,75,1804,24,34,34,10040,0,_
624,0,灵冰,0,104,1,1,1,21,0,_
625,0,用户1413632422260,3,558,0,5,5,546,0,_
626,0,风本无形,0,937,3,0,0,80,0,_
627,0,二十四桥明月夜(斗罗族),126,1786,69,15,15,6669,1,漫画:斗罗大陆族:斗罗族爱豆:王俊凯，杨颖，张新成，周雨彤，孙哲源，吕小雨，陈哲远魔鬼恋人:中我喜欢小森唯，绫人君_
628,0,837,0,210,0,0,0,1186,0,_
629,0,爱尔,789,688,57,59,59,4797,0,_
630,0,小可爱,0,595,0,0,0,1004,0,_
631,0,用户4820825288374,0,80,0,0,0,147,0,_
632,0,小妖精的尾巴,8,70,1,5,5,85,0,_
633,0,彷徨,0,62,2,0,0,495,0,_
634,0,怪盗基德,5,138,1,3,3,103,0,_
635,0,护刀,17,470,13,7,7,780,0,_
636,0,小啦啦呀！,30,499,10,8,9,2231,1,自己已有闺蜜👭_
637,0,小小爱吃🍦,0,91,21,0,0,1143,1,😊_
638,0,呆逗💗,50,734,11,14,14,3468,0,_
639,0,Anonymous,2,2317,38,1,1,8,1,玩迷你世界有师傅  ʕ·͡ˑ·ཻʔෆ⃛ʕ•̫͡•ོʔ_
640,0,123456789,0,1631,7,0,0,6013,0,_
641,0,用户651089,55,3428,39,32,32,5105,0,_
642,0,唐大姐,11,279,5,5,5,200,0,_
643,0,你若盛开蝴蝶自来,98,1628,28,0,0,0,0,_
644,0,翔宇高尚,406,962,130,25,27,5129,0,_
645,0,豆豆,75,198,10,35,35,346,0,_
646,0,乐然,4,298,7,3,4,405,0,_
647,0,e,8,278,11,6,6,3329,0,_
648,0,莹莹,3,1168,6,3,3,3197,1,我原是童话世界里的精灵继续在这漂浮的美梦我在快乐着为自己纵横_
649,0,用户793229960,0,266,0,0,0,530,0,_
650,0,烈扎星星,0,41,0,1,1,142,0,_
651,0,v黑君,0,1206,3,0,0,1456,0,_
652,0,用户3137985766241,1,32,0,2,2,7,0,_
653,0,她喜欢看小星星,0,324,7,0,0,224,0,_
654,0,用户6462526534283,0,26,0,0,0,2,0,_
655,0,用户241816545,0,1242,6,1,1,2532,0,_
656,0,大美女,2,27,0,7,7,15,0,_
657,0,wsj🌴✨,0,159,21,0,0,0,0,_
658,0,双鱼座,2960,1099,917,381,381,1862,1,如果我粉丝突破120的话，我就向我闺蜜跪下说你是我最好的朋友，拍的。_
659,0,小冰💡💡[胡家],165,920,45,20,21,5401,1,点个关注再走吧_
660,0,暗夜协奏曲,0,641,2,0,0,3590,0,_
661,0,爱你的情人,1,946,2,1,1,188,0,_
662,0,爱你萌萌哒😘💋,15,209,5,11,11,1444,0,_
663,0,用户3928003935403,0,222,0,0,0,85,0,_
664,0,用户9265971319393,0,435,27,0,0,996,0,_
665,0,玉妹,110,1441,9,46,47,2172,1,越努力越幸运✌✌_
666,0,王者,0,176,0,0,0,0,0,_
667,0,露鹿（冲20粉）,9,973,13,8,8,1723,1,有时候玩迷你❤有时候玩的高无限❤有时候玩樱花校园模拟器❤迷你世界想要加好友的联系我❤ 爱你们哦！😜😜😜❤❤🌹（梦家创始人）想进的私信_
668,0,多拉A梦,25,112,5,13,13,406,0,_
669,0,用户6145306985466,0,18,0,0,0,1,0,_
670,0,寒雪,11,527,7,4,4,3397,0,_
671,0,快乐的一家子,31,761,33,16,16,709,0,_
672,0,蓝,2,231,4,3,3,113,0,_
673,0,李美英,0,1750,14,0,0,2917,0,_
674,0,任性^O^女孩,59,2548,37,24,24,22,0,_
675,0,用户1859753611511,2,1640,8,2,2,3377,0,_
676,0,修罗,0,974,8,0,0,2013,0,_
677,0,小甜心,67,130,9,7,7,2707,0,_
678,0,艾玛．伍兹,0,159,9,0,0,772,0,_
679,0,用户8590175581472,0,166,1,0,0,2,0,_
680,0,萌萌哒哒小兔子（尊师柒音）,42,1285,101,5,7,745,1,迷你不老，我们不散。✨♥️♥️♥️♥️♥️♥️♥️♥️♥️♥️♥️♥️✨✨✨✨✨✨✨✨✨✨✨✨_
681,0,柒小问号小朋友你是否有很多问号¿¿¿¿¿,2,180,0,6,6,68,0,_
682,0,用户6435278952695,0,125,11,0,0,350,0,_
683,0,略略略,0,6,19,0,0,67,0,_
684,0,郭一鸣,136,1481,28,33,33,1075,1,我是一年级四班郭一鸣_
685,0,Happy      Girl,0,201,53,0,0,2335,1,开心是最重要的，不要被悲伤砸破了头。_
686,0,浮生若梦,17,189,28,4,4,1024,0,_
687,0,用户6883393504133,0,362,0,0,0,755,0,_
688,0,小可爱晓颖,13,262,6,10,10,3034,1,这是小号，请不要侮辱我。刷到我前两条视频的，拜托点个赞吧。因为我这个小号没啥好拍的。_
689,0,卢振威,0,257,17,0,0,2112,0,_
690,0,咪酱酱,0,274,2,0,0,508,0,_
691,0,用户5590296363302,0,84,0,0,0,52,0,_
692,0,用户2690391211160,0,68,0,0,0,25,0,_
693,0,憨憨母女,0,69,13,0,0,1398,1,无_
694,0,阡尘,0,34,5,0,0,604,0,_
695,0,用户3319458870878,0,380,0,0,0,4449,0,_
696,0,用户927381266786,0,437,1,0,0,269,0,_
697,0,用户8094850597037,0,159,7,0,0,41,1,风雨彩虹_
698,0,晓红,0,212,4,0,0,898,0,_
699,0,罗蓉2828,509,313,70,75,75,367,1,仅此一生，必须热情。_
700,0,用户343006446256,0,1495,2,0,0,1942,0,_
701,0,小塔.（叶娜娜）,0,563,2,0,0,159,0,_
702,0,年年学妹,0,121,5,0,0,265,0,_
703,0,江奶酪,0,268,6,0,0,1456,1,主页超干净_
704,0,用户9441549161742,0,432,0,0,0,447,0,_
705,0,咁样点,49,30,8,9,9,251,1,你好_
706,0,用户6304501190400,23,825,53,15,18,982,1,交给时间_
707,0,阳怡欣,0,463,64,0,0,0,0,_
708,0,你好,0,1148,6,0,0,157,0,_
709,0,🍊柳橙🍊,0,140,2,0,0,7521,0,_
710,0,闫飞万里。。。人机王,0,618,33,0,0,431,1,宁愿我欺天下人，不愿天下人欺我。_
711,0,周伟娟,183,97,13,77,77,320,1,回归自然_
712,0,gvgahsbsjzjnsb,0,952,1,0,0,2895,0,_
713,0,用户6162214991245,0,127,3,0,0,99,0,_
714,0,师晨曦,0,224,1,2,2,875,0,_
715,0,用户9999524346531,0,62,0,0,0,11,0,_
716,0,用户1900265819927,0,45,17,0,0,2590,0,_
717,0,用户5885419071471,1,202,5,1,1,632,0,_
718,0,听雨,4,1065,4,2,2,0,0,_
719,0,等待星辰坠落,0,126,19,0,0,7159,0,_
720,0,KittyLi,0,105,10,0,0,25,0,_
721,0,肖家萌宠,0,163,0,0,0,11,0,_
722,0,李公子,0,18,0,0,0,50,0,_
723,0,略,56,248,8,46,46,9251,0,_
724,0,月亮已失眠.,0,164,0,0,0,1399,0,_
725,0,用户2092269375582,1,333,5,1,1,84,0,_
726,0,只能看不能穿的高跟鞋,1601,585,129,170,175,2580,1,喜欢高跟鞋👠，却只能看，不能穿，我178噢_
727,0,大姗姗,168,700,156,25,25,3967,0,_
728,0,白凤羽,10,303,6,3,3,267,1,本人，一名小学生，请多多关照！_
729,0,用户6739909362949,0,241,0,0,0,23,0,_
730,0,白浅,2,896,6,2,2,2675,0,_
731,0,无关,0,244,0,0,0,2766,0,_
732,0,叫我奈布大人,3,500,7,1,1,1411,0,_
733,0,用户38679034,0,326,1,0,0,153,0,_
734,0,用户5738626476050,0,1,0,0,0,217,0,_
735,0,天仙.Mu（找男闺蜜中）,0,369,9,0,0,411,0,_
736,0,邢昕,20,396,44,3,3,376,0,_
737,0,@嗣间,0,764,9,0,0,10027,0,_
738,0,玉梅 赵,0,2131,3,0,0,1524,0,_
739,0,无法,17,411,5,23,23,251,1,每天中午更新，除了周六周天会。早晚有可能会更新。还有谁关注我，我都会反关回去_
740,0,爱,0,120,1,0,0,0,0,_
741,0,鬼切,31,123,4,68,68,336,1,怎么样？_
742,0,🍧天蝎座的~小仙女✨,364,3451,105,151,158,0,1,你好我是迷你的小龙珠🌸~还有我的朋友心新☔_
743,0,花裙子白衬衣,0,124,1,0,0,175,0,_
744,0,蕊月呀！,0,105,0,0,0,70,0,_
745,0,王天怡,0,396,0,0,0,526,0,_
746,0,红玫瑰🌹,509,511,35,0,0,0,0,_
747,0,用户4912360915661春暖花开,902,102,66,83,84,157,1,王仕荣_
748,0,希斯莱杰,2,514,5,3,3,499,1,永远的小丑_
749,0,恋,13,2179,26,5,5,3774,0,_
750,0,①朵🌸,0,677,5,0,0,2907,0,_
751,0,小乐,4,1241,28,1,2,3059,1,开心就好_
752,0,猫中的入苗,0,175,5,0,0,49,0,_
753,0,小萌妹子🌙,20,269,2,16,16,465,0,_
754,0,叫爸爸,0,278,0,0,0,635,0,_
755,0,小太妺,0,1340,14,0,0,401,0,_
756,0,小风伶🌸🌸🌸🌺🌺🌺🎀🎀?,105,843,13,28,29,1621,0,_
757,0,用户5020797649311,0,624,9,0,0,2760,0,_
758,0,林莉莉,13,71,2,7,7,151,1,我第一次玩抖音，有很多不会的。我不喜欢发自己的视频，因为我妈不让我发但可以发其它的视频。我在这里祝大家每天开开心心，快快乐乐，健健康康，平平安安。_
759,0,是瑞轩呀,0,189,0,0,0,165,0,_
760,0,白色小天使,31,831,313,3,3,848,0,_
761,0,beibeiElla,0,53,0,0,0,13,0,_
762,0,通风管,1,147,4,2,2,265,0,_
763,0,熊猫🐻,183,241,19,28,28,242,1,这些人我保护定了:@粉丝、@蜜桃、@迷你世界星月、_
764,0,用户9520505803492,38,2191,21,11,11,3532,0,_
765,0,杠精,0,3122,3,0,0,5069,0,_
766,0,这些,0,2260,56,0,0,2615,0,_
767,0,青柠,0,582,1,0,0,924,0,_
768,0,请叫我的鲸落吖✨,217,1213,123,8,8,3521,1,我是鲸落招徒弟有姐妹70粉唱歌85粉露脸看什么看没有了_
769,0,大活西游之爱你一万年,100,4903,34,38,38,6779,0,_
770,0,万左右,0,523,0,0,0,943,0,_
771,0,一粒沙,71,218,15,19,22,1340,0,_
772,0,果酱6281,0,74,0,0,0,371,0,_
773,0,兴美,0,278,1,0,0,1080,0,_
774,0,改巢换代,164,152,21,40,40,344,0,_
775,0,槿,3,685,26,1,1,6744,0,_
776,0,用户3519057136421,0,1495,3,1,1,530,0,_
777,0,用户3976363350224,0,49,0,0,0,51,0,_
778,0,郑钰晓₍ᐢ •⌄• ᐢ₎,82,102,14,17,17,134,0,_
779,0,倾心☆,5780,632,1821,91,91,4056,1,没个性_
780,0,无奈¬_¬｀,27,341,4,20,21,6973,0,_
781,0,用户6151211701887,0,94,0,0,0,22,0,_
782,0,孀爽魏嫩戡赋樁弊艉蝲橇馘数耕瀾盘瘘,0,109,6,0,0,661,1,翟浩名_
783,0,尚乎目 雪,0,79,3,0,0,614,0,_
784,0,宝妈(酒窝),2,319,4,6,6,101,0,_
785,0,夏夜暖风    浅夏,0,428,3,1,1,65,0,_
786,0,可爱的半拉,0,1454,129,0,0,1553,1,杨前威_
787,0,杨。,115,137,11,21,21,474,0,_
788,0,I love u٩(๛ ˘ ³˘)۶❤,0,744,78,0,0,0,0,_
789,0,用户958608612080,6,2393,11,17,17,9578,0,_
790,0,爱情小丑,0,1634,12,0,0,5220,0,_
791,0,用户2145604063936,0,402,3,0,0,28,0,_
792,0,Kk,0,246,0,0,0,0,0,_
793,0,用户3927899868080,0,1512,4,0,0,1837,0,_
794,0,a花🌸,138,235,42,19,19,1302,0,_
795,0,超越梦想,1972,967,457,48,49,3575,0,_
796,0,和平精英,23,269,4,6,7,135,0,_
797,0,烈焰,0,1153,4,0,0,308,0,_
798,0,娜 吕,0,175,0,0,0,645,0,_
799,0,夏末未央❤,0,187,33,0,0,247,1,每一次阳光都是一次光合作用！:_
800,0,某天成为公主,0,576,49,0,0,1446,0,_
801,0,用户3278622466818,0,455,0,0,0,2326,0,_
802,0,草木,35,2724,15,22,22,2200,0,_
803,0,小不点,0,369,2,1,1,124,0,_
804,0,祝你幸福,737,218,51,176,177,7653,0,_
805,0,小懋,0,140,0,0,0,1166,0,_
806,0,罗大沁,145,117,18,37,37,470,0,_
807,0,萌萌小仙女,12,468,5,6,6,2027,0,_
808,0,坠落繁星,0,246,15,0,0,440,0,_
809,0,用户794373525895,0,319,0,0,0,637,0,_
810,0,小仙女郭雨乐郭雨露郭艺阳,2,887,14,1,1,908,0,_
811,0,用户8766860070831,0,132,6,0,0,116,0,_
812,0,用户3612633161229,0,237,1,0,0,248,0,_
813,0,用户163645603,0,416,2,0,0,338,0,_
814,0,莫言华,0,68,0,0,0,965,0,_
815,0,？？？？？？,33,106,103,3,3,196,0,_
816,0,🇨🇳Leover Taecau,149,823,171,16,28,3593,1,抖抖_
817,0,用户4159117170471,0,328,2,0,0,232,0,_
818,0,看乐子,0,270,0,0,0,3877,0,_
819,0,用户2351278715685,0,567,1,0,0,6,0,_
820,0,聞かないで,0,152,1,0,0,1,1,小女孩一枚爱好：宠闺蜜警告：动我可以，但动我闺蜜，我会让你知道什么叫生不如死闺蜜：聞かない此生只陪一人疯，你想要的，我都会给你，你换了头像，昵称，我就去找相似的，只为了我们之间的闺蜜情我陪你疯，陪你笑，一生有你足矣德云女孩在此，底线：郭麒麟，小岳岳如果不爱，请别伤害_
821,0,青禾流年。,26,772,16,3,3,134,1,粉丝20我就穿古装去校长室里跳舞_
822,0,乐宝,2,128,25,1,1,3164,0,_
823,0,天门,0,484,1,0,0,365,0,_
824,0,用户1273428539196,0,110,0,0,0,712,0,_
825,0,猫柒柒呀~,0,1133,17,0,0,2539,1,已有闺蜜@兔染染呀~本人♌️狮子座玩迷你，第五，MC，王者，崽崽爱豆：杨颖，小三金，果然_
826,0,冷桂荣,4,282,5,2,2,307,0,_
827,0,草原上孤独的一匹狼,2,109,8,15,15,1741,0,_
828,0,用户600002662727,6,254,5,2,2,186,0,_
829,0,魔王👿子岚,0,116,5,0,0,106,1,记得关注我呦🌺_
830,0,蓝礼,0,84,21,0,0,319,1,你好_
831,0,铃,0,975,0,0,0,3165,1,…………_
832,0,用户5023744059794,0,303,2,0,0,360,0,_
833,0,伊亚,7,89,0,0,0,0,0,_
834,0,离彤吖猫和老鼠,0,86,1,0,0,0,0,_
835,0,亲过吃吗,28,56,41,10,10,163,0,_
836,0,贾名,31,195,16,13,13,317,0,_
837,0,：,0,2523,13,0,1,3748,1,打我叫小猪佩奇_
838,0,不知道取啥,0,449,24,0,0,548,0,_
839,0,和平精英~甜心,15,2377,36,2,2,1005,0,_
840,0,逆风小猪,0,119,0,0,0,216,0,_
841,0,王嫦娥,34,671,10,3,4,583,0,_
842,0,妍琪儿,2,193,3,1,1,273,1,小学生_
843,0,用户1656351320430,0,971,1,0,0,2303,0,_
844,0,一枚小曲琦,31,55,9,4,5,270,1,初心:晓彤现在爱豆:晓彤、雨琦、丽颖、肉巴、大幂幂雨你同行，                雨你相遇，琦心协力。                何琦荣幸。紫海昌狂，护琦为王。农夫山泉有点甜，不爱雨琦有点悬。天南地北，我迪最美。寻寻幂幂，不离不弃。_
845,0,唐三,2,438,1,1,1,359,0,_
846,0,曾越,0,1302,5,0,0,1041,0,_
847,0,kkxxjh,41,1000,12,18,18,2186,0,_
848,0,金凤,637,2904,55,40,40,3415,0,_
849,0,悦⭐️,0,206,1,0,0,387,0,_
850,0,梦幽洛斓,179,851,32,40,40,1316,1,关注我的都是小姐姐、小哥哥_
851,0,用户771231,0,50,1,0,0,0,0,_
852,0,半生輕狂客,0,524,4,0,0,19,1,三聘六礼今犹在，不见当年守宫砂_
853,0,叶可儿,0,40,0,0,0,127,0,_
854,0,💈专业儿童发型设计💈,52,71,46,46,46,10529,1,邓州专业儿童理发雕刻烫发设计  儿童健康烫发儿童快速泡沫烫发儿童离子烫永久直发儿童软化头发儿童纹理烫.螺丝烫.锡纸烫. 羊毛卷.泰迪卷更多烫发系 儿童雕刻图腾设计 几百个图案随您选！_
855,0,도 산 나나,5,407,3,3,3,4020,1,你是公主，姐是女王_
856,0,小靚/,13,390,20,6,6,4106,0,_
857,0,晨兰,127,325,7,31,31,923,1,学校水远待你而来，请不要忘记你的班级和老师_
858,0,叮咚,1147,620,169,207,212,3921,1,V646801463    V13451388965_
859,0,Queen.♥,27,67,19,4,4,388,0,_
860,0,NWHD,0,517,19,0,0,0,0,_
861,0,美丽小少女,6,2773,17,13,13,5825,0,_
862,0,用户8909980581094,0,72,0,0,0,333,0,_
863,0,城夕落幕,0,195,3,0,0,1069,1,Emmmm_
864,0,彼岸,77,835,30,0,0,0,0,_
865,0,用户9179367945908,14,934,7,9,9,1934,0,_
866,0,花好月圆,0,116,50,0,0,423,0,_
867,0,@十二,0,28,4,0,0,6178,0,_
868,0,江师姐好,7,3375,152,1,1,5736,0,_
869,0,磊哥,237,1853,235,17,18,3887,0,_
870,0,用户2601909344820,0,421,1,0,0,0,0,_
871,0,加油奥利给,34,3948,13,30,31,2247,0,_
872,0,杠精[杠家军],0,198,0,0,0,14,0,_
873,0,用户5500372871733,48,73,11,10,10,388,0,_
874,0,用户1675895426971,0,122,0,0,0,55,0,_
875,0,陈喵喵,55,317,9,19,19,56,1,我妹老是拿我手机玩。_
876,0,💌战战的小飞侠💋,11,693,27,3,4,2173,0,_
877,0,自由飞翔,25,266,25,3,3,0,0,_
878,0,胡小妹,7,124,19,1,1,274,0,_
879,0,用户811776046,23,23,13,4,4,423,0,_
880,0,用户5747176163950,0,51,0,0,0,51,0,_
881,0,用户6427703230527,0,730,2,0,1,3623,0,_
882,0,光莹,0,227,14,0,0,249,0,_
883,0,鹤辞,61,669,33,10,10,1220,1,醉美四川_
884,0,~幻沫,0,322,2,0,0,375,0,_
885,0,邻家妺妹,3,438,28,1,2,1118,1,希望大家能喜欢我的作品。_
886,0,旗木卡卡西,13,1102,27,2,2,44543,1,我会完成你的记话的_
887,0,清水坛龙,0,297,0,0,0,1,0,_
888,0,用户8592046787327,0,283,0,0,0,313,1,hdhh_
889,0,张佳怡,302,379,43,80,80,5753,0,_
890,0,用户7872659874643,0,754,1,0,0,2069,0,_
891,0,用户3568931073429,34,139,7,8,8,125,0,_
892,0,妳家罒佡男彡小豪,0,733,0,0,0,170,0,_
893,0,熊猫,2,265,9,3,3,616,0,_
894,0,朦胧的下雨天,0,32,0,0,0,409,0,_
895,0,Preference,0,200,0,0,0,52,0,_
896,0,炎,0,56,1,0,0,50,0,_
897,0,琳琳么么哒,98,741,44,26,26,328,0,_
898,0,💗💗星辰,0,331,8,0,1,1377,0,_
899,0,甜蜜的甜彤,0,871,6,0,0,843,1,爱吃鸡，爱游戏_
900,0,在美团点碗蛋炒饭,0,894,7,0,0,194,0,_
901,0,王俊凯。,0,973,20,2,2,208,0,_
902,0,俊娃科技孟怀福,95,969,52,24,24,736,0,_
903,0,晨曦 刘,0,258,0,0,0,822,0,_
904,0,沫白,0,75,8,0,0,0,0,_
905,0,梦。(永爱魔道),2,71,8,2,2,5677,1,如果喜欢我的声音，那得请关注我吧！_
906,0,景佳人,24,36,15,3,3,25,1,一个简单的人_
907,0,ML.墨影,35,530,23,0,1,12100,0,_
908,0,ＧＧ狂欢,75,167,37,4,11,1014,1,谢谢抖音让我认识你们_
909,0,宁夏,0,40,7,0,0,9773,0,_
910,0,王晨玉,7,1154,3,0,0,0,0,_
911,0,媛媛,729,655,688,43,43,2500,0,_
912,0,舞.,0,147,0,0,0,232,0,_
913,0,伍六七，,10,1622,3,0,0,0,0,_
914,0,用户6321934560799,0,417,8,0,0,7037,0,_
915,0,梦姐姐解说迷你！,0,381,1,0,0,435,0,_
916,0,用户1562812312864,13,164,4,8,8,374,0,_
917,0,UNIQ一博夫人（已黑化）,61,2837,39,47,47,2941,1,王一博_
918,0,弥,0,58,3,0,0,423,0,_
919,0,幸福之家,286,439,55,13,13,3715,0,_
920,0,霸气外泄的花城城,0,57,0,0,0,122,1,天地为炉，众生为铜，水深火热，万劫其中。_
921,0,用户2498433530323,0,715,4,0,0,260,0,_
922,0,一幕曙光,4,374,6,1,1,288,0,_
923,0,奶兔吖🧚🏻‍♀️,1,74,4,1,1,177,1,我是⋯直女_
924,0,苏冉冉,0,870,2,0,0,2596,0,_
925,0,小雨点,5,55,8,2,2,16,0,_
926,0,海王,26,412,4,9,9,13241,0,_
927,0,学员琪,0,694,1,0,0,1029,0,_
928,0,千手修罗一唐三,7,637,21,1,1,5812,0,_
929,0,水莲花,10,4404,44,2,2,1734,0,_
930,0,用户3929941035636,1,410,0,1,2,774,0,_
931,0,用户2549656434677,0,170,46,0,0,609,1,我的容身之处在哪里？哪里都没有容纳我的位置。_
932,0,！！！,0,1718,16,0,0,3809,0,_
933,0,茉莉甜心~🌸,3185,479,103,201,201,5797,1,活好每一天，做自己。_
934,0,星尘不陨,3,130,7,1,1,20919,0,_
935,0,筠筠,7,1915,5,5,6,2760,0,_
936,0,用户7548418886257,0,476,0,0,0,1268,0,_
937,0,我电影,10,203,18,4,4,237,0,_
938,0,迷你世界心儿菀,0,178,4,0,0,1384,1,请关注、获点赞(*^▽^*)如果想一起拍戏群号：946349912欢迎_
939,0,用户3227048536359,0,287,0,0,1,142,0,_
940,0,迷你世界✨暗忉喵（暗夜）,319,1914,132,14,14,0,1,我✨这里是暗忉喵，也是暗夜，一名新手是✨支持中立暗✨主页干净🌚最近在清关🌚💦夜✨闺蜜：南羽韵（南松）粉丝名：夜猫子🌝👏吖✨110粉🔓130粉🔒150粉🔒180粉🔒200粉🔒（带粉跑酷🌚💦）_
941,0,梦歌,31,196,4,12,12,2159,1,11岁，周6，7更_
942,0,流星雨为你摘星,0,633,4,0,0,22,1,哈喽！我叫流星雨也叫苏柳兮，是个建筑小小小高手_
943,0,用户6969769071715,0,187,0,0,0,8,0,_
944,0,一只没有忘机的羡羡,5,275,2,1,1,604,0,_
945,0,梦雪给梦春摘星🌟,65,1487,56,16,16,2541,1,人间是个好地方，但是梦雪我不来了……_
946,0,珠儿666,4149,142,441,107,107,17406,1,客服：aa1066899118_
947,0,dy5sskbk0wc0,10,326,4,18,18,787,0,_
948,0,寒梅傲雪744,297,478,104,58,58,842,0,_
949,0,枫叶,70,1667,25,20,20,390,1,你，我哈哈😄!_
950,0,123,0,544,3,0,0,733,0,_
951,0,含含,869,826,76,121,121,2218,0,_
952,0,露露（已黑化）,18,1313,21,3,3,0,0,_
953,0,PHW~浅夏,0,234,21,0,0,769,0,_
954,0,你猜,0,43,1,0,0,364,1,"You will see exactly what life is worth, when all the rest has gone._"
955,0,名媛儿,0,29,0,0,0,0,0,_
956,0,古槿,0,394,1,0,0,530,0,_
957,0,用户241195536,35,53,26,6,6,362,0,_
958,0,世界那么大😊,0,236,0,0,0,212,0,_
959,0,用户6863127843490,0,213,10,0,0,565,0,_
960,0,舞不乖,8,25,7,2,2,296,0,_
961,0,(๑• . •๑),109,356,54,2,4,7204,1,(U・m・U)_
962,0,抖音~碎星,84,2531,17,21,22,2736,1,你好！我今年11生日是9月7日🌚_
963,0,期待相遇,9,436,2,5,5,2974,0,_
964,0,比心,30,146,2,37,37,32,0,_
965,0,怦然心动（永远喜欢怦然心动）,0,112,0,0,0,107,0,_
966,0,难过泛滥成河,0,115,10,0,0,139,0,_
967,0,用户8713695756904,0,90,1,0,0,20,0,_
968,0,lingmaoQiu,0,332,3,0,0,870,0,_
969,0,32486,0,347,7,0,0,271,0,_
970,0,こんにちは,0,4951,10,0,0,9013,0,_
971,0,冰洁,58,531,7,7,7,1004,1,我是小学生☺️☺️☺️_
972,0,用户8202884265469,0,281,0,2,2,10,0,_
973,0,明若初雪,0,634,0,0,0,2814,0,_
974,0,用户9014250205245,0,99,12,0,0,2859,0,_
975,0,木又,0,248,2,0,0,1294,0,_
976,0,天果真的小心愿家❤️,20494,194,2073,1587,1596,1550,0,_
977,0,花生妹妹,505,869,441,113,115,1148,1,随缘_
978,0,用户7260519474349,0,260,0,0,0,1070,0,_
979,0,用户958220174337,27,397,1,16,16,1225,0,_
980,0,用户3774318495532,0,1098,0,0,0,1194,0,_
981,0,小仙女,163,1866,32,21,21,11376,0,_
982,0,彦💕,3239,527,249,71,71,1805,1,，_
983,0,用户2270355996121,1,1798,4,3,3,7901,0,_
984,0,"看*彼岸花＆笑看彼岸轮回,",0,6,0,0,0,20,0,_
985,0,佳佳,1,1239,13,1,1,915,0,_
986,0,佟年,674,3194,178,150,150,6260,1,我家小宝贝好可爱，希望大家喜欢小可爱的作品_
987,0,奋斗,9,204,12,3,3,1233,0,_
988,0,仙星✨苏琪,95,121,65,9,9,2231,0,_
989,0,入党之人,122,1149,11,27,30,2326,0,_
990,0,liying,0,99,1,1,1,0,0,_
991,0,歼绝,2,356,4,1,1,2340,1,。。。。。。。。。。。。_
992,0,二哈[哥哥]（重装上阵）,0,2501,7,0,0,3100,0,_
993,0,正能量,13,254,38,4,6,0,1,事不三思总有败，人能百忍自无忧。_
994,0,暮灵,0,49,1,0,0,49,0,_
995,0,YANZI652,0,86,0,0,0,529,0,_
996,0,会跳的兔子,33,1242,86,5,6,1434,0,_
997,0,舞,0,294,11,0,0,29191,0,_
998,0,用户5942512065813,15,182,5,2,2,7399,0,_
999,0,人工智能389号,0,88,0,0,0,113,0,_
1000,0,7∩一),1,189,1,1,1,915,0,_
1001,0,梦仙,6,1773,19,12,12,5599,1,踏雪寻梅_
1002,0,彼岸花,0,234,0,0,0,47,0,_
1003,0,墨墨yycc,0,711,6,0,0,2574,0,_
1004,0,兮沫,165,1679,20,41,41,4501,0,_
1005,0,用户4043118156407,61,1802,8,10,11,9937,0,_
1006,0,用户6245991834843,4,903,9,3,4,753,0,_
1007,0,猪猪女孩,2,1996,13,1,1,125,0,_
1008,0,用户7585890982869,17,3514,46,8,8,4116,0,_
1009,0,嗨嗨,0,1556,51,0,0,6398,0,_
1010,0,魏灵字雪落,0,49,3,0,0,285,1,我想带一人回云深不知处，带回去藏起来。_
1011,0,用户4763124981296,8,115,3,2,2,147,0,_
1012,0,用户2810719878637,2,1125,2,6,7,1188,0,_
1013,0,憨憨✨,0,235,16,0,0,19503,1,00_
1014,0,嗨呀,0,270,1,0,0,325,0,_
1015,0,我来也,7,2948,14,1,1,473,0,_
1016,0,小胖迷你世界,26,134,9,11,11,225,1,由于我不知道怎么拍迷你世界所以拍些别滴_
1017,0,用户8128545655988,0,1985,77,0,0,3458,0,_
1018,0,邱芝灵,2,210,2,2,2,631,0,_
1019,0,用户4426774287936,0,260,3,0,0,160,0,_
1020,0,郭运翔,0,396,5,0,0,581,0,_
1021,0,高利,17,1064,9,10,10,1844,0,_
1022,0,高双彦,403,515,56,34,37,2443,0,_
1023,0,嫒嫒,20,2826,63,10,10,0,1,Lily_
1024,0,猴哥,31,2923,25,20,20,3328,0,_
1025,0,天王,12,335,8,4,4,527,0,_
1026,0,曼珠沙华,0,278,3,7,8,437,1,花叶千年不相间，缘尽缘生舞翩迁_
1027,0,老李吃鸡🐔,1,368,6,1,1,382,1,人_
1028,0,时光机.,170,389,25,104,200,17494,1,Come around me._
1029,0,用户2610586444053,0,112,0,0,0,205,0,_
1030,0,。。？？。。,1,132,0,5,5,467,0,_
1031,0,刘艳波,2,1319,15,3,3,3441,0,_
1032,0,白灵赤,0,322,5,0,0,6307,0,_
1033,0,沂南娟子【空调📺 洗衣机】批发,34,345,19,23,24,445,1,在路上奔波的辣妈_
1034,0,宇哥131413,4,112,2,2,2,87,1,喜欢我视频的男神女神们记得双击➕关注哟，我爱你们_
1035,0,小凯凯,0,229,11,0,0,194,0,_
1036,0,蒋思晨,0,735,3,0,0,270,0,_
1037,0,，小豆豆膨胀的要爆炸,4,235,7,4,4,1146,0,_
1038,0,第一次,0,269,0,0,0,123,0,_
1039,0,风花雪月,3,1829,16,1,1,70,1,我就是我，不被别人所掌控！_
1040,0,顾宇生,57,1156,14,19,19,8014,0,_
1041,0,1084,0,2226,7,0,0,7314,0,_
1042,0,空空如也,0,189,4,0,0,1781,0,_
1043,0,基本,298,492,43,34,34,2174,0,_
1044,0,！！,38,346,20,8,8,181,0,_
1045,0,用户9701542725500,0,172,0,0,0,138,0,_
1046,0,小鞠6167,0,129,0,0,0,15,0,_
1047,0,醉心亭鲜花店,102,480,31,31,31,1658,0,_
1048,0,萱,0,540,3,0,0,11,0,_
1049,0,我祖宗,26,2633,72,4,4,6678,0,_
1050,0,随缘7165296065475,0,45,0,0,0,219,0,_
1051,0,天籁之音,0,1608,2,0,0,1454,0,_
1052,0,致命的打击,0,1183,1,0,0,5104,0,_
1053,0,陈晨,5,1114,7,18,18,6636,0,_
1054,0,凉冰冰🇨🇳(๑´∀`๑),93,273,32,17,17,533,0,_
1055,0,羅羅,25,258,2,13,13,54,0,_
1056,0,宋小鹅是最爱,0,383,18,0,0,3221,0,_
1057,0,幼儿下争一周,9,483,3,20,20,3939,0,_
1058,0,小小,2,2206,28,2,2,1982,0,_
1059,0,寒月(缘)❄️,9,408,3,9,9,2350,1,人生没有那么多的捷径你不知道路的尽头是什么但你必须向前走_
1060,0,用户5034167813727,0,1358,9,0,0,960,0,_
1061,0,用户1395541493788,0,159,0,0,0,134,0,_
1062,0,用户9151709892518,6,367,5,4,4,641,0,_
1063,0,罗生萌,11,169,24,3,3,2151,1,画渣本渣兄弟：一个姓林的扑街（希望他看到后不会修理我）_
1064,0,梦辞✨🌸🌙,48,1625,32,13,13,1192,0,_
1065,0,lixuemei,62,1099,28,11,11,11573,0,_
1066,0,小❤️余萌管糖家千家沫家慕家冰家,17,1402,99,2,3,2257,1,师傅：有闺蜜：有徒弟：无姐姐：有朋友：有妹妹：无哥哥：有后期会拍迷你世界❤️🧡💛💚💙💜_
1067,0,睿宝贝,0,1224,11,13,13,0,0,_
1068,0,用户9852894375338,0,25,0,0,0,819,0,_
1069,0,逆流谁疼,3,572,15,1,1,10581,1,任性，随意，随心，无所拘束_
1070,0,用户8749450684707,6,111,21,0,1,2951,0,_
1071,0,狮子女,0,63,0,0,0,1070,0,_
1072,0,冬天的风,13,780,12,3,4,462,0,_
1073,0,天空的小暖云,0,585,1,0,0,628,0,_
1074,0,落日余晖，带你而归。,0,1153,1,0,0,1427,0,_
1075,0,用户7061428996569,0,205,0,0,0,415,0,_
1076,0,用户7714028824598,0,148,0,0,0,190,0,_
1077,0,阿白,4,4154,49,3,3,8242,0,_
1078,0,king.,0,292,1,0,0,6593,0,_
1079,0,恶魔回归。,0,2913,14,0,0,14669,0,_
1080,0,森林之王,15,664,3,9,9,795,0,_
1081,0,星座联盟。,32,1385,7,23,23,1384,1,我会努力拍更多视频的_
1082,0,兰溪,0,42,0,0,0,10,0,_
1083,0,糯米酱鸭,38,404,19,11,11,1066,0,_
1084,0,周铮麒,181,301,54,135,137,557,0,_
1085,0,迷你世界💖💖月无双。,113,1211,28,52,53,1427,1,关注一下再走呗。_
1086,0,初露头角,53,688,12,17,18,446,0,_
1087,0,厌。,35,2088,32,12,15,2297,0,_
1088,0,必有机会再来,0,202,0,0,0,10,0,_
1089,0,刘长菊,102,2747,134,50,50,5254,0,_
1090,0,💙凯皇的螃蟹💙,6,91,6,3,4,26,1,一路凯歌，待你而归。_
1091,0,没有皮肤的人,0,153,0,0,0,413,0,_
1092,0,美丽桃花,201,97,18,175,175,482,1,谁关注我，我就关注你们，拍这个的是我双胞胎妹妹，我呢比我双胞胎妹妹大，我12岁，我双胞胎妹妹快12了。_
1093,0,牛牛,0,262,0,6,6,1327,0,_
1094,0,用户4738678078749,0,49,0,0,0,15,0,_
1095,0,乖巧可爱,0,156,0,0,0,207,0,_
1096,0,奶酪片,4,856,97,1,1,1023,0,_
1097,0,小时候很听话,0,63,0,0,0,577,0,_
1098,0,最帅的小凉皮,4,95,2,3,3,33,0,_
1099,0,仙染,2,424,1,1,1,1270,1,我会保证发福利，我叫仙染保证发利。🌚🌝🧁🧁🧁🧁🎂🎂🎂🎂🎂🎂_
1100,0,用户8708377181496,0,537,2,0,0,1062,0,_
1101,0,一只猫妖,0,641,4,0,0,1663,0,_
1102,0,离我远一点,2,275,0,25,25,246,0,_
1103,0,用户8090033149503,0,1117,8,0,1,1038,0,_
1104,0,用户5241069854947,0,719,3,0,0,4042,0,_
1105,0,勿扰,0,451,10,0,0,579,0,_
1106,0,第五人格网络520,44,74,3,29,29,451,0,_
1107,0,绵绵1989,0,40,0,0,0,68,0,_
1108,0,陈宇哲,0,194,0,2,2,400,0,_
1109,0,奈雪,2,431,0,2,2,74,0,_
1110,0,夕颜,5,196,47,2,3,324,0,_
1111,0,果儿朵儿,32,37,18,3,4,325,1,抖音记录美好时光_
1112,0,小可爱呀∽,0,244,4,0,0,1125,1,赞回赞，关回关，论回论_
1113,0,玉儿,0,457,1,0,0,666,1,余生还很长，感恩一直有你_
1114,0,是夏梦呀（慕容家）,54,692,128,9,9,14896,1,谢谢你的关注_
1115,0,陈情,8,1299,17,34,35,207,0,_
1116,0,宝藏女孩奶茶💖,0,162,3,0,0,76,0,_
1117,0,刘君钰,0,444,1,0,0,369,0,_
1118,0,源氏,1,15,0,1,1,6,1,尝尝我神龙之剑的厉害！_
1119,0,迷你\陌颜同学✨「冲200粉💫」,0,95,70,0,0,427,1,迷你号:715049993🎀感谢关注😉迷你冲200粉😃收徒(5粉以上)😊收3个🌝抖音冲200粉🌚已有闺蜜💫陌 颜 人 间  理 想✨_
1120,0,高升,0,34,30,0,0,3437,0,_
1121,0,老小黑,258,395,59,101,101,4529,0,_
1122,0,写作业中………,0,121,1,0,0,469,0,_
1123,0,网混少女(号2),10,314,3,5,5,46,1,大家好！我是网混少女！我又开了一个号_
1124,0,星辰供月,0,2574,7,0,0,2135,0,_
1125,0,田园橘子,0,633,2,0,0,298,0,_
1126,0,萌萌哒小兔纸,0,478,1,0,0,701,1,啊，一定要给我一个小爱心哈。_
1127,0,伊索·卡尔,0,12,10,0,0,41,0,_
1128,0,黄新红,0,247,10,0,0,3888,0,_
1129,0,小西瓜[尊师_熙糖]上課中,442,1503,184,50,51,9819,1,护友狂魔MC搜索MC西瓜者200粉猛男头像一周。_
1130,0,♓️(抖音不到，陪神仙到老),6,3083,12,3,3,2600,1,专业挺神仙✨o(*≧▽≦)ツ_
1131,0,巴黎左岸。,132,1978,44,44,45,4399,0,_
1132,0,云谷,0,133,2,0,0,373,0,_
1133,0,野♡,0,158,4,0,0,222,0,_
1134,0,用户5661848682354,10,256,10,3,3,699,0,_
1135,0,看看,1,930,1,1,1,2152,0,_
1136,0,用户7101308910215,0,217,0,0,0,477,0,_
1137,0,鱼仔仔,0,80,0,0,0,16,0,_
1138,0,姜米条,20,945,17,5,5,21589,0,_
1139,0,玫瑰人生,189,1528,51,33,36,2542,1,开心快乐每一天，做真实的自己_
1140,0,用户9343318412284,0,208,4,0,0,53,0,_
1141,0,运命,0,76,4,0,0,406,0,_
1142,0,用户3197981681158,13,95,6,14,14,249,0,_
1143,0,帅端连一家平安,412,305,107,11,11,990,0,_
1144,0,摘星🍡,0,2707,65,0,0,6128,1,相信自己会创造奇迹_
1145,0,程夕瑶,0,29,0,0,0,19,0,_
1146,0,YY童装,45,562,5,20,20,1659,0,_
1147,0,用户5732684873667,0,48,7,0,0,35,0,_
1148,0,刘子健,0,108,1,0,1,25,0,_
1149,0,奈奈米～,10,61,12,6,6,20,0,_
1150,0,甜蜜萌兔,512,946,402,101,104,5896,0,_
1151,0,用户7946621567000,2,95,8,1,1,30,0,_
1152,0,lztjdzjr,0,2827,19,0,0,884,0,_
1153,0,符号仙子！！！！,16,893,22,7,8,336,0,_
1154,0,早晨你好,93,274,60,16,16,1077,1,风雨同舟_
1155,0,用户5166521923862,0,1282,0,0,0,1986,0,_
1156,0,用户5995344150152,34,174,0,38,38,543,0,_
1157,0,用户9151560245297,0,163,0,0,0,726,0,_
1158,0,一叶知秋飔,5,90,4,10,10,27,1,大林_
1159,0,迷你世界～墨然,0,267,2,0,0,1228,1,迷你世界墨然小号，迷你世界在另一个手机到时候会去做证明另一个手机坏了_
1160,0,罗秀平,286,472,32,31,31,17135,0,_
1161,0,我是爱你们又爱画画的媛媛,0,647,0,0,0,0,0,_
1162,0,我的,2,110,2,12,13,7915,0,_
1163,0,用户4250852068484,31,1681,14,11,12,482,0,_
1164,0,✨灵兮学妹【死等迷你】✨,214,3103,342,22,22,4721,1,介💙处关系私信里💙只处妹妹、弟弟和cp灵💙闺蜜和师傅是底线，不许动她们。兮💙1w粉露脸❤️你💙超级宠粉❤️的💙单身❤️宝💙藏💙女💙没事勿扰❤️孩💙缺个男闺蜜❤️💙玖家、兔家、苏家、梓家、姐妹帮、笙家_
1165,0,◇樱花巷ぴ,0,2107,26,0,0,11686,0,_
1166,0,🌱白燕,1,231,4,0,1,25,0,_
1167,0,暖若安阳,0,1005,15,0,0,1306,0,_
1168,0,抖音最强鸟人(凌风),10,173,10,2,2,1158,0,_
1169,0,柠萌20136,1,47,12,0,0,1751,0,_
1170,0,创骑（｡ò ∀ ó｡）,6,1112,14,6,6,5724,1,反对一切反对游戏的人_
1171,0,最冷、不过人心,109,951,34,17,17,736,0,_
1172,0,凉玖,0,785,12,0,0,951,0,_
1173,0,糖果糖果,1,171,1,0,1,98,0,_
1174,0,龙龙,0,385,0,0,0,1988,0,_
1175,0,国际华城,0,63,0,0,0,134,0,_
1176,0,花小楼,2387,399,2472,26,26,4127,0,_
1177,0,爱古装的小仙女,15,2082,36,4,4,5421,1,我是一名四年级的小学生。_
1178,0,用户903455495883,9,74,3,3,3,73,0,_
1179,0,筱白,0,2123,5,0,0,27,0,_
1180,0,小蝇子,46,312,5,22,22,225,0,_
1181,0,可爱萌女,0,294,1,0,0,915,0,_
1182,0,憨憨教主,0,42,0,0,0,10,0,_
1183,0,每一刻的改变,68,64,6,120,120,50,0,_
1184,0,杨洋洋,0,167,2,0,0,3389,0,_
1185,0,是柚子鸭,23,250,12,10,13,2712,1,❤️❤️❤️❤️   ❤️❤️❤️❤️✨✨✨❤️   ❤️✨✨❤️❤️❤️❤️❤️   ❤️✨✨❤️❤️✨✨✨   ❤✨✨❤️️❤️❤️❤️❤️   ❤️❤️❤️❤️_
1186,0,大会,568,94,432,16,18,290,1,与其去想  不如去做   俩娃的妈妈也可以浪_
1187,0,小豆子,37,579,2,36,38,941,1,姓别：女年龄：保密_
1188,0,小米~~~😊,223,2115,38,43,43,1288,0,_
1189,0,然儿🐇,0,3685,123,0,0,2650,0,_
1190,0,甜西,562,920,54,236,236,6002,0,_
1191,0,夜白~,21,187,8,9,9,1263,1,我是一个充滿正能量的人，希望可以透過抖音給大家快乐，希望你们可以关注我，不关注也行，按那个心就行了_
1192,0,奶猫,0,1485,22,0,0,17015,0,_
1193,0,鲁豫,78,243,8,64,64,219,0,_
1194,0,萌萌呀,0,249,0,0,0,246,0,_
1195,0,你的落霜呀！,18,204,1,11,11,409,0,_
1196,0,用户5098909390288,0,368,1,0,0,1392,0,_
1197,0,没：姜，哇,1,85,0,1,1,78,0,_
1198,0,会记得我,0,565,1,0,0,1084,0,_
1199,0,土豆丝,0,1041,4,0,0,25659,0,_
1200,0,用户2747238686400,13,184,2,10,12,786,0,_
1201,0,丁丁美华,157,1174,33,41,43,6099,0,_
1202,0,旺苍县韩美美莱皮肤管理中心,28,33,9,16,17,144,1,本店 主营 美甲💅美睫 半永久眉眼唇定制 微整形 皮肤综合管理 祛斑 祛痘 激光洗眉 冰点脱毛 只要一切关于美的我 找我就对啦……爱美的小姐姐 我在韩美美莱等着你💃💃💃_
1203,0,马旭尧,0,50,0,0,0,30,0,_
1204,0,用户9838990346805,0,836,9,0,0,3560,0,_
1205,0,快快乐乐,0,141,0,0,0,1316,0,_
1206,0,追星小粉,24,60,4,10,10,22,1,世界很烦，但你很可爱🐬🌸🐭_
1207,0,青柠,4,510,27,1,1,2002,0,_
1208,0,金风科技,0,111,0,0,0,19,0,_
1209,0,用户6686953000875,0,158,5,0,0,54,0,_
1210,0,夜梦,0,77,0,0,0,1705,1,。。。。_
1211,0,小童童,0,94,1,0,0,783,0,_
1212,0,用户8842665058780,0,1108,1,0,0,13461,0,_
1213,0,皮卡丘柔柔,0,46,3,0,0,225,0,_
1214,0,小米粥,0,20,3,0,0,3,0,_
1215,0,溪宝0704,0,177,4,0,0,7408,0,_
1216,0,叶姐,0,1517,24,0,0,15501,0,_
1217,0,用户3230110254579,0,6,0,0,0,256,0,_
1218,0,猫,0,600,3,0,0,1725,1,一个喜欢猫的炫酷女孩。_
1219,0,上官踏荫,9,887,4,8,8,2098,0,_
1220,0,暗影刺客—柒,98,2787,36,27,28,21254,0,_
1221,0,小雅同学。,51,1757,14,61,62,2144,0,_
1222,0,雪,0,119,0,0,0,1,0,_
1223,0,用户9766870454473,5,263,3,5,5,75,0,_
1224,0,用户9836858887611,6,2067,14,2,2,3220,0,_
1225,0,用户4643059616479,0,759,0,0,0,261,0,_
1226,0,嘿嘿嘿,0,90,4,0,1,875,1,沙雕在此  不沙雕不快乐_
1227,0,用户2460363099348,0,229,0,0,0,3743,0,_
1228,0,小洛园阳光,1,271,7,0,1,974,0,_
1229,0,11358,0,389,1,0,0,468,0,_
1230,0,琳琳琳,0,119,14,0,0,572,0,_
1231,0,陈春侠,0,287,2,0,0,1883,0,_
1232,0,用户6533013455154,5,124,2,5,5,122,0,_
1233,0,小美女,8,970,22,2,2,3156,0,_
1234,0,风腾赵云,0,517,13,0,0,12,0,_
1235,0,惠子涵,8,138,5,5,5,582,0,_
1236,0,ざ流苏き,19,184,21,8,8,2173,1,本人的爱好是唱歌、跑步_
1237,0,会发光的星星闪亮亮,0,196,1,0,0,323,0,_
1238,0,小仙女,6,220,2,2,2,89,0,_
1239,0,左文亮🍓🍧,0,42,0,0,0,35,0,_
1240,0,用户1154036119828,0,32,0,0,0,0,0,_
1241,0,布丁,188,1279,54,86,86,1656,1,你保护世界我保护你_
1242,0,用户567585816589,0,411,2,5,5,1999,0,_
1243,0,星辰之光,0,308,0,0,0,688,0,_
1244,0,迷你世界~相相草123(已有闺蜜),106,1294,96,19,19,6516,1,注本人已开学，所以很少发作品了_
1245,0,叶树坤。,38,219,4,44,45,1396,1,如果我突破1万个粉丝，我跟你们每人买一套房。_
1246,0,用户2603268836221,0,75,0,0,0,5,0,_
1247,0,有祁.,0,347,6,0,0,1173,1,此去经年。_
1248,0,幻影决孙,77,65,15,72,72,49,0,_
1249,0,用户2496177705536,166,1812,47,204,205,7226,0,_
1250,0,楊,0,235,1,0,2,39,0,_
1251,0,陆子晴,22,694,2,6,6,5210,1,夜送客归_
1252,0,妹妹最乖,0,290,2,0,0,867,0,_
1253,0,悠筱筱,0,703,6,0,0,906,1,只爱热巴_
1254,0,☆᭄ꦿ南笙姑娘,0,660,4,0,0,1129,0,_
1255,0,桃🌸风铃,259,196,30,48,48,633,1,王丽婷_
1256,0,用户441601523011,0,359,0,0,0,333,0,_
1257,0,用户7583327030570,15,59,2,9,9,61,0,_
1258,0,米酱敲口爱,0,699,3,0,0,791,0,_
1259,0,小屁孩子,0,706,2,0,0,2921,0,_
1260,0,用户8105308296464,0,749,1,0,0,924,0,_
1261,0,蛋黄的长裙,0,496,1,0,0,1039,0,_
1262,0,꧁꫞꯭劫꫞꧂,0,427,0,0,0,565,0,_
1263,0,田园橘子,0,186,3,0,0,346,0,_
1264,0,灵易染,0,1145,33,0,0,3768,0,_
1265,0,人间理想鞠婧,0,1178,61,0,0,2638,0,_
1266,0,俺是一个铁憨憨。,0,1444,25,0,0,477,0,_
1267,0,缘来如此😍,2838,149,284,230,238,0,1,漂亮你李姐18857274078_
1268,0,用户6283951754408,0,89,13,0,0,36,0,_
1269,0,你黑暗中的蜡烛🕯️✨,0,73,3,0,0,1793,1,谢谢你的关注✨_
1270,0,娜娜,0,177,9,0,0,985,0,_
1271,0,123456,0,93,23,0,0,2871,0,_
1272,0,玫琳凯,0,288,5,0,0,259,0,_
1273,0,小草莓味,8,592,5,5,5,1608,0,_
1274,0,天天向上。,0,315,1,0,0,3677,0,_
1275,0,姚建韦,16,1403,33,2,2,605,0,_
1276,0,宝宝199,11,783,4,15,15,1437,0,_
1277,0,用户7631756594575,7,91,2,10,10,340,0,_
1278,0,暖泥护花,368,252,53,42,43,4066,0,_
1279,0,欣然如西瓜甜,30,455,14,63,64,265,1,寻找闺蜜_
1280,0,上官,0,225,0,0,0,291,0,_
1281,0,用户9970045679921,0,156,0,0,0,255,0,_
1282,0,肖羽,0,598,1,0,0,965,0,_
1283,0,大鱼海棠,2,1095,13,2,2,4545,0,_
1284,0,尘尘,0,145,5,0,0,343,0,_
1285,0,当沫,0,383,5,0,0,393,0,_
1286,0,幽夏浅梦,6,2175,55,0,0,1278,1,💒🎸🎤⚽⚽⚽浅浅的笑容⚽⚽⚽🎤🎸💒_
1287,0,一,29,566,8,15,15,857,0,_
1288,0,珍珠奶茶,0,78,3,0,0,140,1,天堂已满，地狱打烊。所以我留在人间，当祸害呀！_
1289,0,王,0,330,1,0,1,4522,0,_
1290,0,毕丽丽,45,1347,38,11,13,2285,0,_
1291,0,罗朵朵,0,665,3,0,0,6184,0,_
1292,0,随心,0,2944,16,0,0,7227,0,_
1293,0,本命饭,2,326,2,0,1,23424,0,_
1294,0,迷你世界~乔榴莲,0,5000,106,0,0,31902,1,我喜欢小心超人和伽罗，我属兔_
1295,0,人,0,535,10,0,0,328,0,_
1296,0,希望幸福,16,1148,9,2,2,27922,0,_
1297,0,夏迪樱珀,5,2396,36,7,7,11280,0,_
1298,0,用户99805779,2,235,1,5,5,14,0,_
1299,0,857,22,602,8,13,14,898,0,_
1300,0,宝藏女孩和铃［异岭兽］（黑化）,169,863,38,21,21,4206,1,"如果不绐小+号给♡♡,我会生气的_"
1301,0,隐形的鸡翅膀,0,657,24,0,0,0,0,_
1302,0,小丑熊,0,156,1,0,0,92,0,_
1303,0,肖战的小学妹,11,202,2,9,9,352,1,谁点赞加关注，我也帮他点赞加关注哦。记住啊，你关注我，我就关注你哟。_
1304,0,甜蜜人生,0,1284,2,0,0,1018,0,_
1305,0,用户926709453752,311,1766,86,61,61,2599,0,_
1306,0,猫猫的助手,7,349,10,1,1,0,1,可以关注阳光灿烂，肓盒店猫猫吖，和我吗_
1307,0,一起来画画,21,429,5,23,23,107,0,_
1308,0,用户4949630918212,0,107,1,0,0,10,0,_
1309,0,٩(♡﹃♡ )۶南笙💕是染笙吖,10,362,3,10,10,1679,0,_
1310,0,用户5666421794514,32,120,9,11,11,48,0,_
1311,0,琉璃,332,339,59,42,48,2342,1,宝马，妈妈爱你_
1312,0,暖心的糖,330,57,75,23,24,310,1,暖～爱你们哟！_
1313,0,林潇月,30,1664,32,24,24,6777,1,等我粉丝到50了我……决定了我随你们处置【%知道这需要多大勇气?】加油冲！_
1314,0,齐天大圣,27,145,22,17,17,16894,0,_
1315,0,chagrin₩,0,233,4,0,0,1519,0,_
1316,0,红花精灵,41,642,15,15,15,6057,0,_
1317,0,淺墨,0,314,0,0,0,354,0,_
1318,0,火神星空,0,43,0,0,0,28,0,_
1319,0,王者荣耀,0,46,6,0,0,116,0,_
