0,0,『 惜玉℡ 』,2088,2246,310,83,83,2011,0,_
1,0,木兰🔥尊师利哥,139272,922,21046,209,221,1881,1,时间久了你会发现男人的外貌不重要，重要的是他的睿智、……《阅历和人品以及对家庭负责。和责任……_
2,0,😝a.mei,50,1297,39,13,13,17011,0,_
3,0,山山,85,13,6,14,14,74,0,_
4,0,用户5383552580655,0,100,10,0,0,159,0,_
5,0,用户6127158991051,0,70,12,0,0,197,0,_
6,0,37.2℃,64,748,39,6,15,3771,1,人的正常体温是37℃但遇见喜欢的人就会变成37.2℃_
7,0,用户395054008713,0,91,0,0,0,7,0,_
8,0,西門賣瓜,0,1016,13,5,5,1483,0,_
9,0,吴付利,84,407,137,9,10,713,0,_
10,0,小芸,1,16,9,0,0,5,1,Time is silent._
11,0,小火箭,135,985,146,7,7,84,0,_
12,0,懒猫懒懒zlx,17,26,6,7,9,61,0,_
13,0,海棠,104,2072,542,2,2,709,0,_
14,0,小青🐸,565,315,220,61,62,396,1,越努力越幸运_
15,0,五华龙哥,262,3612,473,12,12,6654,1,经历某事，路遇某人，你既在选择，也在被选择。城市灯火惹人醉，人在江湖确实累。_
16,0,心宁,11068,621,2230,20,21,0,1,大凉山的彝族姑娘。热爱音乐🎵喜欢结交热爱音乐的朋友。感谢您的关注和支持❤️_
17,0,溶断,0,180,5,0,0,1199,0,_
18,0,侯龙华,0,518,23,0,0,587,0,_
19,0,DUO哆轻食光,389,106,3949,15,15,0,1,美食是一定要吃的，身材也一定要有的记录自己减脂过程，吃胖的就一定可以吃瘦回去原始130斤，已剪7斤‼️坚持自律，瘦到90斤💪🏻_
20,0,妈叫不理你,191,2687,271,26,26,1399,0,_
21,0,用户3585844568331,0,4879,62,0,0,5138,0,_
22,0,林铭山.厦门,14926,4876,6681,573,2249,5299,1,铭山厦门俱乐部，企业家与营销精英一起学习、交流的舞台，我们每个月最少举办一次晚宴交流会，每个星期举办一次学习交流会，活动费用AA制。13859903337。_
23,0,农村侗族歌者-阿雨,12362,5000,19999,4,4,0,1,我来自湖南农村的一个侗族小伙，喜欢音乐🎶喜欢唱歌，但是没有团队支持，也没有专业的设备，虽然唱得不好，但会用心唱好每一首歌 ！喜欢我，请点点关注，感谢大家支持！_
24,0,蜜桃🍑宝,12356,782,27158,35,36,3620,1,舞播求守护，感谢官方给予平台，感谢各位家人支持和陪伴_
25,0,用户8645244612177,983,272,199,130,131,551,1,阳光ChRis_
26,0,深事宁人,284,1483,75,0,0,0,0,_
27,0,福建🎤啊兴,2511,2114,1975,92,93,340,1,感谢抖音的这个平台，让我认识这么多朋友本人喜欢唱歌，有喜欢我的关注我吧！不会让你们失望的，社会在进步，我也在进步，从未停止，超越自我。等我有钱了我也去做慈善帮助需要帮助的人。_
28,0,高妹,8311,3843,3997,47,159,9601,1,我就是我，不一样的烟火！_
29,0,百变闪电,2370,1072,777,46,47,2215,1,茫茫人海中相遇即是缘分，感恩遇见的每一个人！新人主播，请多关照啦🎊🎊晚上9点到12点_
30,0,有财媳妇【财家军】,26088,4135,3978,120,120,6588,1,感谢抖音里有你，我的水果都是有保障的，有需要的就看看我的橱窗_
31,0,麦子•夜歸人,6651,4321,3479,14,16,12476,1,我们努力的样子很可爱，感恩有你们的陪伴追寻梦想找回自己，期待花开，收获满满加油加油加油！_
32,0,米蘭【财家军】,8372,2239,2456,65,65,1333,1,愿世间，所有美好的相遇都是久别重逢。_
33,0,WD 杰楷,49,9,2,29,29,34,0,_
34,0,梁,47,969,56,2,2,1692,1,k_
35,0,叶子,1,397,20,2,2,2405,0,_
36,0,梁麗88,0,127,2,0,0,54,0,_
37,0,HONEY,4184,3355,514,20,20,1242,1,不将就_
38,0,大水牛,753,1534,74,215,216,10532,1,关注我一下_
39,0,🇨🇳德天下,8,11,137,1,1,8047,1,每天告诉自己一次，我真的很不错_
40,0,A.F,0,233,39,0,0,199,0,_
41,0,森森滴,15,490,21,3,3,591,0,_
42,0,当时,0,609,28,1,5,2782,0,_
43,0,地主,5,2949,17,0,0,0,0,_
44,0,请叫我海绵寶寶,0,1317,110,0,0,0,0,_
45,0,肥妞他爸,24,1077,35,7,10,730,0,_
46,0,。・°°・YingZzzz。・°°・,165,68,26,56,56,24465,0,_
47,0,@🥂ting       💋,123,592,34,0,0,0,0,_
48,0,…………,24,186,7,10,10,19,1,她在春天的那一边，你的秋天刚落叶_
49,0,亲爱的癫公,0,145,30,0,0,182,0,_
50,0,LINNNDAOOOMANNN,3,90,8,2,2,0,1,普通人_
51,0,uncle wang,0,8,11,0,0,6,0,_
52,0,托尼托尼·乔巴,0,188,12,0,0,32,0,_
53,0,王小帅爱吃大白菜,59,310,38,9,13,941,1,成熟就是少一点自以为是，多一点自知之明。_
54,0,哈哈,13,1359,15,0,0,0,0,_
55,0,海的声音,0,3,0,0,0,2,0,_
56,0,津,0,82,28,0,0,152,0,_
57,0,sky亻夋,5,593,66,1,2,1983,0,_
58,0,JJXXQQ1,0,16,52,0,0,334,0,_
59,0,user7992503304566,0,361,17,0,0,690,0,_
60,0,阴天快乐,65,60,24,15,15,82,0,_
61,0,泽凡真的很帅,4,59,5,2,2,278,1,你之所以迷茫，是因为没有跟对人，走对路，做对事‼️_
62,0,111,0,154,7,0,0,162,0,_
63,0,恒3333333,0,226,0,0,0,74,0,_
64,0,杰,14,497,44,6,8,326,0,_
65,0,田一一,0,5,5,0,0,0,0,_
66,0,忽然飞来的猛男,37,440,32,12,12,3498,0,_
67,0,芬享快乐,0,2013,10,0,0,1289,0,_
68,0,猩猩同学会,2,82,14,0,0,0,0,_
69,0,大笨John,13,122,14,4,4,178,1,好鬼死real 从来不用滤镜 做翻自己_
70,0,用户4674821783433,0,27,0,0,0,121,0,_
71,0,阳光😊才艺主播,15,112,9,9,9,22,0,_
72,0,AAA,27,89,11,14,15,224,1,靠人人会跑、靠山山会倒、靠自己最好_
73,0,玉林七號全羊餐饮,5832,754,461,37,38,605,1,感谢抖音官方平台，本店美食以玉林特色为主题，精心打造玉林美食文化驻深的一站式体验…欢迎来访交流学习！💌⬇️_
74,0,萌音💋小葡萄🍇,886,2444,553,62,62,58,1,好看的皮囊千篇一律💕有趣的灵魂万里挑一💋感恩遇见，承蒙厚爱❤️一个在奋斗路上的  90后女孩💕💕小葡萄🍇新主播求守护_
75,0,香云莎,8,569,33,0,3,7435,0,_
76,0,青,1341,4078,228,124,1086,0,0,_
77,0,^_^💕,7,733,45,4,4,3681,1,，_
78,0,虾饺云吞,1,180,58,2,2,17,0,_
79,0,聂小倩,22300,95,6822,22,24,5081,1,本人只有这一个号，希望大家不要上当受骗，每天晚上23:00直播，新主播😘才艺，能文，能舞💃🏻                                                                            嘴不甜😄长得丑🤪还没💰嘴笨，                                       “😘不会聊天的小白浅😘_
80,0,虢,396,910,119,14,233,20200,1,中华传正统，华夏振雄风！_
81,0,8度摄影🇨🇳,4,155,143,0,0,0,1,记录真实人生旅程，让自己有回忆的过往！_
82,0,Ronald,0,222,17,1,1,338,0,_
83,0,麒,0,43,73,0,0,0,0,_
84,0,Liang,41,185,52,8,8,2003,0,_
85,0,辣king的国王,257,180,213,0,0,0,0,_
86,0,斌斌,36,362,28,18,20,321,0,_
87,0,💋云深不知处,1679,202,153,183,183,0,1,我们的余生很贵，要给那些识货的人！_
88,0,南,0,105,10,0,0,33,0,_
89,0,香格里拉 瀧鮮生🍄,8809,4258,4562,160,165,0,1,🔥感谢抖音！🔥单身男人！🔥只交朋友！🔥不谈感情！🔥简单做人！🔥真诚做事！🔥香格里拉松茸！_
90,0,智能门锁,940,3146,2849,5,6,1001,1,专注指纹锁，酒店锁，公寓锁，桑拿锁，自动门。关注我有惊喜_
91,0,漂泊无依,35,162,46,8,8,112,0,_
92,0,Figga“”︿,5,587,43,0,0,0,0,_
93,0,A,0,4718,98,0,0,0,0,_
94,0,跟着我会在,0,9,0,0,0,0,0,_
95,0,逆苍穹∮孤身走我路,161,82,136,41,43,2507,1,人生现实太烦恼，无聊网上找存在，信号一断又梦破解，蒙头睡醒又一日。_
96,0,ll,25,291,31,0,0,171,0,_
97,0,一步一个脚印,40,164,227,0,0,0,0,_
98,0,&Gary,0,78,60,0,0,426,0,_
99,0,砥砺前行者,11,920,46,2,2,24,0,_
100,0,@ Huang Yongbin,83,59,57,2,2,0,1,一个努力的90后_
101,0,邑大&乱杀,6,438,4,6,6,6160,1,圣斗士星矢#手游#乱杀_
102,0,luris,121,58,38,2,2,67,0,_
103,0,是个憨憨,67,103,9,12,15,1758,1,重温抖音经典视频为观众带回更好回忆如有侵权请及时联系😇_
104,0,1013740701,4,581,26,0,7,396,0,_
105,0,✨Harry✨,7,897,73,4,4,252,0,_
106,0,👑钱多多💗,0,369,90,0,0,0,0,_
107,0,马有才🔥梅西,246,2588,290,0,0,0,0,_
108,0,多彩童年,77,138,211,5,5,0,1,抖音记录小魔王洋宝的美好生活_
109,0,XUB1NG-,133,266,66,12,12,547,1,生活可以将就，生活也可以讲究。_
110,0,熊aaa,0,479,28,0,0,0,0,_
111,0,MoguI,1,651,8,0,0,0,0,_
112,0,小怡.,5451,32,1974,0,0,0,0,_
113,0,偶尔笑,30,262,22,10,10,2678,1,我还是重新许啊愿—_
114,0,老阿姨,6,62,43,2,2,0,1,你若盛开 蝴蝶自来🌸_
115,0,🌸 Ms_陳小A🤷🏻‍♀️,96,106,76,14,24,72,1,❣️活著需要留白，留給什麼事都有可能發生🤷🏻‍♀️_
116,0,陈志宇,0,199,11,0,0,0,0,_
117,0,小小鱼,0,48,3,0,0,0,0,_
118,0,记得    🕷️,38,1414,131,3,3,9252,0,_
119,0,哈哈哈,37,1435,95,3,3,76899,1,杰瑞鼠在此😁_
120,0,lulu,0,158,31,0,0,0,0,_
121,0,karho🎊,173,322,93,11,11,217,0,_
122,0,茹菓,13,211,48,2,2,216,0,_
123,0,JUN ~,19,389,28,0,0,5597,1,嘟嘟嘟嘟～嘟嘟嘟嘟～_
124,0,LIN,10,117,8,2,2,37,0,_
125,0,@十月的橙子🍊,8,217,14,8,8,316,0,_
126,0,Eva華華,0,139,18,0,0,0,0,_
127,0,@钿少.,12,193,34,3,3,301,0,_
128,0,淮南凤台华为体验店,66,224,24,7,7,563,0,_
129,0,siks,29,21,34,4,5,121,0,_
130,0,派大星~,231744,159,16249,9,14,0,1,天庥V❤️粉丝群➕zkx130658(备注来意)🙆_
131,0,Ben斌,0,6,0,0,0,2,0,_
132,0,奶茶少冰不要奶不要茶,8,609,14,3,6,1471,0,_
133,0,芭比娃娃A,7,547,43,0,0,0,0,_
134,0,小宝,669,1608,149,68,72,445,0,_
135,0,冰儿,1259,109,523,40,40,0,1,，，，，，，，，_
136,0,嘟嘟c,0,55,0,0,0,268,0,_
137,0,永恒的爱,108,187,130,6,6,17,0,_
138,0,B3B,0,406,21,0,0,23,0,_
139,0,淡然如水,0,274,11,0,0,334,0,_
140,0,💗深紫萌萌💗,42,124,4,0,0,0,0,_
141,0,粥一零,0,3,0,0,0,0,0,_
142,0,00000000000,0,65,13,0,0,0,0,_
143,0,Collins,56,4005,109,7,8,3791,1,谢谢你的关注 💖_
144,0,Cz_,49,509,27,11,11,1071,1,00后醒狮、说唱爱好者_
145,0,HA’,0,45,3,0,0,344,0,_
146,0,鱼礁,0,508,33,0,0,8286,0,_
147,0,天天打妖怪,88,37,48,16,16,343,1,中意饮饮食食憨憨鸠鸠又一日_
148,0,天蓝蓝fairy,0,48,0,0,0,0,0,_
149,0,ll,0,3228,43,0,0,432,0,_
150,0,❤︎💓ANNA❤︎✋💓,9,410,27,0,9,988,0,_
151,0,黑森林,0,32,15,0,0,72457,0,_
152,0,🇨🇳💤  🇨🇳💤,0,65,5,0,0,100,0,_
153,0,吉娜小助理,151,736,311,4,32,722,1,感谢关注_
154,0,Kaaaaaa,0,660,7,0,0,0,0,_
155,0,东叔,132,350,118,6,8,702,1,每天出货，微笑面对所有对手。_
156,0,keng,6,54,20,3,3,37,0,_
157,0,小仙女❤️,0,131,7,0,0,0,0,_
158,0,款鸡涌1230,2183,182,176,43,45,3610,1,vip一枚，g604808936_
159,0,Ken,0,33,30,0,0,49,1,本人特别懒_
160,0,小❤️星,72,381,85,19,19,161,0,_
161,0,Pui,0,181,3,0,0,0,0,_
162,0,しÍ υヾ蚊蚊蚊,354,685,176,32,32,1108,1,心有多大，世界就有多大丿丷_
163,0,1685 💏,0,72,5,0,0,314,0,_
164,0,Ttt,3,249,11,0,0,2203,0,_
165,0,行运超人,1343,1125,339,259,260,2184,0,_
166,0,Hey boy,22,221,40,1,1,7945,1,喜欢纹身     和玩机动车_
167,0,Amy,69,349,42,14,16,1938,1,想到再说_
168,0,77-,6010,37,186,5,6,457,1,🇨🇳🇨🇳🇨🇳_
169,0,九三,384,666,108,29,29,0,0,_
170,0,T_初心🍃,23,72,23,3,3,5,0,_
171,0,真心友情,0,3565,193,0,0,5637,0,_
172,0,杨姐,390,139,48,30,30,311,1,厂东金纶好女人_
173,0,Angle,29,2034,124,1,1,9974,1,比較懶._
174,0,小丁爱流浪,40835,654,1387,12,12,0,1,vx：Steven15377957335_
175,0,hhh,0,104,2,0,0,125,0,_
176,0,Strive,148,236,118,15,15,3228,0,_
177,0,小任,0,187,47,0,0,0,1,感谢关注_
178,0,洋 光 。,56,494,147,22,24,0,1,瞎拍瞎记录、_
179,0,手机用户52i9rf,1681,497,283,86,86,1842,0,_
180,0,水兒,3,72,12,1,1,1,0,_
181,0,给你最棒的,26,179,19,8,9,66,0,_
182,0,大小姐,1110,1792,1385,23,45,823,1,自律=自由_
183,0,baby-小馨馨,77,415,33,13,13,334,0,_
184,0,婷婷💋,71,427,74,6,6,1299,0,_
185,0,哆哆豆豆,45,503,124,8,10,40844,1,VIP男饭_
186,0,siuya103,19,601,30,1,1,177,1,V:siuya103_
187,0,Baby-,8,133,1,16,17,289,0,_
188,0,小鹿吖,0,349,8,0,0,1542,0,_
189,0,小^_^肥,8,1123,81,2,2,696,1,门前有马不为富，家中有人不算穷。_
190,0,氧,531,332,146,42,43,646,0,_
191,0,RAGON🍁,1370,18,282,2,2,543,1,抖_
192,0,用户6769347860189,3,461,8,1,1,2435,0,_
193,0,17886,0,301,13,0,0,0,0,_
194,0,🇭🇰采采lee,41916,197,3152,16,16,48,1,🇭🇰分享生活V：N45470_
195,0,YAGSUO,111,507,76,12,12,4946,1,佛山市禅城区豫东印刷厂_
196,0,Crush,0,406,16,0,0,0,0,_
197,0,渣女吸塵器🚚,23,357,33,2,12,2583,0,_
198,0,拆迁户,14,364,20,15,15,1781,1,关你嘿事_
199,0,JIe,5,589,40,1,1,2255,0,_
200,0,应,264,130,30,8,9,340,1,缘分注定个..…_
201,0,（七）世、情,0,152,0,0,0,0,0,_
202,0,小姐姐war,39,183,91,6,6,0,0,_
203,0,💞,0,45,168,0,0,0,0,_
204,0,风雨不改,534,525,174,70,70,459,1,开开心心度过每一天。_
205,0,开阔人生,14,374,44,16,16,74,1,浮生暂记梦中梦，世事如闻风里风！_
206,0,房东的喵,1,48,1,1,1,107,0,_
207,0,嗳哭鬼激气泡,8,288,110,1,1,120,0,_
208,0,hua gu niang,9,477,17,0,6,2720,0,_
209,0,🌟星斗shi民🐴队,1813,472,431,58,58,452,1,一生辗转千里，莫问成败几许，得之坦然，失之淡然。_
210,0,Joss,34,2986,22,0,0,5672,0,_
211,0,摘星,0,340,33,0,0,3072,0,_
212,0,精致女孩,1197,232,75,33,33,0,1,做个简单的女孩👧🏼谢谢你，你这么好看还关注我😄瞎发视频_
213,0,木子,953,1631,304,274,525,1536,1,我就是我，是颜色不一样的烟火！_
214,0,广州市海澜佳人化妆品,883,57,1864,51,51,7038,1,专业化妆品生产OEM.ODM，彩妆，惜护肤。感谢关注每天下午5点直播护肤分享、美妆测评承蒙厚爱，万分感谢_
215,0,户外男孩,170,2481,139,2,3,24334,1,向往 简单 轻松 的生活✌(̿▀̿ ̿Ĺ̯̿̿▀̿ ̿)✌_
216,0,灿,44,220,36,4,4,75,0,_
217,0,Zeekloo,2,607,48,1,1,991,0,_
218,0,winnie~👸🏻Coco,86,157,19,0,0,0,0,_
219,0,诗涵,0,156,1,0,0,258,0,_
220,0,一直在路上奔跑,0,8,1,0,0,2,0,_
221,0,小付哥,83879,1158,3491,74,86,565,1,记录生活为您带来欢乐。作品持续更新中……_
222,0,肥仔JH,2376,140,468,12,12,1921,0,_
223,0,😊 呵呵,0,419,25,0,0,447,0,_
224,0,蛇仔,0,41,70,0,0,0,0,_
225,0,用户426044595491,0,9,1,0,0,15,0,_
226,0,lomo,0,810,30,0,0,0,0,_
227,0,士多啤梨苹果橙,0,252,0,0,1,0,0,_
228,0,用户5795038225119,0,127,21,0,0,102,0,_
229,0,明哥666666,0,1444,1,0,0,0,0,_
230,0,广富林生,8481,4878,2140,257,257,3546,1,专业二手佬十几年，车业务全通，_
231,0,Baritone-CZG,129,168,63,37,37,10299,1,合唱指挥_
232,0,小生丁当,0,751,125,0,0,7049,0,_
233,0,何嗬河荷哥,35,250,172,6,7,46180,0,_
234,0,立刻有,3,115,128,1,1,0,0,_
235,0,suky6,6,33,7,2,2,0,1,嘤嘤嘤_
236,0,Alex72,0,435,2,0,0,394,0,_
237,0,Sam🚒🚒🚒,3,1131,44,0,0,0,0,_
238,0,Devil,0,426,25,0,0,612,1,Like you and dare not say the exit_
239,0,小翻瓜🍂,749,731,311,69,70,1131,1,爱过你不后悔_
240,0,kaho👫,35,870,43,10,10,4012,0,_
241,0,-Lei Jin Pei -,1,258,26,1,1,245,0,_
242,0,🌸卡樂B🌿,61,106,21,23,24,78,0,_
243,0,爱粉乌鸦哥,5,221,29,0,0,0,0,_
244,0,CarCAV阿锦,693919,148,90607,1243,2709,2385,1,招聘：拍摄，编剧，导演，美女不行过来拆我招牌……音响行业27年经验，全国服务超过1000家门店_
245,0,醒肇捞,0,1,0,0,0,2,0,_
246,0,用户030792,0,28,1,0,0,15,0,_
247,0,cherry雯雯,31,53,36,14,15,287,0,_
248,0,你还敢心动吗🤷‍♀️,58,108,51,0,1,42,1,握不住的沙不如扬了它。_
249,0,佛山市朗壹门窗配件,143,620,322,53,54,526,0,_
250,0,无悔的相遇,189,2188,290,5,5,4148,0,_
251,0,月幕下的思念,0,67,8,0,0,50,0,_
252,0,Zhaishu,26,583,18,3,3,2219,1,對於抖音，看著看著，讓我明白了許多的人生的折理，也讓我偶爾的快樂了一會，強大！感情很好解釋：冷淡了說明另一邊在燒熱中…冷的痛不欲生、熱的欣喜若狂！走吧、下一條街道的風景也是很美的！_
253,0,从新开始,10,2327,35,2,2,4351,0,_
254,0,娱记卍道法（宣娱部）法道,4,8,1,3,3,24,1,用你勤劳的双手，收获劳动的价值💪_
255,0,William,0,85,0,0,0,47,0,_
256,0,Tur bo 啊伟🏁,243,3111,497,9,9,2093,1,品味生活_
257,0,泰国万事通,390,829,10333,1,3,619,0,_
258,0,秋,0,7,9,0,0,782,0,_
259,0,柳皓天,81673,32,36493,12,12,59,1,不做你的前男友💯这是我的新号🦆原号(小P哥哥-已停更)网易☁️:小P哥哥-围脖🧣:小P哥哥-找我🛒衣服:XPPPP-商务v:YouLiang_66(备注来意)仅此一个号 其他均为冒充_
260,0,美食+小智霖,32,56,6,10,10,193,1,感谢抖音家人们的关注                                                                                     热爱生活，不善言辞，用心分享美食。                  欢迎留言😁_
261,0,11140320,742,4284,470,57,67,2376,1,刀在石上磨，人在世上练，人生的输赢不在起跑点，而在转折点……_
262,0,天眼通,3602,380,88,0,0,0,0,_
263,0,用户7623731594447,118,2834,402,8,8,2811,0,_
264,0,Crash,0,515,97,0,0,2435,0,_
265,0,国仔,39,117,70,8,8,198,1,国仔_
266,0,钟汉平,369,435,237,20,20,0,1,2019好运连连_
267,0,一世够运😍🥰😘,2246,1156,609,57,61,2188,1,人就要好好的活着_
268,0,鸿方粮油有限公司,318,514,92,9,9,2339,1,榨好的花生！做最好的油！希望客户们吃的放心，质量保证，电话15986169030_
269,0,品牌女装直供,1950,3273,11146,56,56,2783,1,心＋动＋跟＋再跟，成事凡具_
270,0,双木军,0,37,6,0,0,0,0,_
271,0,啊龙,110,2092,324,5,5,1289,0,_
272,0,陈皮大姐姐,4,84,24,0,0,0,1,一个真正的新会妹子，陈皮养活了我们几代人，陈皮各种吃，泡，煲法，问我，问我，问我_
273,0,用户9521792387325前进哥,511,576,80,66,66,1763,0,_
274,0,添蓉賢,93,2172,104,5,5,2940,1,世上无难事，只要敢攀登！_
275,0,红酒人生,920,991,1466,0,0,0,0,_
276,0,阿房公（复活时刻）,46,223,76,3,5,3512,0,_
277,0,浮光浅笑,146,666,98,12,20,966,1,2020年，爱自己爱自己！加油！_
278,0,燕儿@,58,615,229,1,1,129,0,_
279,0,huang,6389,2762,4782,10,10,19,0,_
280,0,強記,6,206,37,1,1,1583,0,_
281,0,潮起潮落,31,192,36,7,7,1513,0,_
282,0,橘子姐姐,128,212,90,8,8,448,0,_
283,0,xiwen,0,975,1047,0,0,54920,1,星海音乐学院逃课生_
284,0,良,143,26,45,11,11,0,1,21岁_
285,0,您好，余生请多多指教。,213,447,104,23,25,2313,1,只争朝夕干实事，不负韶华跟党走。_
286,0,双鱼座🐟🐟,98,4831,376,3,3,22003,0,_
287,0,私房美食,164,157,28,47,47,128,1,有传统，无正宗。烹无定法，菜无定味，适者味珍(岩口味就系好菜)_
288,0,世上只有妈妈好,7,229,14,5,5,170,1,世上只有妈妈好_
289,0,hhh,0,9,4,0,0,42,0,_
290,0,一姐🐳（皮皮家族）,14787,494,4988,40,40,187,1,❤️新手主播，谢谢你这么好看都关注我！🧍‍♀️身高1米67，体重46KG！👀晚上10:00直播！（不一定准时）_
291,0,心中有佛.怕距录七,0,316,89,0,0,0,0,_
292,0,情缘,57,622,61,16,16,125,0,_
293,0,陶洋春哥,0,158,6,0,0,4,0,_
294,0,知足常乐小厨娘,460,989,856,62,66,0,1,你笑得有多灿烂 内心就有多欢乐_
295,0,法语那些事,410,76,160,22,22,0,1,广州女孩在巴黎分享留学文化生活～_
296,0,宝江石材有限公司,106,765,156,20,20,297,0,_
297,0,独立、自由,3,11,28,2,2,38,1,不阅世间百态怎懂沧桑世故_
298,0,老徐鸭.,787,27,141,2,2,0,1,每晚10点直播哟._
299,0,八月,25,23,12,6,8,75,1,有些东西不过是在怄气吃瓜观众更是太在意了_
300,0,L小牛儿,17032,89,9028,126,126,0,1,关注我你会变可爱哦～_
301,0,🐟🐟,916,1529,131,118,120,2995,1,人心，最是难懂，也最复杂_
302,0,猫一只,240,27,1944,10,11,0,1,关注我，私信送抖音课程_
303,0,gollum,0,218,16,0,0,1594,0,_
304,0,自由人,89,140,49,8,8,1045,1,好尴尬哦_
305,0,今日食乜野送,0,141,43,0,0,0,0,_
306,0,（李）,790,90,162,9,9,0,1,记录生活_
307,0,李万鸡,0,5,46,0,0,160,0,_
308,0,pg,1,14,4,1,1,8,0,_
309,0,Mr陈,278,267,62,31,31,4009,0,_
310,0,几两仁义道德,0,3,2,0,0,13,0,_
311,0,燕,117,67,24,41,41,161,1,你希望别人怎样待你，你也要怎样待别人_
312,0,迷毀少年,305,97,88,30,30,0,1,天才与疯子只差一步，当不了天才就当疯子。_
313,0,Abbie,0,218,5,0,0,0,0,_
314,0,范范,165,198,47,39,40,1115,0,_
315,0,雷哥（真）,690,1286,3472,10,11,1611,1,不苦不累，生活无味，不拼不搏，人生白活！_
316,0,想好告诉你,1512,286,104,7,7,6245,0,_
317,0,Xnuan,946,123,142,31,31,7207,1,一只🐷_
318,0,sasa,8,474,12,0,0,0,0,_
319,0,没必要,0,3553,90,0,0,0,0,_
320,0,小伙子不错,50,124,23,10,10,0,1,英文名特雷西 沾唔湿_
321,0,HO,26,34,20,2,2,2188,1,人间不值得_
322,0,健康加美丽生态圈。💅👍,570,897,209,177,179,811,1,女神我可以。_
323,0,有一点点,32,818,189,1,1,1439,0,_
324,0,柏豪脑残粉Ph,308,69,101,25,25,0,1,晚上10:00左右开播.🌞🉑️合作私聊💼（注明来意）🌞@＋关注👆👆👆👆👆👆👆_
325,0,马有才🔥小幸运,0,2116,27,0,0,0,0,_
326,0,马xixi,30,89,28,3,3,357,1,成长的心灵，它未，也不求，只是自然。_
327,0,👀Andrew,74,41,14,17,17,108,1,睡着是天使，醒來是小恶魔👿_
328,0,竹子,0,4,2,0,0,0,0,_
329,0,小小xiao哒,0,246,12,0,0,755,0,_
330,0,熒楹,191,28,9,3,3,0,0,_
331,0,"""Jx""",4,602,49,1,1,4179,1,想做就做！_
332,0,PAN,36,62,16,6,6,93,0,_
333,0,千,27,539,5,0,0,0,0,_
334,0,Shiyan,14,20,3,0,0,0,0,_
335,0,俊哥哥,0,64,17,0,1,5,0,_
336,0,執著,49,359,55,21,23,692,1,广州百盛科技有限公司_
337,0,刚歌%飞舞,146,275,183,24,28,467,1,再苦再累，也要过好每一天。_
338,0,鸭头,0,595,89,0,0,748,1,在哪里：你_
339,0,何小二,2067,297,280,47,49,4970,1,纪录生活点点滴滴，随缘直播，记得点点关注哟♥️_
340,0,爱跳舞,268,87,57,12,12,0,1,喜欢的点关注，关注我！谢谢_
341,0,(^九九^),0,75,11,0,0,101,1,我承认我自卑，我真的很怕黑，每到夜晚来临的时候我总很狼狈_
342,0,Qui天,14,99,23,10,11,350,0,_
343,0,广西白马阿镇,4571,1881,1496,68,89,21046,1,白马鸿发家具、实木大板茶桌 、各种家具                       诚实做人 .诚信经营、自家工厂                                           感谢你们的支持.和关注_
344,0,用户107203467,23,417,33,3,3,3459,0,_
345,0,因,0,61,12,0,0,0,0,_
346,0,create,4,339,8,4,4,79,1,花花美妆店_
347,0,赵小姐,20,60,15,6,6,0,0,_
348,0,斗斗地主,0,684,28,0,0,340,0,_
349,0,天使诱惑,311,26,63,72,73,574,0,_
350,0,东海,62,155,38,27,27,996,0,_
351,0,迷茫的人,0,64,0,0,0,521,0,_
352,0,桥,0,77,1,0,0,301,0,_
353,0,輝Jason,275,4021,435,33,72,18310,0,_
354,0,放下过去，让心归零。,679,622,270,99,105,914,1,我是一个性格开朗的男孩子_
355,0,এ᭄粤R💯鋒仔,588,433,164,246,246,0,1,发上等愿，结中等缘，享下等福。感谢关注，爱，一起来更精彩。(我是一个美食爱好者)🙏🙏🙏_
356,0,虾虾,3797,3122,1422,267,267,0,1,努力中的女人最美   VX ：G-654-117288387113605075495_
357,0,用户543646,0,166,17,0,0,93,0,_
358,0,凉凉,242,436,76,31,103,239,0,_
359,0,-简先生,0,14,17,0,0,0,0,_
360,0,萌乐丹,1418,2141,487,71,73,13448,1,做一个善良、真诚、守信的人！祝福家人健康快乐平安！！_
361,0,暖房庆典经理👑+宁弟💗,27,2515,138,10,10,0,1,气氛策划，直播人气，各种庆典服务，微，erge150322    电15032280520_
362,0,独孤求败,153,3141,453,9,11,1049,1,从事多年服务性行业工作公司高管中层管理人员_
363,0,新人🌸妍妍,110,23,67,8,8,0,1,茫茫人海，有幸相遇🍃客家女孩～需要被保护💗_
364,0,HEPr你的益达,14,534,19,3,3,2989,0,_
365,0,黎厚杰,6,154,21,3,3,70,1,胜利香蕉苗基地.承接复绿工程13433428904_
366,0,五福～百老惠酒文化传播,318,1883,1082,11,11,104,1,1.酒文化传播交流   2.各种常见酒真假鉴定，3.酒类资产评估。4.酒行业常见疑难问题解答！_
367,0,🔥川二哥🔥,6,2383,107,1,1,217,1,【川军团】川二哥☎️151-8262-5152 欢迎咨询!                          🏠我们是装配式建筑和室内外装饰材料以及智能家居全屋整装一站式供应商！_
368,0,布衣,0,560,123,0,0,83,0,_
369,0,用户5603693366742,0,898,12,0,0,2836,0,_
370,0,上水,0,1190,67,0,0,0,0,_
371,0,785.3w 人,0,4714,21,0,0,24108,1,加油_
372,0,用户7866728679831,0,178,1,0,0,0,0,_
373,0,小男孩yzt,0,415,14,0,0,373,0,_
374,0,流浪,36,876,38,16,17,565,0,_
375,0,丐幫,48,1038,98,18,18,34283,0,_
376,0,我心中只有你756,2850,541,163,791,791,12655,0,_
377,0,准水,9,301,25,1,1,706,0,_
378,0,品味生活,108,1756,229,8,10,13324,1,只有努力就有运气…！_
379,0,浩家人,15,2260,59,1,6,1043,1,明镜里糊涂，何时才彻悟，三千繁华 弹指刹那，百年过后 不过一捧黄沙_
380,0,德兄,19,579,99,2,4,0,0,_
381,0,Man迪,0,52,4,0,0,2,0,_
382,0,滚！,19,45,0,0,0,0,0,_
383,0,💥冷漠,131,80,256,0,0,0,0,_
384,0,前生今生1,0,405,60,0,0,41,0,_
385,0,『露_ 哥』,417,77,232,4,4,931,1,谢锐韬♥︎_
386,0,🎀徐丹 /Ada,0,74,130,0,0,48,0,_
387,0,jack,0,68,2,0,0,0,0,_
388,0,吴小隐,0,654,11,0,0,2077,0,_
389,0,暗黑大米.m,12802778,159,1281530,58,58,0,1,网易☁️单曲：《黎明之后》录制ing直播：晚上十点🌞微博🧣：铭波七找我🛒衣服：jayden19831987（注明来意）商务👔：YouLiang_66（备注来意）_
390,0,用户615104928445,0,57,8,0,0,33,0,_
391,0,芊芊爸爸,0,371,87,0,0,7490,0,_
392,0,啊文,18,157,18,6,6,5923,0,_
393,0,🤔,7,140,55,1,1,402,0,_
394,0,小清,1981,989,1061,22,22,449,1,认真做人、认真做事，热爱生活，和正能量的人交朋友！_
395,0,三合园林,704,1864,493,0,0,0,0,_
396,0,用户8042095855264,0,67,23,0,0,13,0,_
397,0,菩提阁,29,200,8,60,60,1025,1,菩提阁文化工作室_
398,0,清迈张中军,17705,4787,19737,33,42,1297,1,杭州人在清迈_
399,0,101,727,179,121,57,58,0,1,三人行，必有我师_
400,0,咖啡哥,244,2183,162,76,76,3730,1,当咖啡遇到普洱茶，就像我恋上你一样，想好就好！_
401,0,克爷,60157,280,2513,68,68,0,1,当一束照进黑暗.那么这束光就有罪每天下午14点开播~等你呀！_
402,0,驭风者,25,1190,76,2,2,182,1,17875235273  vx_
403,0,可爱的胖嘟嘟,1176,1033,553,144,144,1564,1,把自己瘦下来，会有好多人爱你，找一个爱我的人，我爱的人，满眼都是我的男孩，你在哪里你什么时候来接我。_
404,0,Mazi,865,1096,313,100,100,2569,0,_
405,0,lnsist,2,45,5,0,1,981,1,只是一个路过_
406,0,华辉塑料袋批发,978,2329,695,47,47,15497,1,刘小金_
407,0,草原,0,22,15,0,0,589,0,_
408,0,崇拜你,0,87,16,0,0,103,0,_
409,0,長发飘飘§双双（🏊爱好者）,96,125,58,16,66,3078,1,一切静在不言中_
410,0,东山皮具,16,36,29,2,2,31,1,希望在前方👉_
411,0,用户7650000380841,0,288,16,0,0,477,0,_
412,0,人人乐,193,2330,528,40,40,740,1,一起走过的日子_
413,0,光猪,5,231,92,0,0,188,0,_
414,0,尘封過往,6,240,33,1,1,546,0,_
415,0,哥不帅♥但很实在♥,209,163,147,16,21,0,1,一个人也没什么大不了_
416,0,粤事名,1,397,39,2,3,3,0,_
417,0,可乐,0,131,36,0,0,0,0,_
418,0,用户9140656735011,0,864,10,0,0,11111,0,_
419,0,往日时光,67,618,279,19,19,0,1,谢谢你们的关注_
420,0,城市男人,940,4947,852,14,14,216,1,资深旅行者，不定期地同各地抖音的朋友们分享旅途乐趣，风景，美食，人文景观，名胜古迹。_
421,0,self Mr. chen,0,275,14,0,0,0,0,_
422,0,博骏农业（胡淼）（大少）,782,1222,555,44,47,122,1,葛色天香，扬我葛威！专业葛根种植，加工，购销。_
423,0,tim6666,41,255,49,4,6,21206,1,Tim_
424,0,苏公子,6145,660,794,9,44,0,1,人生总需要一些一意孤行_
425,0,丰收季节,4681,1900,1914,329,332,15656,1,家里电费又涨了！资深抄电表员教你这个技巧，下月电费省一半_
426,0,你最好的朋友！,50,38,16,8,8,186,1,记录生活，感受爱！_
427,0,璐璐比晶晶大方、端庄、温柔、姻静的女神,10,3302,261,1,1,3343,1,做自己就好_
428,0,@80后～韦老板,431,4990,1533,13,13,192,1,有兴趣一起拍搞笑.励志短视频的朋友（上海，苏州）私信我_
429,0,远方,91677,2714,2284,767,844,130754,1,广西钦州_
430,0,艺缘,1380,833,2128,8,52,0,0,_
431,0,阿啊锋,3,88,22,1,1,137,1,你还没有填写个人简介😄点击添加..._
432,0,言午@,80,446,154,3,3,5009,1,黑与白我选择灰_
433,0,缘非缘,35,59,15,8,8,298,0,_
434,0,岁月杀猪刀,4,267,17,1,1,365,0,_
435,0,用户33659971451,0,25,1,0,0,25,0,_
436,0,陌生人,0,1190,121,0,0,0,0,_
437,0,海之韵,0,98,0,0,0,0,0,_
438,0,hao,0,16,34,0,0,0,0,_
439,0,整爽,29,23,22,5,5,299,1,哪散落的语言，戏弄了我的青春_
440,0,农夫,135,160,48,0,0,0,0,_
441,0,B1nge、,25,197,35,4,4,395,0,_
442,0,痞子动了情,115,1740,677,4,4,95,1,终是红尘人，亦染红尘事_
443,0,用户1959589748816,0,45,1,0,0,70,0,_
444,0,旺龙名车，阿旺,210,1200,163,21,21,211,0,_
445,0,爱会有奇迹,3795,1003,254,43,44,15114,0,_
446,0,银河月饼,42081,208,2441,54,54,273,0,_
447,0,龙仔仔,2,290,21,1,1,1252,1,龙仔仔_
448,0,꧁༺龘尐༻꧂,854,186,274,29,29,0,1,你对我不离。我对你不弃_
449,0,二手压铸机,2056,1402,961,117,117,90,0,_
450,0,东盟忠哥,22,317,146,1,1,17,0,_
451,0,来看看,0,674,10,0,0,0,0,_
452,0,Bunny🌙森藍,27,2238,125,2,36,3408,1,人这辈子  永远要记得感恩三种人：1. 能跟你同甘共苦的人！2.在你跌倒，能扶你起来的人！3.在你一无所有，依然不离不弃的人！_
453,0,Mauricewu29,0,1187,32,0,0,151,0,_
454,0,Soledad1551,100,758,41,10,13,41766,1,一个沙雕的广州铁迷……_
455,0,用户6642112597043,0,84,3,0,0,1123,0,_
456,0,琪～琪,170,2263,369,2,2,283,0,_
457,0,谭喜,0,1521,176,0,0,503,0,_
458,0,慌,0,220,2,1,1,730,0,_
459,0,玉小胖,21,51,33,7,7,62,0,_
460,0,成都阿强🔥尊师利哥,1252907,223,182981,45,45,0,1,尊师：利哥🔥演技派来自：四川感恩遇见.承蒙厚爱谢谢大家的关注❤️❤️_
461,0,柒爷,0,16,343,0,0,2,1,"Hope for the best,Plan for the worst._"
462,0,/你老公没我帅🙈🙈🙈,1752,782,192,0,0,0,0,_
463,0,yoyo🍓(6.1满月庆),2351,140,533,7,7,10,1,只想被独宠💗_
464,0,婉子啊哈,6,333,48,2,2,730,1,有爱有生活有干货🤍你身边的私人干货搬运工💛_
465,0,广州的明少,0,76,122,0,0,0,1,无聊先刷抖音_
466,0,一梦知音,0,129,4,0,1,553,0,_
467,0,戴冬来,0,753,47,0,0,16,0,_
468,0,小五星,0,161,3,0,0,10,0,_
469,0,teddy姚生,2,765,56,0,0,0,0,_
470,0,追溯2099,30,103,57,7,13,135,0,_
471,0,无情,19,241,51,4,7,500,1,有钱放屁都有道理，没钱再有道理都是放屁!_
472,0,LYS,27,311,15,1,3,0,1,，_
473,0,用户8775215219765,0,21,6,0,0,19,0,_
474,0,a博,0,578,21,0,0,27,0,_
475,0,Vivi1818,0,5,0,0,0,3,0,_
476,0,贵圈有料,13287296,490,409590,368,411,0,1,诸恶莫作，众善奉行，自净其意—《贵圈有料》无限娱乐房—【抖音直播—优质才艺主播推荐房】【如何能成为一名合格的主播、刷客、运营、公会长，又如何做好电商，一切尽在“贵圈有料”】【主业影视娱乐产业；副业公会长+主播培训师】（主播朝暮v：yw231717）_
477,0,一颗大豆芽吖,1832,87,2682,9,14,103,1,作者一颗大豆芽，代表作品《陪我一程 念你一生》_
478,0,精品生活,331,226,1084,32,32,120,1,每天用心分享精品好物，让我们的生活更加丰富多彩_
479,0,Sarah Lam,823,250,120,118,122,0,1,天道酬勤_
480,0,昵称已重置,0,102,4,0,0,152,0,_
481,0,池小姐,0,15,2,0,0,91,1,唱歌制作之前的号已注销_
482,0,平安喜乐,0,313,12,0,0,0,0,_
483,0,猫爷KIhan,22925870,239,1419374,249,253,2586,1,围脖 猫爷本爷    KIhan的秘密衣柜 maoyebb011204瘦 lin2000318 每晚9:00直播_
484,0,A miroz,0,62,7,0,0,176,0,_
485,0,夜蒲,138,462,105,25,27,3142,0,_
486,0,一苇可航,8,405,23,5,5,0,0,_
487,0,家居～整装哥,160,930,300,104,104,126,0,_
488,0,用户601339831068,61,259,37,16,16,213,0,_
489,0,陈鹏,690,203,127,91,92,384,0,_
490,0,孫立鑫,0,78,9,0,0,128,0,_
491,0,用户90708714,4848,1762,615,382,382,5791,0,_
492,0,长白情,0,1467,101,0,0,4701,0,_
493,0,✨╰此情可待🌟,2,26,18,0,4,12,0,_
494,0,寡言：,2,52,0,3,3,194,1,跟着风走、把孤独当自由_
495,0,小李(云南山歌),1839,787,279,201,202,3561,0,_
496,0,二平服装修色&东台,259,2364,404,10,10,592,1,努力＋人品＝成功_
497,0,用户2320412245911,39,87,12,6,6,261,0,_
498,0,北极狼,4,731,79,0,2,4681,1,熬过去你就是齐天大圣！ 加油💪_
499,0,我是谁  我在哪,277,2164,474,10,10,9772,1,天行健 君子以自强不息  地势坤 君子以厚德载物      疾风劲草_
500,0,为梦追逐&布衣天子,1096,2424,366,204,286,5190,1,前世的五百次回眸，换来今生的一次相遇。_
501,0,松门～细佬,25,3944,0,0,0,0,0,_
502,0,浪,0,368,44,0,0,1387,1,大浪_
503,0,中国金,101,1115,461,7,7,119,0,_
504,0,招财猫🐱🐱🐱,604,314,1331,7,8,0,1,关注点到位，音浪无所谓。_
505,0,用户599707312363,41,245,26,21,22,306,1,简单的_
506,0,接财神,849,412,135,66,66,506,1,鸿雁高飞_
507,0,昌仔,359,893,154,96,98,6268,1,迟早笑死在抖音里😂_
508,0,（皇上）,609,1281,278,42,42,0,0,_
509,0,廖廖の,14,118,30,1,1,120,0,_
510,0,龙桦美食,164,161,32,45,49,613,0,_
511,0,春晚粉丝331,26,272,36,5,6,1148,0,_
512,0,小渣男,51,203,63,8,8,239,1,忧乐美时尚_
513,0,mj大强,11,224,14,4,4,374,0,_
514,0,42寸，52寸隐形风扇灯,41,32,18,7,7,96,1,心若向阳，必生温暖；心若哀凄，必生悲凉！_
515,0,@岁月如歌,58,210,82,5,5,492,0,_
516,0,新仔,0,260,118,0,0,1125,0,_
517,0,用户5262869765871,0,49,1,0,0,50,0,_
518,0,CC.,0,443,4,0,0,2947,0,_
519,0,遇见你是我一生的幸运,0,59,44,0,0,0,0,_
520,0,三七二十一,0,90,54,0,0,1,1,骑呢搞笑真性情吹水_
521,0,楽,6,131,26,1,1,817,0,_
522,0,LiLi,2,444,42,0,0,0,0,_
523,0,小風波,100,2548,44,16,27,10981,0,_
524,0,用户3567173673875,0,68,5,0,0,75,0,_
525,0,Polizei,12848,89,658,0,0,0,0,_
526,0,在路上。,0,138,50,0,0,331,0,_
527,0,阿黎不服输,442,5000,1199,13,15,1596,1,静中见真境淡中識本然_
528,0,河南小七,3473,241,967,67,67,0,1,悦城小七发誓:每天发视频，欢迎有缘人评论区点赞，月薪能过万留言有惊喜，拆迁户有你茫茫抖音路，关注会暴富直播时间晚上7-24点，期待遇见你。_
529,0,监督官查房村长,5,139,44,0,0,0,0,_
530,0,陳生,0,37,69,0,0,0,1,此生不渝红尘土飞扬_
531,0,何伟解忧,26,545,23,11,11,188,1,互相关助，微信：he13906044837，正大食品，带你东山吃海鲜_
532,0,兰,14,56,17,3,3,95,0,_
533,0,Ay小麦,0,145,20,1,1,1785,0,_
534,0,冰上女孩邓丽君,491,1324,103,177,222,14431,1,我爱我的的祖国我的母亲每天不定时直播我发的都是我的日常音乐舞蹈游戏唱歌。_
535,0,小蜜蜂@健健,0,1852,41,0,0,0,0,_
536,0,迷茫的高羊,0,54,6,0,0,9,0,_
537,0,邓,0,2494,250,0,0,418,0,_
538,0,造林哥,564,3559,1143,11,12,2682,1,每个人都要活出自我，活出自由，活的精彩做一个善良真诚的人很重要！做一个堂堂正正的中国人！💪💪🙏🙏🙏_
539,0,@仔,20,261,11,3,3,961,0,_
540,0,婷婷妞妞,0,1995,867,0,0,23,0,_
541,0,Angel.xue,45,149,53,6,6,573,0,_
542,0,Queenieh,8450,308,331,110,111,380,0,_
543,0,梦醒的夏天65,91,40,42,0,0,0,0,_
544,0,上海老歌,909,3655,1003,25,27,471,1,喜欢上海老歌（时代曲）.经典老歌.☕️_
545,0,抖动了你♥#50798#,7350,2159,1039,616,618,9984,1,演戏疯，看戏的傻！_
546,0,清韵茶业🍵上角大乌叶之乡,679,1218,552,76,77,1364,1,手机微信同步15917180148_
547,0,02计维ℓ晓ꫛꫀꪝ✧‧˚,135,1387,84,51,54,714,1,如果你願意為我邁出第一步，那麼剩下的九十九步我來走；@曉曉_
548,0,醉靓的仔,21,499,79,2,2,189,0,_
549,0,用户4887880590579,0,444,6,0,3,1574,0,_
550,0,Boy,12,441,45,1,1,1065,0,_
551,0,用户1172895486617,0,103,5,0,0,25,0,_
552,0,哈尔滨,192,770,52,81,81,152,0,_
553,0,小希,3167,1237,497,61,61,10648,1,我叫小希独自打拼五年南漂90后小姐姐每晚10点左右直播聊天传递正能量_
554,0,小幸运 💫,0,38,0,0,0,0,0,_
555,0,卢小胖,48,3710,54,10,10,22597,1,主推西格玛，法鸡和卢西奥的佛系守望玩家不打竞技！！！这个会发守望精彩瞬间和直播回顾！_
556,0,农民佰佰,450,146,240,12,12,0,1,聊聊天_
557,0,新会阿添,66,57,29,15,15,13,0,_
558,0,HwJ13528926744,45,580,121,27,27,538,1,本人销售门窗配件，有需要的联系我！微信同步13528926744_
559,0,蝈哥,192,4296,1236,10,10,21,1,My sisters and brothers will always be my dearest god_
560,0,小霸王.,2990,4858,2732,11,12,2740,0,_
561,0,弹指间的年华54524,16,395,32,9,9,525,1,微  q2275180286_
562,0,雄信照明,1906,3793,761,174,177,1726,1,黄亚明_
563,0,内蒙古宏蒙商贸有限公司,217,4994,1298,13,13,14,1,朋友们麻烦关注一下就差200个了谢谢_
564,0,不忘初心。,1,417,24,2,2,1377,0,_
565,0,申俊,938,2391,856,54,54,0,1,幸福！快乐！_
566,0,嘉嘉,627,848,101,84,85,1511,1,得不到的爱_
567,0,用户6350843192464,0,482,2,0,0,0,0,_
568,0,∴小猪：愉愉,252,36,124,8,17,309,1,可爱。。。_
569,0,莹莹「宠粉狂魔」😘,869,756,1249,11,11,105,1,🥰本人是名资深化妆师🥳🥰刚进驻抖音的小白🧐🥰6🈷️1日开直播 欢迎支持👏🏼🥰以后和大家分享化妆教程🤓🥰感谢抖音平台   承蒙厚爱💋_
570,0,洋洋,5,271,33,0,16,450,0,_
571,0,Joko Gor,20,49,18,2,2,96,1,想要什么，追求什么_
572,0,dyr6jwha9vh5,0,0,0,0,0,0,0,_
573,0,西西萌,1446,1712,777,68,69,679,1,人生如戏 全靠演技_
574,0,达克斯,7170,3769,3560,129,131,13874,1,全民健身强身强国_
575,0,辉哥哥5354,3,380,19,0,14,91,0,_
576,0,G小飞先生,206,357,146,55,55,4345,1,唯一不用努力就得到的是岁月_
577,0,粉仔向,1333,1189,472,137,139,8698,0,_
578,0,…‥,0,93,2,0,0,0,0,_
579,0,瑶宝,610,162,120,0,0,0,0,_
580,0,微微辣椒,0,1206,35,0,0,0,0,_
581,0,莺哥锋,420,122,137,0,0,0,0,_
582,0,飞鱼看世界,109,73,28,14,14,55,1,爱拼才会赢，生活才精彩。双盈热线：15207588899_
583,0,比目鱼,3,71,14,6,6,323,0,_
584,0,美丽的神话.,0,120,29,0,0,0,0,_
585,0,牧场皇,0,926,5,0,0,0,0,_
586,0,，,0,173,21,0,0,8270,0,_
587,0,红牛哥,222,353,71,31,32,1025,0,_
588,0,社会大学生,432,222,170,43,43,3136,1,厨师_
589,0,江记冷冻食品批发 郑启明,236,365,51,82,83,1847,1,都说人善被人欺  我还是坚持喜欢这感觉_
590,0,刘洋,0,294,14,0,0,143,0,_
591,0,徐仔海产,120,3598,706,14,14,2537,1,开心每一天_
592,0,用户2037289647158,0,166,37,0,0,360,0,_
593,0,瀟洒辵１恛つ,1,72,3,2,2,701,0,_
594,0,曾先生,155,204,61,26,26,102,1,做一名会发光发亮的人…_
595,0,冬天不冷,0,125,8,0,0,75,1,在等一个人_
596,0,高佬2828,1613,2885,654,105,1481,21633,1,高而不老，因高而佬_
597,0,小荷开花hg,0,231,11,0,0,624,0,_
598,0,用户115776003720,0,479,9,0,0,930,0,_
599,0,七月十四 The lucky ones,0,136,31,0,0,0,0,_
600,0,30岁小姐姐,0,443,92,0,1,264,1,30岁小姐姐单身_
601,0,耗宝贝直播带货,4416,2808,3348,8,8,8866,1,一线城市十年市场营销经验，帮助个人变现、企业带货_
602,0,Mr·Liu,5068,3258,782,175,176,0,1,莫将容易得 便当等闲看_
603,0,彩艺,32316,223,6654,155,155,0,1,详情   hsj327392777  了解更多。_
604,0,悦(哥),46531,360,502,3873,3873,143484,1,"生而为人,悦而不凡,我们不一样，但又一样你敢接近吗？_"
605,0,Dahan,16,196,35,4,5,393,0,_
606,0,用户9112759374241,0,148,16,0,0,237,0,_
607,0,呖咕呖咕呖咕呖咕,49,374,82,0,0,0,0,_
608,0,czw 2184,7,10,11,2,2,3,0,_
609,0,十一哥,8,795,4,0,17,3267,0,_
610,0,用户9794032407309,0,697,17,0,0,1,0,_
611,0,A、健仔,7,111,22,0,0,0,0,_
612,0,一切随风,21,309,22,4,4,53,0,_
613,0,闻峰丧胆,883,253,271,15,16,1820,1,深不过真情，凉不过人心！_
614,0,如如,138,285,23,145,145,181,0,_
615,0,客家渔庄,3202,29,572,70,71,3724,1,帅气，_
616,0,戏人生,259,349,89,53,56,1049,1,我就是我，不一样的烟火_
617,0,勇敢#,21,376,13,6,6,1286,0,_
618,0,简单如我,146,632,104,0,0,0,0,_
619,0,Ben少,0,1010,30,0,0,21,0,_
620,0,用户9232822688104,0,134,5,0,0,35,0,_
621,0,情与义,12,39,56,1,1,90,0,_
622,0,杉美礼服@三公主,289,778,194,75,85,1449,1,杉美礼服馆，奢侈品养护谢谢您关注！生活从来没有完美二字适合自己的才是最好！_
623,0,帅熄火°,0,5,11,0,0,167,0,_
624,0,龙儿,189,404,37,104,105,940,0,_
625,0,肥桃私房菜,258,811,159,6,9,24152,0,_
626,0,用户5297013165473,0,62,7,0,0,1007,0,_
627,0,小陈哥,459,938,184,30,31,580,1,往后余生_
628,0,↗✘卫少↙,30,234,59,6,6,539,1,相遇是一种缘分💞💝💖给你最好的陪伴就是在往后余生我愿你牽著你的手🤝走遍世界的每个角落🌏不见不散💕💞💗💓_
629,0,永相随,41,443,90,9,9,6505,0,_
630,0,骑着白马创江湖🐴,0,57,2,0,0,108,0,_
631,0,阿美巴巴,0,76,7,0,0,0,0,_
632,0,白骨精,660,201,86,30,30,1643,1,不问别人为我做了什么，只问自己为别人做了什么！有生之年，愿做个善良之人！_
633,0,江门市新会区新益堂陈皮茶业有限公司,415,1753,609,20,20,93,1,专业生产新会小青柑、新会陈皮13555651915_
634,0,游厨觅食    chef,0,119,0,0,0,0,0,_
635,0,挚爱,29,3299,166,0,0,0,0,_
636,0,三少883,5,295,12,8,8,176,0,_
637,0,帅帅,55,61,65,4,4,405,1,我住习惯了酒店，你却想给我一个家！！！！！！！_
638,0,暖通abcde,12,4050,72,1,1,574,0,_
639,0,清汤.小Ｐ（迷）,0,156,4,0,0,0,0,_
640,0,高速狼战队,1431,4954,1527,16,16,1205,1,幸福人_
641,0,2099536995,802,2213,1458,43,43,574,1,名都家居2楼_
642,0,黄伯意,14,42,13,2,2,130,0,_
643,0,用户2183865559039,0,2875,320,0,0,314,0,_
644,0,天气通,49,2264,204,3,3,3723,0,_
645,0,冯沙雕♣♣,213,3052,256,73,74,582,0,_
646,0,国庆,0,326,57,0,0,871,0,_
647,0,开心就笑m@laik,1045,287,246,151,154,5029,1,喜欢就干，不要犹豫_
648,0,用户9933700408420,1245,1756,964,26,26,2779,1,生活生活就是生下来，活下去，就是不好活_
649,0,黄文健,5,74,107,0,0,0,0,_
650,0,❤️,35,809,44,5,5,18815,1,足球⚽️_
651,0,Ar ng,0,555,8,0,0,4454,0,_
652,0,管家剪辑,10,3,11,4,4,5,1,不定时更新各种电影谢谢关注➕点赞_
653,0,1笑而过,571,63,84,15,15,0,0,_
654,0,❤️Jennybaby！,108313,438,35468,145,147,1601,1,直播时间：晚上12:00~6:00 粉丝6级➕v！新主播求守护！喜欢就关注➕团吧！我就一个大号，其他冒充我的都是骗子！请大家不要信！_
655,0,芳村孙兴慜.,30,462,32,7,9,4445,1,爱猫人士._
656,0,💎＿＿＿＿＿＿＿＿🆔大喊包®,0,176,3,0,0,0,0,_
657,0,会飞的小狗,0,179,2,0,0,537,0,_
658,0,餐饮人阿杞,291,370,162,15,17,460,1,深飘的广州人，爱生活！爱美食！_
659,0,温柔吖～,15418,885,6569,122,122,360,1,身高165，体重98斤，白天随缘直播，晚上8点半到10点半，11点半到3点开播_
660,0,用户,45,695,58,10,10,233,0,_
661,0,XD,22,20,9,6,7,0,0,_
662,0,厦门薇薇～唱歌💗【6月22号生日庆】,2411,447,1750,8,10,1320,1,闽南话说的不好，会唱闽南歌！✨✨✨下午15:30，晚上12:00～05:30，粉丝团点歌！愿所有的美好都奔你而来💗_
663,0,荣荣@,36,218,51,6,6,21,1,85后，自由职业，学习抖音，媒体互联网_
664,0,虎仔,43,207,28,17,17,113,1,持之以恒_
665,0,劲抽,8,53,13,1,1,609,0,_
666,0,KMB,0,1051,8,0,0,638,0,_
667,0,用户7842387617504,0,2972,80,0,0,10975,0,_
668,0,农村仔,0,36,13,0,0,2473,0,_
669,0,大黄,82,153,54,23,23,69,1,我不是你的菜_
670,0,伟兴皮具成品油边厂,86,113,68,6,6,1067,0,_
671,0,挥一挥,0,465,17,0,0,262,0,_
672,0,理哥,4,65,9,1,1,32,0,_
673,0,啊俊！,50044,311,628,24,24,0,1,43 夕阳平常事！_
674,0,糊糊,52,1295,170,1,5,415,0,_
675,0,真系好热,4,233,8,2,2,2277,0,_
676,0,JR-s,1295,423,1169,7,7,4281,1,谢谢你的关注鸭 🥰_
677,0,Throb,0,588,14,0,0,3062,1,我喜欢看美女_
678,0,陈小牛😁,1,576,87,1,1,1192,0,_
679,0,,0,652,36,0,0,575,0,_
680,0,弘仔9,0,300,18,0,0,1316,0,_
681,0,粤芝源茶业,97,337,110,9,9,0,1,粤芝源连锁茶坊！我们只做好品质的健康茶！_
682,0,用户5955238044679,0,10,0,0,0,17,0,_
683,0,Paco,46,261,57,11,11,0,1,集满世间温柔去见你_
684,0,ljx,12,12,17,2,2,11,0,_
685,0,l88888888888888,13,308,107,1,1,65,0,_
686,0,豹子哥,0,62,3,0,0,0,0,_
687,0,請開始你的表演,0,274,44,0,3,73,0,_
688,0,day,0,347,62,0,0,1265,1,._
689,0,♡．·愚妄,23,186,63,2,2,15421,1,鬼知道_
690,0,Zhfhbfz,0,864,35,0,0,387,0,_
691,0,腹黑的老🐔毛,20,393,92,3,3,10996,1,星星还是那么亮 月亮还是在天上_
692,0,ZzMizZ,0,5,0,0,0,1,0,_
693,0,张哥,65379,3622,3439,205,548,49093,1,我是云南山咔咔的。诚信交友，感谢抖音平台让大家在一起相互开心。认识各位朋友非常高兴。晚七点半相见_
694,0,吖琳,0,365,10,0,0,0,1,希望是火🔥失望是烟生活无非就是一边点火，一边冒烟共勉❤_
695,0,聰…,55,1121,89,13,14,18089,1,vx13246011525_
696,0,ღ Deven ɞ,1,96,19,1,1,11071,1,感动不了你，放过我自己_
697,0,🔻myself.,0,153,32,0,0,181,0,_
698,0,👑阿珊珊,180,100,37,8,8,1813,0,_
699,0,诺哥,5,200,16,1,4,540,0,_
700,0,重新输入用户不存在,0,507,191,0,0,58,0,_
701,0,细细呐🍋,2950,139,166,0,0,0,0,_
702,0,Tovelo,0,613,34,0,0,0,0,_
703,0,🦋蝴蝶🦋,271,1217,91,33,45,320,1,生活不简单，尽量简单过_
704,0,独立,11902,984,754,415,431,11947,0,_
705,0,戒了吧,0,602,172,0,0,51,1,有什么天长地久，不过是一时冲动！_
706,0,@冯biubiu,16,334,69,2,2,0,1,好不容易刷到我  嘻嘻_
707,0,璨小弟,0,467,205,0,0,16,0,_
708,0,oヤ炫 淚,0,41,11,0,0,533,0,_
709,0,冒充农民头,0,7,12,0,0,10,1,大城市的农村人，业余养蜂爱好者_
710,0,小鱼儿,261,211,86,17,17,12176,1,有时候总是喜欢把心里事埋在心里，不是不想说只是说了谁能理解！_
711,0,龙哥,23,883,79,5,5,0,1,谢谢你关注_
712,0,朱珠,0,573,5,0,0,0,0,_
713,0,用户41968547,0,73,21,0,0,1,0,_
714,0,用户6235964253147,0,513,2,0,0,0,0,_
715,0,用户5232341704348,0,295,0,0,0,0,0,_
716,0,用户52463215783633,0,228,0,0,0,0,0,_
717,0,用户94830806,0,1565,119,0,0,2,0,_
718,0,用户2申,104,1503,82,48,49,104,1,每天晚上都有蚊子吵醒了我，加上我有失眠症，你就别睡觉了_
719,0,泡泡老板,0,106,3,1,1,3017,0,_
720,0,🍋少加冰,51,2558,90,22,22,2691,0,_
721,0,夏至未至,61,404,130,32,34,1863,1,快乐大本营，想怎么的就怎么的！爱生活，简单生活，就好，平凡一生！_
722,0,南宁阿甘↘輕風天与地,0,4840,212,0,0,0,0,_
723,0,🌟步步高升,78,2267,259,17,17,439,0,_
724,0,杰克啊,140,238,67,0,0,0,0,_
725,0,阿竺,1440,261,335,0,0,0,0,_
726,0,烟！烟,1,711,25,0,0,141,0,_
727,0,小玮,4,461,1069,1,1,3927,1,VC：a1009103666_
728,0,sally,140,307,49,11,11,0,1,过好每一天_
729,0,陈冠希giao,0,395,78,0,0,0,0,_
730,0,50赫兹的鲸鱼,2,415,34,1,1,3516,0,_
731,0,小亭亭,1484,748,55,10,11,11943,1,谢谢你的关注✨_
732,0,威仔,30,81,46,0,0,0,0,_
733,0,仔仔哥哥,0,90,25,0,0,66,1,活在当下🤹♀️_
734,0,斌bin,57,214,22,5,5,355,1,让生活变得更简单些。_
735,0,胖阿姨0207,337,213,53,102,107,606,1,胖阿姨_
736,0,- 🥤,34,582,48,2,7,9304,1,感谢你的关注_
737,0,Turkey,0,160,19,0,0,494,0,_
738,0,阿P吃🍕,6136,290,175,1,1,5372,1,🈚️_
739,0,十,29,48,20,0,0,0,0,_
740,0,安妮/Annie,1742,844,334,63,175,5565,1,所有的垃圾都是放错了地方的资源❤️每天进步一点点❤️寻找各个高校人有影响力的你_
741,0,小海🐲王,0,19,8,0,0,0,0,_
742,0,麦芽糖糖糖,0,966,6,0,0,0,0,_
743,0,彤彤🌈（互/今明）,580,1710,1798,42,42,277,1,双胎姐妹花麻麻、记录着宝宝的点点滴滴！可加微信哟:15768523587🍒下午1.30--3.30🍒关注我做的小可爱粉丝叭🌟_
744,0,卫 东 Lee ,17716,743,232,41,42,0,0,_
745,0,Tuen,0,572,31,0,0,0,0,_
746,0,🐰wyman💋,462,404,121,24,24,5638,1,幸福就是一盅炖汤_
747,0,气氛组长,0,278,7,0,0,781,0,_
748,0,小婉妹,0,250,24,0,0,0,1,谢谢你的关注_
749,0,_小万同学,0,56,14,0,0,0,0,_
750,0,_,40,553,39,7,7,8868,0,_
751,0,呵呵,0,59,151,0,0,8665,1,有个人，从未聊过天，却一直关注。_
752,0,LJX,0,536,10,0,1,2681,0,_
753,0,Aiya,3,106,13,1,1,102,0,_
754,0,侯安晴Elisa❤❤,424,2975,1164,10,10,27243,1,记录巴拿马的生活👦👧 记录俺家俩宝贝的成长日记😘😘_
755,0,小韩发财,0,1403,51,0,0,0,0,_
756,0, Jacz ,27,294,6,15,16,291,0,_
757,0,全村最浪,61,53,48,15,16,120,0,_
758,0,ETHAN,15,203,35,2,2,2466,1,xw879624017_
759,0,用户8399831570696,0,62,1,0,0,160,0,_
760,0,小6子的小可爱💗(西米露),0,102,18,0,0,11,0,_
761,0,你癫我不跟你癫,44,182,187,7,8,0,1,男人动情智商等于零，女人动心钻石同黄金。_
762,0,Laiweizhi,123,339,28,0,0,5017,0,_
763,0,晴空,18,88,38,3,8,41,1,有个强大的内心_
764,0,🌚H,971,464,118,14,20,13536,0,_
765,0,珊234060102,498,787,299,43,44,534,1,我有我自由，理得你感受_
766,0,小小,0,257,11,0,0,0,0,_
767,0,杏鲍菇,0,70,1,0,0,16,0,_
768,0,😳帅气哥哥,0,9,7,0,0,3,1,18-year-old boy🤴ִ_
769,0,@（小松村长）张得戏💯四公子 小懒猪,1083,318,276,111,111,0,0,_
770,0,22C,41,103,40,5,5,143,1,❤_
771,0,柒,0,879,50,0,0,3462,0,_
772,0,Louis Yu,0,121,3,0,0,2,0,_
773,0,🐷OMG🐷,20,139,8,30,31,237,0,_
774,0,jocelyn,412,159,44,42,46,41,0,_
775,0,【强】,360,438,83,61,61,1642,0,_
776,0,用户2391091339502,0,85,0,0,0,0,0,_
777,0,天下黄河第一桥,3,24,3,11,11,6,0,_
778,0,用户3928363398111,0,57,6,0,0,40,0,_
779,0,天城。,0,801,32,0,0,0,0,_
780,0,咪都唔知道,20,92,16,9,9,511,1,广东省河源市_
781,0,@ ꧁꫞꯭越努力越幸运꫞꧂,1218,911,176,0,0,0,0,_
782,0,籽,173,106,76,18,18,726,0,_
783,0,力王✊✊,0,23,5,0,0,98,1,男，广东_
784,0,波少,328,309,85,71,71,2177,0,_
785,0,菜鸟,122,108,70,39,39,268,1,吃得苦中苦，方能开玛萨拉蒂_
786,0,1525970845,64,67,41,21,21,186,0,_
787,0,茂名市茂南区雅芝堂百货店,1286,1769,1694,171,171,1494,1,让你50岁还年轻！！！_
788,0,盈嘉,1080,2575,1208,31,35,5742,1,过去的不想再回忆……下一秒会更美好！！！！！！_
789,0,💎.💕,0,546,123,0,0,435,0,_
790,0,卢萍,957,1843,573,36,36,1795,0,_
791,0,随意飘摇,0,208,27,0,0,118,0,_
792,0,平民百姓,163,223,54,10,10,675,0,_
793,0,莫生,1,102,36,1,1,437,0,_
794,0,青春的回忆,1116,2597,472,137,137,15400,1,青春的回忆_
795,0,小余,0,181,52,0,0,55,0,_
796,0,老倪筋骨康复,44,108,47,4,4,60,1,相遇就是缘分！关注我，每天分享健康养生知识！_
797,0,锐志客,55794,593,1968,46,46,1256,0,_
798,0,新,0,44,4,0,0,675,0,_
799,0,🐲龍🐲少,173,505,115,28,28,8831,0,_
800,0,🥳国产%小暖男🥳,168,1225,85,9,9,4532,0,_
801,0,H938,248,237,62,32,32,1598,0,_
802,0,自由鸟,26,1102,57,1,1,5991,0,_
803,0,世和新能源,4295,2904,1775,296,296,987,1,冷、热水设备、太阳能、空气能、太空能、水暖卫浴、及一系列配件、楼盘二次恒压供水工程_
804,0,🍹,38,166,47,9,11,119,1,从不喜欢孤单一个，可惜偏偏孤独一个。_
805,0,我就是我,0,322,4,0,0,0,0,_
806,0,啵啵（红尘）,258,2770,395,28,29,1893,1,哪有小孩子天天哭，哪有努力天天输！加油！兄弟！._
807,0,随缘,28,94,41,5,6,2091,0,_
808,0,pearl😘,640,246,106,66,69,846,0,_
809,0,🌸ʚ Sissie ɞ,188,117,48,34,34,253,0,_
810,0,tans1986,18,1750,138,1,1,1986,0,_
811,0,Pq_Yao,385,394,212,18,18,249,0,_
812,0,-董,17,133,24,2,2,1159,1,新人主播  逗比活泼 满满的正能量 🐶每晚7:30等你💕_
813,0,我记得你是谁,28,144,13,6,6,741,0,_
814,0,嗯嗯棒棒,0,215,14,0,0,43,0,_
815,0,蟹堡王,4,35,15,0,0,0,0,_
816,0,WWWBB,0,78,0,0,0,153,1,Ba Ba Ba Na Na Na Na🤞🏽_
817,0,四阿哥,4,21,5,2,2,88,0,_
818,0,💀丶剑,421,1556,83,85,86,749,1,"在我没有你的时候,我过得是最轻松快乐的,尽管偶尔会觉得孤单了吧！但也是想你。_"
819,0,Aken,2,234,3,0,0,0,0,_
820,0,hoi chi,0,518,0,0,0,3779,0,_
821,0,石雅晴,57,439,18,27,27,717,0,_
822,0,什么,195,203,126,28,30,445,1,一笑泯恩仇_
823,0,承受不该受的罪,0,1026,16,0,0,1868,0,_
824,0,文哥,9,52,76,1,1,299,0,_
825,0,淘,0,5,1,0,0,1,0,_
826,0,用户4014165388926,0,261,22,0,0,1155,1,李_
827,0,樱花树下！,279,591,118,137,138,695,1,伤到此为止！_
828,0,谢有畅,116,489,262,10,10,0,0,_
829,0,斌哥哥,410,381,200,68,68,1722,1,人太多的感概_
830,0,叶小帅💫5-初18,2587,1569,468,252,252,18521,1,你羡慕我一身潇洒，无牵无挂，我羡慕你有家有她，_
831,0,V18589286321,1,81,4,0,5,53,0,_
832,0,港迪来特灯饰,318,69,2078,3,3,0,0,_
833,0,疏乎厘,0,98,34,0,0,0,1,著名电视剧《降魔的2.0》  观众_
834,0,孔令少,74,399,99,8,18,4324,1,注塑设计模具电子电器加工一条龙18902422602_
835,0,清风迎露,96,312,67,37,37,4595,1,时光不老，我们不散！_
836,0,铃铃,0,154,33,0,0,64,0,_
837,0,三九六爹,172,469,197,38,39,675,1,笑看人生_
838,0,伦  哥,0,85,18,0,0,18,0,_
839,0,人生如梦又如戏,518,5001,437,31,31,416,1,有缘无分空痴想……有分无缘梦一场……_
840,0,醒,2,40,12,2,2,9,0,_
841,0,洪仔,0,68,6,0,0,8,0,_
842,0,良,0,5,0,0,0,11,0,_
843,0,火线下的孤舟,13,161,5,0,0,0,0,_
844,0,阿均,3,55,6,0,0,17371,0,_
845,0,李芸茹,4346,321,5618,32,33,598,1,除了赚钱跟减肥，不再期待你出现在我的梦里[微笑]_
846,0,娃娃哈哈,0,41,1,0,0,300,0,_
847,0,胆固醇,0,474,35,0,0,0,0,_
848,0,zxx555,17,41,0,0,0,0,0,_
849,0,BettEr_Me_sasa_,0,32,8,0,0,2,0,_
850,0,傻丫头~💕❤,2499,1758,292,0,0,0,0,_
851,0,似曾相识二,351,69,79,55,55,131,0,_
852,0,Mr朱,221,255,77,14,20,187,0,_
853,0,东山再起,0,11,0,0,0,120,0,_
854,0,六姐,1,67,15,0,0,15370,0,_
855,0,Manho_,4,80,18,1,1,36,0,_
856,0,静,65,1699,54,14,31,1731,0,_
857,0,Lily3556793319598,240,82,60,19,19,574,0,_
858,0,好,44,114,15,13,14,611,0,_
859,0,大陆仔/阿文,53,862,133,3,6,23303,1,坚持就是胜利✌️_
860,0,user3390667751188,6,78,3,2,2,212,0,_
861,0,Z建名,492,416,366,0,0,0,0,_
862,0,蓬江区一恒茶叶行,4574,1188,558,18,18,0,1,专注于新会陈皮                                                                                 新会陈皮是个好产物好的东西就应该得到延续让更多人懂得新会陈皮的益处_
863,0,ZJH,158,144,1174,12,12,879,0,_
864,0,批发黑棕鹅乳猪光鸭乳鸽,833,4341,1585,51,52,144,1,幸运食品有限公司新鲜黑棕鹅  草鹅  光鸡 光鸭 乳鸽 乳猪等。微信:ruzhu1218(电话15918895281)_
865,0,用户9891537755357,0,17,8,0,0,42,0,_
866,0,🚲亦枫如画,100,110,35,20,21,219,1,不乱于心，不困于情；不畏将来，不念过往。。_
867,0,莫名其妙,72,41,42,11,11,298,1,明人不说暗话_
868,0,kovy,2914,160,212,88,88,1345,1,敢追寻 敢梦想！_
869,0,用户3747107220829,0,90,12,0,0,203,0,_
870,0,十八子哥,0,27,18,0,0,30,0,_
871,0,绿色生态农荘_电子商务,0,178,20,0,0,89,0,_
872,0,123,0,445,42,0,0,479,0,_
873,0,黎 建,859,329,198,41,42,1418,1,牛建_
874,0,嗯哈,287,252,317,2,3,0,1,有信仰你就不会孤独🏂_
875,0,꧁^🌜林🌛 ^꧂,300,387,97,39,40,1107,1,学不会_
876,0,中山南头强囝,13,88,16,3,3,318,0,_
877,0,用户4133505411892,0,24,0,0,0,78,0,_
878,0,用户452624,1062,217,135,142,143,605,0,_
879,0,小凡,52,6,28,8,8,39,1,往后余生，各自安好…_
880,0,权,13,23,16,2,2,35,0,_
881,0,橄榄树,7,66,25,3,3,142,1,数由心生。。。_
882,0,吖杰,14,191,29,5,5,891,1,vx zqy1099090485_
883,0,淘气二宝,403,1189,572,13,14,2543,1,大家多多关照。_
884,0,不忘初心,268,282,147,18,19,7086,0,_
885,0,樂琪,717,4537,620,34,34,8675,1,地表矿物质转移美容研究生_
886,0,黑化的蝴蝶,72,952,447,6,6,251,1,@盛*夏晚晴天*_
887,0,Sam林经理,0,321,37,0,0,1394,0,_
888,0,(特多龙，尼龙)邦迪，缝纫线纱～,1,1079,116,1,1,1326,1,锦纶丝6，66，POY   FDY   DTY   全系列～缝纫线纱(涤纶长丝，锦纶长丝)系列～(特多龙，尼龙)邦迪纱系列～绣花线纱，绗缝线纱，流苏(冰丝线)纱系列～高档品质！价格美丽！欢迎你的来电📲 财富热线，13925255749花先生_
889,0,华 仔  、,493,4886,344,61,64,8221,1,数码印花设备耗材高速数码打印机13760702556，_
890,0,Kks,0,103,5,0,0,158,0,_
891,0,哈喽@加油,264,764,358,9,12,1189,1,生活，就是求知。_
892,0,顾氏水产生态家禽农场,129,3368,348,0,0,0,0,_
893,0,A东弟,0,16,3,0,0,28,0,_
894,0,星星的 大力,738,309,121,48,50,3065,0,_
895,0,脆鲩王子,31,150,48,3,19,476,1,小舍小得，大舍大得，有舍有得，不舍不得！_
896,0,狗带...,0,62,6,0,0,188,0,_
897,0,黑妹,0,246,19,0,0,7578,0,_
898,0,二防,51,341,30,5,5,15954,1,路见不平 出手相助，一个充满正能量的人。_
899,0,十三手作,6780,780,452,381,382,6777,1,韬光养晦_
900,0,广州小玛哥…::？、,153,107,45,36,36,2201,1,越努力，越幸运_
901,0,表面人生,4550,235,176,197,200,243,1,十年一计_
902,0,123,0,1336,20,0,0,390,0,_
903,0,oneal,34,254,24,12,12,228,0,_
904,0,丫叉山,175,444,89,37,37,5130,1,人生哪有多如意，万事只求半称心！_
905,0,保,41,2745,76,5,5,375,0,_
906,0,罗胜,1,387,72,1,1,398,1,不忘初心！_
907,0,你识条铁,5,633,32,0,0,0,0,_
908,0,益力多🐹,4,615,9,4,4,493,0,_
909,0,用户335514523794,0,53,4,0,0,34,0,_
910,0,用户6477173399204奇哥,48,614,61,12,13,102,0,_
911,0,无名,0,937,15,0,0,0,0,_
912,0,子健,0,325,23,0,0,156,0,_
913,0,黄经理,588,1396,368,33,33,0,1,😀开心娱乐，一群爱唱歌的湛江小伙伴                                     😃越努力越幸运，湛江人在佛山奋斗                                                   😄直播每天不定时更新                                                   ❤️983825031_
914,0,轻风细语,8,388,179,0,2,1198,1,生活不易，人生很难，努力奋斗！_
915,0,♂sky l 弃暧♀,0,84,15,0,0,1412,0,_
916,0,莞鼎二手车行,24728,168,8697,112,112,438,0,_
917,0,🎃,0,315,7,0,0,5614,0,_
918,0,G32,0,10,1,0,0,0,0,_
919,0,我这一生,0,41,8,0,0,13,0,_
920,0,东哥🍉🍉,175,2476,362,49,49,239,0,_
921,0,鸿萱人力资源,4825,714,342,0,0,0,0,_
922,0,路人已走何必挽留,0,111,2,0,0,0,0,_
923,0,玮玮,142,4662,371,10,14,1758,0,_
924,0,小怪兽👾,4,65,8,0,0,0,0,_
925,0,使徒行者,0,176,13,0,0,138,0,_
926,0,荣姐,42,87,17,5,5,240,0,_
927,0,」,0,192,34,0,0,161,0,_
928,0,丙烯啊,618,317,65,7,7,503,0,_
929,0,用户2558530002835,0,90,0,0,0,8,0,_
930,0,CHEN,1667,234,653,70,71,0,0,_
931,0,小吴,0,862,44,0,0,6782,0,_
932,0,JOJ,9,221,65,1,5,0,1,jack_
933,0,Chloe,387,111,30,14,14,99,0,_
934,0,J.,5,203,14,1,2,68,0,_
935,0,-啊星哥哥,0,213,21,0,4,5436,1,不喜勿喷_
936,0,關、,0,133,10,0,0,86,0,_
937,0,F🐑,155,829,109,10,10,223,1,秋名山见_
938,0,小李,12,180,37,1,1,222,0,_
939,0,你要去哪,309,46,27,6,6,0,1,想知道去如何面对社会！_
940,0,琪姐姐🧍‍♀️,0,431,11,0,0,429,0,_
941,0,格格家⚡缘,191,271,119,37,37,857,1,别把自己看的很重要，没人会懂你的。_
942,0,栋哥哥,0,950,59,0,0,7241,0,_
943,0,阔爱,0,41,20,0,0,49,0,_
944,0,angel,4,706,9,2,2,0,1,我是你得不到的爸爸！！！！_
945,0,隔村老黄,25,1113,108,3,3,576,1,锐不可挡，任讲唔嬲_
946,0,小吉,2173,536,29,32,34,1499,0,_
947,0,梦幻,1168,3790,861,38,38,8772,0,_
948,0,阿牛哥哥,0,67,15,0,0,60,0,_
949,0,用户2693861011432,7,97,10,0,0,0,0,_
950,0,陶天宇,71,2847,195,10,11,46,0,_
951,0,GJF,0,64,6,0,0,1760,0,_
952,0,jave  lie,0,449,78,0,0,37121,1,阿福_
953,0,❄️ 张大凡💔,1506,4810,181,0,0,0,0,_
954,0,原创歌曲之和平与爱,533,4307,1966,68,79,162,1,专业原创歌曲（已注册著作版权）声明：发表的歌曲，属于本人的原创歌曲，已经向权威机构注册音乐著作版权专利，盗版违者必究，谢谢合作。_
955,0,方弟,56,223,15,22,22,5904,1,fjbdjkkkkjduvjvfe56928684865傻B_
956,0,禧哥,0,125,6,0,0,27,0,_
957,0,火,18,37,309,1,1,0,1,放平心态 偷偷厉害_
958,0,Kenny.,3,48,4,2,2,744,0,_
959,0,感谢,2,160,30,1,1,274,1,一个人也过得挺好的_
960,0,一边,0,139,288,0,0,26390,0,_
961,0,用户3889276036167,0,985,37,0,0,40,0,_
962,0,你好可爱呀,0,1204,21,0,0,536,1,何时能那么优秀☺️_
963,0,華,10,2717,29,2,2,21765,1,玳加q1134790238_
964,0,小娜娜🌹heyulan,0,36,0,0,0,0,0,_
965,0,勿乾～,83,879,7221,0,0,0,0,_
966,0,追剧青年-,4214,68,290,13,13,0,1,爱追剧的青年～简单的剪辑一些电影精彩片段～感谢抖音！感谢大家的关注～希望有更多的精彩电影片段给大家～不定期更新哦～～～_
967,0,Love myself💚,34,1293,55,1,1,0,1,vc+duola_Abi_
968,0,立,1380,200,209,8,9,382,1,...._
969,0,陈文涛,486,1894,152,103,121,7325,1,加油，_
970,0,乐享繁华,978,398,178,49,55,0,1,若不撇开终是苦，各自捺住即成名。撇捺人生……_
971,0,用户504995090790,0,4,4,0,0,2,0,_
972,0,钱多,11,281,69,1,1,84,1,越做越想做_
973,0,颜良江,5,10,4,0,0,0,0,_
974,0,敏霞姐,325,1100,116,26,27,1550,1,又来偷看我_
975,0,情缘,333,209,64,42,42,266,0,_
976,0,和平精英-阿杰g❤️,32,171,17,13,14,15058,0,_
977,0,广州乐哥,1487,2132,2131,14,14,2367,1,"83年优质单身男，身高185,有房有车，高收入，广州人。_"
978,0,🐽,52,219,16,10,10,362,0,_
979,0,小添Tin,1001,119,89,13,14,0,0,_
980,0,咬一口甜甜的鱼,0,91,2,0,0,74,0,_
981,0,团结一心    爱国认真,67,731,344,6,6,185,1,发上等愿    结中等缘    享下等福    择高处立    寻平处住    向宽处行_
982,0,唐新桥,0,27,14,0,0,2534,0,_
983,0,微微一笑很倾城,3,3253,74,0,0,58,0,_
984,0,笑傲江湖,1041,3977,1349,10,10,38285,1,YU_
985,0,檀萩栩墨,286,258,81,29,31,810,0,_
986,0,辉哥！【港粤眼镜时尚坊】,1221,5001,1254,86,89,640,1,佛山南海作家协会会员！2015年佛山市四星级义工2016年佛山市十大最美家乡人_
987,0,康健,0,696,87,0,0,0,0,_
988,0,MT西门庆,45,1975,138,4,4,1216,1,一个人没有付出哪来的成果_
989,0,用户6505758147263,0,973,40,0,0,3538,0,_
990,0,硬道理,14,431,11,3,7,7121,1,广东、阳江。男，48岁_
991,0,枫林听雨,221,3132,312,8,8,475,0,_
992,0,庄,0,327,56,0,0,1968,1,心善好运至_
993,0,开平永帝床垫~阿勇,722,773,177,58,62,387,0,_
994,0,厨房不锈钢排油烟！！！李工,95,46,29,18,20,116,1,人生的巅峰从现在开始_
995,0,司马,25,114,58,2,2,116,1,热爱美食、篮球、音乐和小酒_
996,0,小LU冼村人,0,1206,22,0,0,40,0,_
997,0,用户2890747469259熊大,27,78,59,3,3,175,1,36_
998,0,小周,908,377,1084,18,18,822,1,有事直接加微，1204291043_
999,0,陈永良,146,2340,73,39,39,4832,1,性格决定命运_
1000,0,独行,20,1176,163,1,1,0,0,_
1001,0,风眼,139,295,91,15,15,90,1,铭锐农业主营巴戟   肉桂   狗脊   八角_
1002,0,路路通,4,357,9,0,0,0,0,_
1003,0,六,0,52,0,0,1,66,0,_
1004,0,：,0,787,38,0,0,4399,0,_
1005,0,用户8570630286985,0,34,0,0,0,92,0,_
1006,0,自由自在,41948,1864,3467,652,652,2087,0,_
1007,0,无限,742,3953,566,39,40,18298,1,石坝_
1008,0,莫生$,48,62,12,13,13,181,1,你若安好便是晴。_
1009,0,Ken ( 太阳的门徒),3590,2760,1006,157,157,0,1,百因必有果  你的报应就是我_
1010,0,花山河畔,0,499,19,1,1,1989,0,_
1011,0,Yuca仔,12,3880,60,4,6,4441,0,_
1012,0,好物生活馆,3,163,6,0,5,190,1,先解决心情，在解决事情_
1013,0,工农兵,0,608,71,0,0,6105,0,_
1014,0,樱桃儿,12,129,15,23,23,109,1,借助抖音平台记录成长经历_
1015,0,美丽与精彩,495,565,245,20,20,1266,1,广州市时装真皮女鞋厂（高品质产品）_
1016,0,恩公,0,123,1,0,0,3,0,_
1017,0,用户4343281567632,64,2259,103,0,0,0,0,_
1018,0,彬仔,0,320,41,0,0,1456,0,_
1019,0,耶鲁，三公子,288,3852,843,1,1,3162,1,快乐_
1020,0,世界刚醒来的样子,131,4996,195,11,12,0,0,_
1021,0,哦！,12,911,58,1,1,17261,0,_
1022,0,肥哥,280,5000,443,15,16,14195,0,_
1023,0,🇨🇳HR公司🇨🇳,1599,466,386,33,34,2386,1,人力资源管理服务，劳务外包，企业管理咨询服务，劳务派遣，生产制造+销售:电子、塑胶、五金制品等电子产品。就业安置VX:13434075475_
1024,0,广州 协成贝业,646,3825,1109,38,38,2319,1,我就是我，不一样的我。_
1025,0,回来,0,21,3,0,0,923,1,加油奥利给_
1026,0,丰,0,3072,147,0,0,8773,0,_
1027,0,。。。。,10140,410,1618,91,95,0,1,注定孤独终老_
1028,0,拉电线揸福特,217,123,32,8,83,7582,1,及时行乐！主要是开心，舒服！_
1029,0,平凡的人,32,1107,105,3,3,521,1,平凡之路，平凡的人_
1030,0,快乐素爱,0,18,1,0,0,197,0,_
1031,0,O52,109,3722,101,44,44,437,0,_
1032,0,广西钦州谷导农业,1373,4133,768,223,223,1855,1,黄君诚_
1033,0,勇者,107,205,33,23,23,819,1,佛说，睡前原谅一切，醒来便重生_
1034,0,幺叔,61,79,18,13,13,1120,0,_
1035,0,文波,1226,2169,621,123,123,1470,0,_
1036,0,-_-#,0,854,17,0,0,13809,0,_
1037,0,肥沛,0,5000,1247,0,0,90,0,_
1038,0,上善若水,135,365,61,20,29,0,1,做一个寡言，心却有一片海的人！_
1039,0,🌴宏先生,810,2561,248,151,153,7206,1,纯属娱乐_
1040,0,林小雪,0,466,36,0,0,1216,0,_
1041,0,用户7262199547010,0,26,2,0,0,963,0,_
1042,0,😺三三😸,122,29,36,12,12,6849,0,_
1043,0,甘子龙(茂农农业芭田复合肥),0,301,48,0,0,3723,0,_
1044,0,七仔,22,509,46,2,2,3199,0,_
1045,0,一片情,0,27,2,0,0,259,0,_
1046,0,用户1252138379125,0,171,3,0,0,27,0,_
1047,0,钟丶小刚,5,908,18,6,6,4275,0,_
1048,0,jianpeng.mo,1,18,3,1,1,22,0,_
1049,0,惠东涂工匠艺术水漆,881,1716,347,121,124,991,1,开心果_
1050,0,喜羊羊,0,1855,20,0,0,3065,0,_
1051,0,用户4229569366961,0,85,1,0,0,170,0,_
1052,0,嗨老头,16,245,16,7,7,711,0,_
1053,0,四川亚鑫农牧科技有限公司,2354,2666,2462,13,13,13009,1,亚鑫禽业是一家集种养生产孵化销售一体现代化的企业，公司秉承着信誉第一，质量第一，为广大客户常年提供优质鸡苗品种有快大黑乌，麻乌，乌皮红冠土三＋，青脚麻鸡苗，质量保证，价格优惠，☎️13684418333_
1054,0,236626735,0,109,5,0,0,2439,0,_
1055,0,天意,14,465,21,1,1,375,0,_
1056,0,深圳长实科技,27,332,22,0,0,0,0,_
1057,0,半糖主义,1398,503,380,86,87,185,1,其实人们并不是怕失去只是怕失去之后没有代替品_
1058,0,赖良深,25,694,118,2,3,6600,0,_
1059,0,一心为家,299,308,57,8,8,730,1,心态决定一切_
1060,0,🚙💨红绿灯🚦🚕💭🚛,833,305,117,70,70,172,0,_
1061,0,我对着灯光想你就想你,2651,1181,220,13,13,22890,0,_
1062,0,越南胡志明（西贡）,8,46,0,0,0,0,0,_
1063,0,Jimmy,22597,231,796,11,16,0,0,_
1064,0,宁仔,13,117,23,2,2,15,0,_
1065,0,用户792064,135,1194,67,11,12,255,0,_
1066,0,随便吧,0,858,7,0,0,5505,0,_
1067,0,1517,0,845,42,0,0,0,0,_
1068,0,小廖,40,287,58,7,8,1352,1,浅望幸福，不写忧伤，不道惆怅，不问花开几许，只问浅笑安然。_
1069,0,黄洪波,485,3266,447,87,88,2838,1,中医三宝度有缘人_
1070,0,玖戈,721710,2540,64899,162,216,0,1,感谢一路走来有你们陪伴支持和鼓励！感谢家人们！九弟在此深深感谢🙏❤️❤️每晚八点准时开播！期待家人陪伴守护！_
1071,0,春风吹动少年心。,39,45,89,10,11,0,1,春风不解风情，吹动少年的心。_
1072,0,Love13660298010,0,180,20,0,2,90,0,_
1073,0,Lang明,18,223,22,3,3,116,0,_
1074,0,胡班长,0,297,14,0,0,18066,0,_
1075,0,德哥,261,190,84,42,42,1929,0,_
1076,0,用户6976499986513,0,205,7,0,0,1464,0,_
1077,0,用户8890454607085,0,108,3,0,0,0,0,_
1078,0,浪子无悔,15,81,23,2,2,754,1,希望大家永远开心快乐_
1079,0,故事缺你,1156,3820,423,28,28,19876,0,_
1080,0,用户981963,0,98,10,0,0,17,0,_
1081,0,用户6951633153022,11,1430,13,5,5,566,0,_
1082,0,荣仔224570274,46,689,96,11,11,186,0,_
1083,0,风中凌乱,101,1766,54,20,20,8338,1,。。。。_
1084,0,强仔,101,47,62,0,0,0,0,_
1085,0,林家四少,2096,757,342,305,305,5242,1,活在當下，開心就好。_
1086,0,独行天涯,0,956,326,0,0,747,1,凤_
1087,0,洋洋,33,905,105,0,0,0,0,_
1088,0,玉林中药港,88,4663,501,13,16,1356,0,_
1089,0,大肥,112,322,64,9,9,0,1,实力不允许我去瘦，所以做一个的胖子_
1090,0,威哥,297,1865,123,0,0,0,0,_
1091,0,8222,0,1563,75,0,0,14,0,_
1092,0,广州space puls,29,421,123,0,15,1279,1,广州space 酒吧订台热线18666539606   微信手机同号_
1093,0,庞醉好,901,315,52,7,7,236,1,众人拾柴火焰高！_
1094,0,华,0,252,5,0,0,3958,0,_
1095,0,空诚.,49,568,28,11,11,127,0,_
1096,0,杨,0,448,72,0,0,1952,0,_
1097,0,🪐⛰️🥬,6,1329,114,1,1,0,0,_
1098,0,良贤内助,0,72,23,0,0,133,1,热爱美食的肥仔_
1099,0,曾经风雨,2937,3180,1064,240,241,3385,0,_
1100,0,榴莲在路上,14,787,31,0,0,0,0,_
1101,0,新年好,242,316,80,50,50,642,1,请善待一切❤_
1102,0,牙爱美口腔,800,2042,471,11,11,1952,1,牙爱美口腔连锁创始人！_
1103,0,威少,58,361,44,10,12,0,1,我唯一锲而不舍，愿意以自己的生命去努力的，只不过是保守我个人的心怀意念，在我有生之日，做一个真诚的人，不放弃对生活的热爱和执着，在有限的时空里，过无限广大的日子，_
1104,0,意大利🇮🇹莎索罗全屋定制,32,370,18,9,9,7,1,人生如逆旅，我亦是行人！_
1105,0,昊瑞阳百货商店,5599,3703,2327,46,1795,7891,1,往前走爱唱歌创业改变命运   音乐伴您快乐感恩抖音遇见，_
1106,0,张禹,44,728,75,0,0,0,0,_
1107,0,曾经最美,316,499,106,0,0,0,0,_
1108,0,辉煌腾达,28,76,39,8,9,388,1,2019为我的付出点赞，辉达重工再创辉煌15920008816_
1109,0,戏比天大,12289,2791,1604,284,286,15139,1,感恩抖音平台🙏感谢关注我的朋友们❤我是一个戏迷爱好者，感谢抖音平台圆了我多年的梦想！特次㊗抖音平台越来越🔥🔥🔥_
1110,0,清荷,77,1670,1055,3,3,2266,0,_
1111,0,幸福快乐，,1361,1776,1159,19,19,770,1,感谢抖音平台，感谢所有关注我的朋友_
1112,0,越来越好啦,855,4500,2174,48,55,1171,1,抖音是有缘人的平台，各自为战，商品即人品，商道即人道。谢谢关注。_
1113,0,黄玉勇,0,151,52,0,0,4717,0,_
1114,0,海哥6加7,304,1436,3345,4,12,0,1,才艺，情感，自娱自乐！海哥6加7，幸运等着你…_
1115,0,用户5639377713433,0,507,82,0,0,19,0,_
1116,0,用户3136274641576,0,175,4,0,0,13,0,_
1117,0,大表姐,3368,3304,3713,29,77,3728,1,❤️努力只能及格，拼命才能优秀                          ❤️80后一直在路上从未停歇  努力上进 积极乐观❤️0基础小白白实操短视频历程分享❤️每日优选好物推荐，价美质优❤️直播时间：每天早上8点开播_
1118,0,尘紫轩,2834,3183,2097,25,738,0,1,本人的座右铭:努力不一定成功，但放弃一定失败！请走进来的朋友看完我的视频，点个爱心❤️加➕关注并转发！感谢你对抖音小白的支持，我会永远努力的！（评论必回）_
1119,0,红姐儿,0,4637,3033,0,0,42,0,_
1120,0,新心啊,0,19,14,0,0,12,1,身高163，体重98，爱好旅游，跳舞_
1121,0,珍珠丽姐,1495,2333,1014,37,110,0,1,努力到无能为力，拼搏到感动自己，感谢抖音爸爸提供的平台，加油！_
1122,0,鱼之之,7399,4163,11387,16,18,0,1,感谢你的关注！_
1123,0,Alejandrino,0,184,3,0,0,355,0,_
1124,0,用户8567462290129,0,4730,2164,0,0,557,0,_
1125,0,王雩老师,598749,214,355761,73,75,140,1,八年施乐公司负责500万/台打印机高端销售经验高端销售培训《赢销截拳道》创始人创立“企二代接班人”训练营重庆珏盛教育 董事长《赢在路上》作者客服v yxtzb2017_
1126,0,YoU银,24,218,114,4,11,1099,1,日常生活，搞笑开心😃快乐就关注一下，谢谢！_
1127,0,用户6159271863616,0,268,14,0,0,346,0,_
1128,0,用户9485390962004,0,142,22,0,0,770,0,_
1129,0,燕姐音缘,28758,4937,4041,61,69,22577,1,70后的我，有关必回_
1130,0,焰唯,1302,4506,2826,9,9,1790,1,爱玩电脑，爱跳舞，爱与人交流。_
1131,0,衫丹丹,909,2041,914,32,81,215,1,好衫好绒机织行_
1132,0,漂流,243,1206,2534,0,94,5282,0,_
1133,0,媚儿（自在家）,10286,4156,4275,112,115,0,1,愿意与时俱进，与时代同步，敢于挑战新生事物，刻苦学习，开拓进取！从事新闻工作五年转行从事妇联工作五年从事培训教育十五年曾任职国学院商学院院长主播主题：婚姻爱情的迷茫，孩子教育的困惑，婆媳矛盾处理，女性励志的方向！直播间主播为你解疑答惑！每天下午13:00点到17：00点主播与你不见不散_
1134,0,太极行者,14492,4986,9835,29,35,5401,1,太极拳传承者_
1135,0,辉哥,661,2478,1880,11,57,0,1,知足常乐_
1136,0,杨旭,797,3535,1490,34,35,85,0,_
1137,0,正能量梅子,42951,3686,2100,0,0,0,0,_
1138,0,顺其自然拒私聊,8821,673,412,119,121,16389,0,_
1139,0,经典音乐,294058,638,109738,30,239,0,1,每天下午2点直播🌷🌷🌷🌷走带货路线一起致富🌹🌹🌹带给你不一样的精彩💐💐💐感谢你这么优秀关注我👍👍👍👍感谢抖粑粑平台推荐🙏🙏🙏🙏🙏🙏新人求带领，求鼓励✊✊✊✊✊✊✊_
1140,0,咖啡不加糖,3831,5001,2017,73,73,5149,1,很多时候，我们总以为生活欠我们一个满意，其实是我们欠生活一个努力。谁努力希望就属于谁。感恩遇见每一位关注我的朋友🙏_
1141,0,👉李幺妹👈,4008,3204,1427,58,58,755,1,开心快乐才重要_
1142,0,a D,197,3498,282,111,111,0,1,从此不问旧事…_
1143,0,媽咪的乖仔,1160,166,462,128,132,0,1,曾经最美的火焰蓝_
1144,0,Li老头,64,469,67,16,17,0,1,！_
1145,0,小辣椒🌶🌶,5255,342,1515,31,32,0,1,感谢抖音平台:让我在这里结交了新的朋友 。                 谢谢你们的关注与支持❤️❤️ 感恩遇见❤️❤️❤️每天下午或者晚上播_
1146,0,邓雄伟,0,41,48,0,0,441,0,_
1147,0,王杰VS黄家驹🙏🙏陈王,0,4968,895,0,0,532,1,王杰主题秀VS黄家驹歌曲🙏🙏创作型歌手VS准备开播中🇨🇳🇨🇳🇨🇳🇨🇳🇨🇳🇨🇳🇨🇳🇨🇳🇨🇳_
1148,0,情心易忠！,0,302,70,0,0,70,0,_
1149,0,一等工民,12484,4999,1332,427,603,54897,1,一等工民，，_
1150,0,中山专业汽车美容用品,159,1778,166,32,41,932,1,没有更好的，只有最好的_
1151,0,奥利奥,31,729,76,4,4,16999,0,_
1152,0,196666139👨,218,87,43,46,49,448,0,_
1153,0,菠萝🎸前男友.吉他9013👄👄🎸,2153,3657,3635,24,24,0,1,【二四六晚上7点到12点，欢来交流】_
1154,0,依坑真味美食城,48,129,54,6,6,29,1,欢迎光临订台电话15089657448_
1155,0,9Carat,8,444,84,0,0,0,0,_
1156,0,清晨的露珠,0,16,58,0,0,0,0,_
1157,0,博唔烂,0,222,9,0,0,0,0,_
1158,0,空空如也,0,14,0,0,0,0,0,_
1159,0,希索嘉,0,22,9,0,0,72,0,_
1160,0,哈孑,15,91,14,1,1,28,0,_
1161,0,忠仔,33,74,22,0,0,0,0,_
1162,0,杰哥,374,8,180,95,98,1730,1,🍻_
1163,0,一个俗人,92,257,96,3,4,0,1,大道至简，天道无常，道法自然，一切皆归平凡，高雅点好，俗点也好_
1164,0,L洋葱,16724,691,4746,147,158,0,1,一个热爱健身但又贪吃的健身从业者😅😅每天晚上十点半左右↔直播🙌🙌感谢大家的关注🥰🥰如有健身咨询可➕V：1017625923🤫🤫_
1165,0,天王盖地狼,0,90,12,0,0,172,1,窈窕淑女君子好逑_
1166,0,伟,4,397,39,0,9,243,0,_
1167,0,洋葱,153,302,81,25,25,1151,0,_
1168,0,小伙伴,0,38,14,0,0,1605,0,_
1169,0,樾嗳樾泪,4,151,4,4,4,0,0,_
1170,0,Q 哥哥,1558,583,285,96,96,0,0,_
1171,0,根本英俊,0,147,18,0,1,0,0,_
1172,0,大乡里一个,0,118,36,0,0,55,1,一个单身27年的单身狗_
1173,0,何总,93009,4396,13882,377,379,26905,1,感谢大家的支持和关注…_
1174,0,锦绣美居布艺,338,1827,149,18,19,826,1,天道酬勤_
1175,0,kenny_.健,0,1909,121,0,0,6659,0,_
1176,0,欢哥哥,29,43,18,6,6,356,1,._
1177,0,醉生梦死,69,86,34,8,8,350,1,不为往事忧，只为余生笑👌_
1178,0,🌈潇洒人生,5,81,26,12,12,11,1,🌈潇洒哥_
1179,0,陈强,0,363,42,0,0,489,0,_
1180,0,湘湘🎀,0,41,12,0,0,0,0,_
1181,0,逃学威龙,85,270,30,11,11,3365,0,_
1182,0,皇冠集成厨房,879,1271,710,53,53,6983,1,专业生产、销售吸油烟机、灶具、消毒柜、热水器等厨卫电器_
1183,0,李小二,13,408,36,2,2,62,0,_
1184,0,抖音火山版用户,0,728,196,0,0,0,0,_
1185,0,H241456575,10,425,31,2,2,348,0,_
1186,0,阿历,70,144,91,1,1,5418,1,79楼底阿历螺蛳粉_
1187,0,用户5137482495823,0,100,0,0,0,8,0,_
1188,0,A 小黄 v1,2658,340,164,89,90,0,0,_
1189,0,小何才露尖尖角,193,651,98,41,41,55,1,在奔跑中的少年_
1190,0,🍋小柠檬💋,119,144,34,30,31,2559,1,N_
1191,0,时间从来不等候,0,3003,81,0,0,1723,1,你未必成为首富，但注定与众不同！_
1192,0,潘福锦,0,258,163,0,0,199,1,明天会更好_
1193,0,________Hg,0,727,16,0,0,5797,0,_
1194,0,凉凉,0,29,1,0,0,60,0,_
1195,0,一错再错,12,1838,14,7,7,0,0,_
1196,0,妖姬,140,312,22,16,16,1121,1,Y00Z嘉我，威心17665440677_
1197,0,杰哥百事通,1001,1226,381,2,5,2733,1,4年新媒体运营老司机有疑惑找杰哥 每日解决你们的困惑_
1198,0,红兒,74981,454,4154,383,389,5032,1,好好努力_
1199,0,番茄1,25,315,173,1,1,10005,1,罢了_
1200,0,乡下仔,12,63,16,0,0,0,0,_
1201,0,洋润【剪辑视影],21,152,16,17,17,113,1,精彩电影＋电视非常感谢官方提供平台视屏每天保持更新中感谢朋友们双击❤关注_
1202,0,我叫壹伍伍,12236,1177,1449,332,340,6844,1,经历越多你就会相信那句话，无情一点并没有错_
1203,0,💋彩虹,7118,673,1001,59,60,1645,1,如果你放不下一个人 就多想想他是怎么放下你的_
1204,0,Xiaoxian👿,7,80,5,0,0,0,0,_
1205,0,Wi,0,845,10,0,0,0,0,_
1206,0,阿琪琪,61,312,43,2,2,7040,1,不要吃太胖，会被杀掉的_
1207,0,小猪佩奇778,0,759,5,0,0,0,0,_
1208,0,C&S🎈🎈,0,37,17,0,0,65,0,_
1209,0,豆豆,93,944,35,3,4,0,1,要保持很多的热爱。_
1210,0,云☁️,112,15,14,1,1,114,0,_
1211,0,庞Sir,883,844,115,12,12,2349,0,_
1212,0,草莓热热,0,343,15,0,0,462,0,_
1213,0,朝伟,20,46,118,1,1,0,1,哈哈哈哈哈_
1214,0,不要问我是谁｀,2,277,19,1,1,906,0,_
1215,0,茂湛货运🚚小帅,390,49,89,63,67,59,1,每次想找个人陪的时候，就发现有的人不能找，有的人不该找，还有的人找不到。_
1216,0,不才,29,644,75,0,0,0,0,_
1217,0,Justin Biee,0,4460,301,0,0,0,0,_
1218,0,用户736169,0,129,1,0,0,488,0,_
1219,0,妄想,111,453,19,25,25,870,0,_
1220,0,这也太不可思议了,0,193,75,0,0,3,0,_
1221,0,李珊珊,0,270,64,0,0,84,0,_
1222,0,FuKua,4,244,14,5,5,1071,1,vx15220071787_
1223,0,魅宴,0,165,69,0,1,767,1,123321_
1224,0,小邓同学🧸,0,53,12,0,0,25,1,有你在就好❤️_
1225,0,饿死腰罢,0,154,31,0,0,0,0,_
1226,0,🌧丫头片子,0,193,75,0,0,3,0,_
1227,0,三九,0,390,103,0,0,6,0,_
1228,0,19707,37,658,130,0,0,0,0,_
1229,0,你失眠了嗎.,143,166,15,4,4,3660,0,_
1230,0,惠hui,2030,143,175,29,30,63,1,谢谢怎么可爱的你关注我、那么刷到我了就做个朋友吧♥️_
1231,0,Datobb,0,441,19,0,0,0,0,_
1232,0,小张同學,11,14,7,1,1,94,1,做善良的人_
1233,0,用户725564696,0,729,30,0,0,3,0,_
1234,0,时光科技,11,891,46,0,0,0,0,_
1235,0,人生哥,2,1839,109,0,0,0,0,_
1236,0,我功夫特厉害。,0,899,57,0,0,7,0,_
1237,0,用户3696561115149,0,875,2,0,0,0,0,_
1238,0,Reason丶,0,875,199,0,0,0,1,百二秦关终属楚，三千越甲可吞吴！_
1239,0,💫宁宁💣,67,1348,211,4,4,160,0,_
1240,0,😘😘😘为讨,0,905,1,0,0,0,0,_
1241,0,为为为为，😂😂😂,0,821,34,0,0,1,0,_
1242,0,喵小乖XRH,61,866,1597,1,2,64,1,🎤🎤🎤_
1243,0,陈世欢,2130,1064,1102,57,57,621,1,越野爱好者，户外旅行，越野赛事赛车，越野OG，爱好收藏各种硬派越野车，丰田硬派LC车系车主社群，无LC，不越野！LC情，兄弟情！_
1244,0,用户3121601500186,0,885,2,0,0,0,0,_
1245,0,你的小可爱,0,232,983,0,0,0,0,_
1246,0,patrick,0,517,25,0,1,8,0,_
1247,0,大阔,5,59,32,1,1,109,0,_
1248,0,梓杨,22,103,10,17,17,173,0,_
1249,0,只鞥郑,1,98,10,1,1,1,0,_
1250,0,鋒,133,507,63,23,24,582,0,_
1251,0,baby_7,7,41,44,0,0,0,1,未来我们都要好好的😀😀😀_
1252,0,彭巧,725,909,398,6,16,34342,0,_
1253,0,三毛,263,322,64,29,30,960,1,广州游走人士_
1254,0,赵老头,171,214,36,25,34,1117,1,生活简单，简单的生活。_
1255,0,九三,6437,478,444,102,106,33387,1,有关必宠。_
1256,0,Chen-雪儿,803,129,477,9,9,0,0,_
1257,0,徐🤟鲜森✌️,29,208,24,5,5,0,0,_
1258,0,曾國祥,17,306,11,1,1,163,0,_
1259,0,JASON,18,850,58,9,9,71,1,人好不好运，不是你得到了什么，而是你懂得放弃什么_
1260,0,🎁,12,563,5,0,0,0,0,_
1261,0,叶清,21,145,33,2,2,1976,0,_
1262,0,胖子呀,99990,377,4404,118,137,0,0,_
1263,0,苦糖,943,99,451,44,46,605,1,(ᵒ̤̑ ₀̑ ᵒ̤̑) OMG!感恩有你们的陪伴与懂得欣赏我的人每条评论都会回复🥳新人主播求守护呀🥳谢谢你的关注跟点赞🧐每天下午4点直播👏🏻_
1264,0,添爸爸,69,225,27,20,25,1215,1,我想她 我彻底醒了！_
1265,0,随心而为,127,181,26,46,46,470,1,华南师范学院_
1266,0,爱我宝贝茜呀,0,27,0,0,0,138,0,_
1267,0,🍂GuErZi🍂,112,242,76,9,9,311,0,_
1268,0,温🐔,29,1031,30,4,4,2748,1,记录生活点滴_
1269,0,HiLaRy恬锌🦦,31,395,59,2,2,0,1,🎠🇲🇾ins：@hilaryyyy0411_
1270,0,__吹吹🤟🏻,0,138,65,0,0,0,1,人面-场面-情面 😇_
1271,0,吃吃,35,2325,62,4,21,0,1,视频不小心删了_
1272,0,放逐,36,88,11,10,10,502,1,样貌不出众，说话不玲珑..._
1273,0,weng,1,108,62,0,0,0,0,_
1274,0,Kobe Bryant,0,379,26,0,0,9031,0,_
1275,0,😋✔,38,156,16,3,4,3236,1,球衣装备:cxfzc888_
1276,0,屙殊殊,0,439,22,0,0,1632,0,_
1277,0,只为遇见你,10,924,101,2,2,725,0,_
1278,0,~@难解三生石上缘@~,0,136,18,0,0,102,0,_
1279,0,天天好运,103,1311,95,22,51,2010,0,_
1280,0,小霞,1216,1912,448,70,116,3246,1,开心每一天_
1281,0,用户9503663179860,0,582,7,0,0,0,0,_
1282,0,世界仔💋💅,21,294,56,3,28,2006,0,_
1283,0,人间,0,183,0,0,0,0,0,_
1284,0,灿少,43,738,118,3,3,116,0,_
1285,0,💘YanGQun💘,187,284,50,22,22,414,0,_
1286,0,华仔,34,248,68,10,10,96,0,_
1287,0,三三,921,218,327,113,113,1051,1,从演一切_
1288,0,健步如飞,5,67,57,2,2,1374,1,明天你好_
1289,0,用户1935450536138,0,333,6,0,0,8502,0,_
1290,0,用户1873545460646,0,36,8,0,0,40,0,_
1291,0,Daniel,193,252,89,2,2,13842,1,嗨！_
1292,0,你心中大叔,0,49,15,0,0,0,0,_
1293,0,隔壁老吴,490,259,82,97,120,2515,1,最美好的莫过于一个陌生的地方，陌生的街巷，听见熟悉的旋律，发现一种久违的感动。_
1294,0,军官,8,56,8,4,4,42,0,_
1295,0,乐帅,248,782,169,51,51,890,0,_
1296,0,孤星,78,528,50,13,19,51072,0,_
1297,0,阳光与海滩,50,241,63,3,3,288,0,_
1298,0,宅鈊鏜,0,367,29,0,0,1011,1,可可爱爱，没有脑袋_
1299,0,铭仔在美国,14160,89,2346,19,20,0,1,广东省开平市的✨骚铭在纽约养猪✨正在崛起的繁星✨———————————标准蒲通话且有趣灵魂🇨🇳 将在纽约抬起一帆大旗🇨🇳 将分享更多国外的趣事💕 将快乐传播给每位家人💕每晚10点早9点准开播💕茫茫人海感谢您的关注💕————————————_
1300,0,肇庆合利地产:荣少,2347,3384,809,106,106,6281,1,"万千世界奇事在抖音，大家看了都开心快乐    多谢大家的点赞和关注🇨🇳 祝大家：身体健康,幸福快乐。_"
1301,0,门窗,28,59,10,11,11,239,1,门窗_
1302,0,宇宣,6,582,18,1,6,280,0,_
1303,0,广佛楼盘,166,756,129,16,16,230,0,_
1304,0,傻小子,14,169,11,7,7,36,0,_
1305,0,小康,2841,157,1145,28,28,1002,1,做一个唏嘘的猪肉佬。_
1306,0,Yj,0,14,10,0,0,14,0,_
1307,0,港湾仔,23,251,28,34,34,111,0,_
1308,0,AA，🔥🔥🔥陈先森,291,2919,487,40,41,672,1,何必在意别人的看法呢，随心所欲多好_
1309,0,高高高高,4888,1654,790,27,29,0,1,情商也许并不是左右逢缘或八面玲珑，而是尊重和接受别人与你极大的不同_
1310,0,Jimmy哥,35,135,30,9,10,389,1,小说话 多做事_
1311,0,🐷,6,27,14,1,5,148,1,88but0_
1312,0,Xin,43,1523,87,6,7,8890,0,_
1313,0,x.,13,477,34,1,1,930,0,_
1314,0,想回到过去,112,262,63,13,15,50,1,曾经的甜蜜现在己成为一个人的回忆，她人己不会再重返，_
1315,0,辉,0,86,25,0,0,450,0,_
1316,0,广州创亿贸易商行,8039,4002,3628,52,54,26110,1,不解释！不抱怨！乐观！正面！积极！_
1317,0,强,260,1205,87,6,6,6313,1,滴 滴滴_
1318,0,明仔,60,285,61,17,17,17612,1,越努力越幸运💪🏼_
1319,0,用户9942549052648,0,38,3,0,0,0,0,_
1320,0,丶凝痕@,24,235,4,7,7,342,0,_
1321,0,已重置,18,57,2,1,1,68,1,VX：zpjz112233_
1322,0,LLL🙀,18,1050,12,0,0,0,0,_
1323,0,廉价,60,239,44,4,4,768,0,_
1324,0,T,37,180,40,5,5,4,1,没有，喜欢简单。_
1325,0,麦兜,37,280,30,0,0,0,0,_
1326,0,淺笑,0,38,12,0,0,183,0,_
1327,0,小  肥 ,26,216,84,2,2,2211,0,_
1328,0,简单s,2,523,14,0,0,560,1,记录生活点滴_
1329,0,confused push,47,259,64,0,0,0,0,_
1330,0,伍公子正能量,50765,395,23956,17,26,790,1,行善一小步，社会前进一大步                     黑夜无论怎么悠长，白昼总会到来～_
1331,0,猪🐷宝,41,368,36,15,15,3326,1,安慰别人头头是道，安慰自己全是苦笑_
1332,0,许先生,22,139,83,6,7,636,0,_
1333,0,😱papa😱,46,221,60,9,10,141,0,_
1334,0,刚枪爷,4,793,17,0,1,0,1,QQ_
1335,0,Mei_🍁,0,487,15,0,0,0,0,_
1336,0,鱼鱼呀,4816,526,2145,5,5,270,0,_
1337,0,A.陈七岁💕,8258,217,313,24,39,0,0,_
1338,0,小  不  点,5675,1481,1827,930,939,0,1,❤       ❤          ❤蜂蜜🍯🍯🍯只想做一个简单开心快乐的人            单身    不撩    不合作   非诚勿扰谢谢！_
1339,0,ONE-77,150074,2043,7515,132,227,0,1,文明改裝、拒绝飙车纯属爱好、侵权即删                         每晚十点半开播                         白天看心情随缘_
1340,0,NUOMI,0,886,36,0,0,922,0,_
1341,0,柔情岁月🎗,9,1023,23,1,1,2576,0,_
1342,0,wing22,1,105,4,2,3,73,0,_
1343,0,kimi lee,0,286,3,0,0,1382,0,_
1344,0,圣徒重生,4,35,4,1,1,389,0,_
1345,0,Jenny Lsz,2,11,1,1,1,17,1,比起永远更喜欢每一天😘_
1346,0,用户6277630562889,0,12,0,0,0,0,0,_
1347,0,瑕疵🌸,17978,31,4053,25,25,18,1,做只猫🐱做只狗🐶不做情人_
1348,0,嘿Siri,231,888,83,8,9,0,0,_
1349,0,今晚打老虎,227,66,77,15,16,98,1,开始你的表演！！！_
1350,0,飞机,0,103,3,0,0,426,1,雅痞🌊_
1351,0,Zz23,3216,126,780,36,36,0,1,愿我自己是个小太阳 无需借助任何人的光_
1352,0,莲,228,295,112,26,26,4991,1,分享生活的点点滴滴。请勿私聊，私聊者拉黑_
1353,0,乌云 乌云快走开，,0,1100,65,0,0,783,1,在疲倦的生活里  总要有些温柔得梦想_
1354,0,寒少—广州珠宝源头厂家,18,250,55,2,2,0,0,_
1355,0,F,0,881,3,0,0,5240,0,_
1356,0,MP男孩,45,76,28,9,9,877,0,_
1357,0,︶ヅMs.尕金,394,59,229,9,11,0,1,谢谢关注喔❤️青岛不倒我不倒，❄️雪花不飘我不飘广东清远文化传媒有限公司经纪人——✨︶ヅMs.尕金_
1358,0,Leleya,52,302,46,7,8,1461,1,别了解_不是好人._
1359,0,。,18,238,108,0,0,0,0,_
1360,0,你詩姐‼️,1014,113,253,4,5,0,1,hi❤️蟹蟹你的关注与点赞_
1361,0,(^_^),0,25,16,0,0,220,0,_
1362,0,今天是今天,0,297,31,0,0,342,0,_
1363,0,、think,10,931,38,2,2,2132,0,_
1364,0,w乐在其中,3620,675,264,85,110,26964,0,_
1365,0,Mr.何,0,260,30,0,0,659,0,_
1366,0,Yumiko66,219,102,71,66,67,398,1,往后余生，风雪是你，平淡是你_
1367,0,平平凡凡,9624,4774,1262,559,562,13905,1,自己选择的路   哪怕是跪着也要走下去_
1368,0,佛山周柏豪,0,165,33,0,1,1008,1,❤️ph_
1369,0,迎鲜水产,195,505,77,40,40,800,1,主营:辣贝虾，活鲜鱼，晨洲本港生蚝，金蚝干，虾干大塭膏蟹，干货等._
1370,0,zmy,353,183,55,25,26,1803,1,努力生活 对的起自己所受过的苦_
1371,0,98呐、,178,312,90,11,13,388,1,🖤🖤_
1372,0,用户4197291070866,93,79,18,18,18,231,0,_
1373,0,广州宏业橡胶制品有限公司,832,451,184,10,11,329,1,江湖不信眼泪，甜苦自己体会_
1374,0,00七,2,65,39,0,1,7952,1,不管世界变得怎么样，你都要善良_
1375,0,👉🌴小良🌴👈,7,42,10,1,2,127,1,人生在世，开心就好！_
1376,0,平安喜乐🍎,40,384,5,7,8,0,0,_
1377,0,用户574800,0,370,20,0,1,1067,0,_
1378,0,上林南湖,190,3629,126,21,25,25965,0,_
1379,0,@小萍萍,271,404,193,31,31,453,1,✨无论你我什么关系                                                       ✨只要你想陌生                                                                    ✨那么我：绝对不会多看你一眼_
1380,0,❤️佳,1501,362,100,36,36,693,0,_
1381,0,缘分不是天注定,5017,186,219,241,241,9156,0,_
1382,0,Ming,852,422,101,0,0,0,0,_
1383,0,娃娃啊,0,664,0,0,0,0,0,_
1384,0,《女QUEEN王》,7703,738,1423,126,267,0,1,心在哪里，收获就在哪里。_
1385,0,君上,30,335,41,5,5,304,0,_
1386,0,痘痘,9,103,12,2,2,686,0,_
1387,0,颖颖麻麻,99,155,48,0,0,0,0,_
1388,0,雨锈青荣,135,411,85,13,25,432,1,金华以灯烛，雨锈以青荣_
1389,0,仟仟,1871,1119,360,179,180,4017,1,守身如莲，香远益清，表里如一，真诚待人_
1390,0,荟金,2750,1766,129,156,158,14300,0,_
1391,0,小杜,139,443,135,8,11,0,1,我爱我的祖国！_
1392,0,小雁子,7609,1280,664,0,0,0,0,_
1393,0,一点点,13,80,42,0,0,0,0,_
1394,0,花花公主,408,228,90,71,71,362,0,_
1395,0,吴荣霸，废旧金属回收,441,232,315,17,17,43,1,大量回收废铜，铝，不锈钢，稀有金属，塑料，办公设备，承包整厂一切设备，联系电话   15118722248  微信电话同步_
1396,0,@一一丫丫(陌家)(伊家)(莫家),1310,1940,482,373,376,0,1,大家hello我叫@奶糖~盲盒我是一名盲盒主己有朋友，@粉色小精灵…谢谢你的支持(^_^)ノ_
1397,0,乄やたか,0,143,6,0,0,18,0,_
1398,0,红透天海鲜自助涮烤,22127,4858,2804,178,826,0,1,单人单锅.安全卫生！                                                            放心吃、  大胆拿！                             十年品质值得信赖！_
1399,0,💝杨婷💝,73,1842,35,10,13,1220,0,_
1400,0,🍭🍼筱涵🍼汐🍭,4,382,22,1,1,249,0,_
1401,0,铜陵顺达驾校,0,188,87,0,0,94,0,_
1402,0,快乐的我,363,175,63,16,16,901,0,_
1403,0,二屁姚,104,96,15,32,32,258,1,如有来生，愿鲁且愚。_
1404,0,大白兔奶糖,658,393,204,43,48,407,1,有本事任性的女人也就有本事坚强_
1405,0,🔅超能、太阳光🔆~,191,474,101,41,41,1011,1,浪迹天涯～_
1406,0,日光微暖💋,862,921,239,187,191,839,0,_
1407,0,@焱笑的眼睛,1033,133,309,0,0,0,0,_
1408,0,燕宝💗💗💗,784,148,95,143,144,767,1,快乐_
1409,0,芙老板,303,1121,340,37,38,3769,1,产品经理人品牌战略规划健康管理幸福关系导师人生最高级的活法就是做自己_
1410,0,Lzy,12,204,21,2,2,0,0,_
1411,0,_.茹呲简箪--,238,428,35,79,79,947,0,_
1412,0,车腾,3207,1716,1182,62,67,1364,0,_
1413,0,超超,63,178,74,9,9,0,0,_
1414,0,我虽不美，却是独一,29830,1355,1139,190,193,0,1,谢谢关注与点赞🌹🌹_
1415,0,娟姐姐,1154,198,194,35,35,1199,1,经营韩货女装、实体店美衣➕fengge0277_
1416,0,小,144,275,85,34,35,392,0,_
1417,0,宇622,0,100,4,0,0,0,0,_
1418,0,萌萌田,0,96,12,0,0,438,0,_
1419,0,🐡,15,552,33,0,0,0,0,_
1420,0,用户8924162873421,0,259,11,0,0,115,0,_
1421,0,用户7730699478870,2,142,7,1,1,485,0,_
1422,0,猫猫儿,7,163,51,1,1,360,1,这一生风雨兼程 只为遇见更好的自己……_
1423,0,华清月明杨芳,748,842,437,29,33,8950,1,08年至今一名美业工作者_
1424,0,是悦儿不是香菜,5424,291,2382,23,23,2131,0,_
1425,0,喆喆0820,2,191,5,0,0,0,0,_
1426,0,薄荷饼干人🍪,238,207,80,36,37,1067,0,_
1427,0,筱懒,356,483,121,38,44,561,1,爱笑的女孩运气都不会太差^_^😊_
1428,0,热  备   👿,18,231,44,2,2,976,0,_
1429,0,雄,1,173,40,0,1,40,0,_
1430,0,用户4437886886638,1,1914,9,0,1,3324,0,_
1431,0,龙圩明裕,2714,709,384,160,162,1974,1,👨‍❤️‍💋‍👨感谢你的关注，感谢抖音平台👍👍_
1432,0,仅剩勒余温,909,1511,269,11,14,28079,0,_
1433,0,琴 ,2377,4042,605,13,48,20816,1,善良是很珍贵的，但善良要是没有长出牙齿来，那就是软弱。_
1434,0,咪咪眼,400,2328,60,68,130,6457,0,_
1435,0,舆你同行,288,1001,136,53,56,14917,0,_
1436,0,刘娟,1386,1763,466,48,49,4923,1,刘老师卤菜～武冈卤菜_
1437,0,猫猫🐱馆长,2,1534,134,0,0,23958,0,_
1438,0,你总是要我乖。,812,218,147,41,41,838,0,_
1439,0,🌺💋💍💋🌺,321,178,51,307,328,122,1,学会了不动声色明白了物极必反_
1440,0,玲家工作室,2026,1034,179,373,379,1687,1,💗VX:   MRGW-903_
1441,0,手机用户86258363697,798,143,123,62,62,1044,0,_
1442,0,C'XY🐒,438,317,43,64,64,2117,1,让我们红尘作伴，吃的白白胖胖……_
1443,0,萧潇,388,533,279,28,34,3270,1,这一生只为父母和孩子而活_
1444,0,@薇薇,72027,1501,18637,287,422,0,1,我的快乐就是我单身！晚点遇见没有关系，往后余生有你守护很幸福。每天早8:30。    晚20:00直播间不见不散！初来乍到请多多关照，求守护！🌹_
1445,0,桂林旅游小薇,375,281,146,92,93,370,1,2020～活着🙄原谅我一生不羁放纵爱自由_
1446,0,女王大人,172242,1602,12172,301,303,31487,1,感谢官方，初来匝道，多多关照、已有工会勿扰谢谢、粉丝团5级加❤️_
1447,0,用户11,0,30,2,0,0,20,0,_
1448,0,冯青芳,0,932,307,0,0,0,0,_
1449,0,请开始你的表演,41,67,28,15,15,203,0,_
1450,0,都市农民工,72,2316,120,0,0,0,0,_
1451,0,一个臭屁定乾坤,201,1854,459,14,14,4440,1,人生有付出就会有回报_
1452,0,斌仔,3,19,3,4,4,1,1,上热门_
1453,0,半梦半醒,30,370,32,6,6,186,0,_
1454,0,老男孩,74,125,67,26,26,579,1,曾经说说笑般讲起，不想你知_
1455,0,🔥清阳🔥⚡,422,151,99,124,124,3811,1,+vx :imy2008_
1456,0,王生,144,1492,180,7,15,0,0,_
1457,0,zly,1,105,21,0,0,0,0,_
1458,0,买瓜不甜,14,190,44,9,11,305,0,_
1459,0,回忆～已成傷,155,219,76,50,51,174,1,心太软_
1460,0,用户8157821596816,11,226,23,4,4,1612,0,_
1461,0,依驿,11,54,19,4,5,1632,0,_
1462,0,user8676809809615,0,513,5,0,0,856,0,_
1463,0,華仔,298,335,116,38,39,425,0,_
1464,0,独步红尘,4,92,22,3,3,745,0,_
1465,0,初心不改,39,164,48,14,14,80,0,_
1466,0,GU,243,154,46,72,72,122,0,_
1467,0,浪子天涯,36,76,55,11,11,161,0,_
1468,0,真我的风采,3739,1665,1377,295,605,0,1,为什么坚持，想一想当初_
1469,0,＠正在输入,370,2520,153,0,0,0,0,_
1470,0,一鸣,51,177,27,8,8,417,1,临渊而羡鱼，不如归家织网_
1471,0,初ོྂཾ࿆༊࿆见࿆ྂจุ๊บ࿐,226,97,32,59,59,538,0,_
1472,0,Brztxq,11,211,40,2,2,615,0,_
1473,0,用户4923096635405,39,182,26,11,11,130,0,_
1474,0,用户028989,0,307,8,0,0,90,0,_
1475,0,豪仔机械,7952,3441,2255,85,85,0,0,_
1476,0,小房哥,2209,4426,1045,147,151,40057,1,房_
1477,0,大水牛,437,1167,63,91,92,0,1,有志者，事竟成！_
1478,0,Wedding host,0,50,12,0,0,0,0,_
1479,0,专业石材安装【云浮石佬】,634,1766,356,99,101,1262,1,只要用心做好每一件事，我相信成功就会离我越来越近了。_
1480,0,铲车出租,160,286,64,68,68,1128,0,_
1481,0,伟,77,3236,424,0,0,0,0,_
1482,0,红颜知己,171,686,142,20,20,3254,1,优秀的人，绝对不会抱怨任何人。_
1483,0,宇龙哥,0,1487,9,0,0,0,0,_
1484,0,缘『聚』,59,517,127,14,15,2202,1,思念，诠释你我的距离。_
1485,0,用户867618756752,4,11,1,0,0,0,0,_
1486,0,幸福有你,444,371,183,16,22,0,1,天道酬勤_
1487,0,🌶🌶龙叔🌽🌽,229,1054,132,12,12,0,1,🌽向生活敬个礼🌶旅途遥远🌽🌶如果生活毫无追求， 过得又有什么意义🌶_
1488,0,@阿铭,2665,1573,807,85,85,11774,1,人不要和别人攀比，做好自己就好了_
1489,0,李三斤,31,1648,48,0,0,0,0,_
1490,0,【风云】彪小白,2017,540,249,37,38,0,1,抖音醉新推出，免费测试体验，全部绿色免费，热爆好玩有趣！陌生人，你好呀！期待你的关注，欢迎交流学习！_
1491,0,农fu山甜,32,113,31,7,7,166,0,_
1492,0,zy,291,221,37,32,34,0,1,情商比智生重要_
1493,0,✨Angel✨,0,25,4,0,0,44,0,_
1494,0,笑看人生_236984796,5,168,19,1,1,1748,0,_
1495,0,辉少,18,277,31,1,2,543,0,_
1496,0,Zoha,62,260,89,3,3,1344,0,_
1497,0,莫老爷,151,236,48,51,52,92,1,港饮港食_
1498,0,凉风有信,355,661,160,95,95,671,0,_
1499,0,@🌸 芳ღ寶🌸,70,1923,93,6,6,0,1,🌺🎊天長地久更本沒有，海枯石爛純屬扯淡🎊🌺_
1500,0,纵横四海,4,222,91,2,2,113,0,_
1501,0,🇨🇳亮点KTV🇮🇹,9299,3002,1168,155,177,16680,1,亮点KTV联系电话3773773772_
1502,0,用户风运,34,228,48,3,5,1089,1,本人喜欢玩枓音_
1503,0,面包超人,3,179,0,2,2,55,0,_
1504,0,不能说的 秘密,69,636,12,0,0,0,0,_
1505,0,球球,325,4387,1760,2,2,237,0,_
1506,0,香橼斋中小学生,338,747,155,45,45,0,1,p抖_
1507,0,Devil,7,89,5,1,1,0,0,_
1508,0,相逢在雨中,0,1023,164,0,0,72,1,何为缘分？缘是天定，分是人为，事在人为！_
1509,0,顺,25,367,87,22,23,1907,1,负债磊磊的男人不会拥有爱情。。。。孤独终老。_
1510,0,健仔,82,346,85,11,11,704,1,命里七尺，莫求一丈！顺其自然，知足常乐！_
1511,0,阿水,58,88,18,11,11,206,0,_
1512,0,贝诺,13,129,35,2,2,308,1,宁静致远_
1513,0,情有独钟,0,895,15,0,0,0,0,_
1514,0,QWERTYYUIO,0,958,8,0,0,624,1,🌴🌴🙏🙏💀💀🏅🌽🍒🍋🍌🍑🍰🍰🎂🎮🎂0129🎂_
1515,0,用户547899537106,0,27,3,0,0,35,0,_
1516,0,同成汽修设备工具,110,291,56,19,25,814,1,要么一生 要么陌生_
1517,0,金师傅,29,715,37,0,0,0,0,_
1518,0,用户7069964085712,0,156,4,0,0,44,0,_
1519,0,江湖故人,234,2757,254,11,11,14820,1,？？？？？_
1520,0,tao,0,302,29,0,1,208,0,_
1521,0,肇庆鹰牌,1791,1323,874,90,99,2142,1,让付出成为习惯_
1522,0,风雨兼程,1992,2202,267,71,71,0,1,眼泪教你做人，后悔帮你成长，疼痛才是最好的老师。_
1523,0,依然（博林仕岩板）,1466,857,339,30,32,112,1,岩板家居定制13902831071_
1524,0,帅不过三妙,340,1593,294,33,34,143,0,_
1525,0,呵呵BXG,601,328,148,15,15,1018,0,_
1526,0,坚持到底,29,2608,245,2,2,731,0,_
1527,0,A炳棠,17,99,41,2,2,180,0,_
1528,0,人,3,60,13,2,2,8,0,_
1529,0,小邓子,0,708,71,0,0,420,0,_
1530,0,TJ-898,14,418,30,2,2,332,0,_
1531,0,Z.,51,174,41,2,2,0,1,感谢关注！✅身高:180m✨体重:65kg_
1532,0,家輝,251,695,127,17,22,2121,0,_
1533,0,放开她,0,54,1,0,0,88,0,_
1534,0,农夫,657,421,86,101,102,4612,1,岁月慢长，我们还要继续努力！_
1535,0,鹏,61,103,82,10,10,2917,0,_
1536,0,@张先生,130,495,245,10,13,126,1,谢谢你的关注.持续更新搞笑段子，希望大家喜欢_
1537,0,一杯清茶,0,139,5,0,0,1964,0,_
1538,0,金玉满堂,2,1537,43,0,0,55,0,_
1539,0,用户7654949461440,18,22,20,5,5,95,0,_
1540,0,体育&透水砼工程（叶生）,126,137,85,9,9,13,0,_
1541,0,故乡的云,0,1004,102,0,0,534,1,爱好运动，书法，交友，美食_
1542,0,人在江湖飘,179,1737,168,39,39,82,0,_
1543,0,曹卫球,311,1911,425,12,13,9,1,广东人帮助客户整合资源、人脉。爱运动，爱生活，爱学习。爱抖音，记录美好生活！谢谢你关注我！_
1544,0,用户746783911271,0,28,0,0,0,36,0,_
1545,0,黄华,6,68,2,2,2,31,1,自由职业_
1546,0,廣發,33,853,59,5,5,0,1,我行我素_
1547,0,棣昌,0,56,5,0,0,57,0,_
1548,0,朱影,132,60,69,3,20,114,1,朱影、广东江门明星之乡、艺人、歌手、_
1549,0,用户3136140571940,0,36,22,0,0,156,0,_
1550,0,坏坏惹人爱,40,451,81,15,15,2004,0,_
1551,0,海南文昌鸡养殖,470,136,223,137,137,2915,1,海南文昌鸡养殖，鸡苗供应，养殖技术提供，成品鸡销售，全国发货🐔🐔🐔_
1552,0,牛逼不拉屎,0,72,0,0,0,63,0,_
1553,0,扬幂,46,303,42,4,5,5005,0,_
1554,0,乐宏杜 ahlok,0,976,30,0,0,816,1,来了十余年的广东人_
1555,0,手机用户89982692448,0,211,1,0,0,0,0,_
1556,0,经营一手五指毛桃,2273,4811,2505,56,56,0,1,经营 千斤拨 天星木 五指毛桃_
1557,0,👉Mick💢,20,274,49,5,5,169,0,_
1558,0,用户724228058321,0,81,12,0,0,29,0,_
1559,0,湖夏,0,20,5,0,0,24,0,_
1560,0,他,0,242,1,0,0,0,0,_
1561,0,老 三,234,896,108,0,0,0,0,_
1562,0,夜猫子,119,895,216,10,10,73,1,等你_
1563,0,浩伟食品,94615,743,53733,45,66,366,1,致力推广健康优质食品打造优质健康品牌感谢点击关注_
1564,0,NO勤,104,96,130,4,5,5800,0,_
1565,0,成,2,319,19,0,9,247,0,_
1566,0,LHJ868,7,493,234,2,2,789,1,既来之则安之_
1567,0,＠👑彬,1091,704,257,24,24,2577,1,一辈子不是很长，珍惜眼前人。_
1568,0,小🐮,30,431,126,2,15,748,0,_
1569,0,花之缘庆典策划公司,22,671,80,2,3,172,0,_
1570,0,Tima,2,2358,39,0,1,0,0,_
1571,0,用户5776172627589,95,68,31,38,39,184,1,人生如戏！要活得精彩！_
1572,0,vic yang,0,137,1,0,0,124,1,人生很短 要懂得珍惜👍🏻_
1573,0,用户2353986233447,0,301,1,0,0,29,0,_
1574,0,小小小馒头,4,65,42,1,1,458,0,_
1575,0,小榄东林不锈钢螺丝啊伟,378,946,199,25,38,1788,0,_
1576,0,东卫,170,2978,336,14,15,19168,1,义一_
1577,0,军,585,873,159,0,0,0,0,_
1578,0,古惑至尊,336,2153,291,19,204,14486,1,我们的生命，不是因为讨别人喜欢而存在的 。 我们总是喜欢去点缀别人的风景，仰望别人的天空，而忽略了自己内心想要的，总把别人的看法看得很重的人，是活不出自我的.我永远不够好，也不完美，可这又有什么关系呢 ，我活的真实便足够了_
1579,0,宁静致远,1,60,14,1,2,5388,0,_
