0,0,小雅文,28,316,23,4,4,560,0,_
1,0,杨富兰,0,5,0,0,0,3,0,_
2,0,用户505598,284,873,113,33,34,3127,0,_
3,0,用户7477650454670,3,15,3,2,2,145,0,_
4,0,宁静,10,7,12,4,4,51,0,_
5,0,ZS,10,23,9,3,3,262,0,_
6,0,用户5945355700352,3,621,16,1,1,1263,0,_
7,0,小萍,120,664,143,9,9,7419,1,晴子_
8,0,用户1424607175028,0,35,3,0,0,139,0,_
9,0,用户8712417592806,0,57,2,0,0,29,0,_
10,0,蓝～湘,79,43,34,21,24,139,1,谱写我的美丽人生_
11,0,怡怡,0,299,13,0,0,342,0,_
12,0,庄某林,6,314,51,1,1,2905,0,_
13,0,用户7795808465914,0,9,1,0,0,26,0,_
14,0,用户3720278192164,45,22,8,17,17,46,0,_
15,0,情是永远的迷825,6069,4998,1172,186,211,13532,1,爱我把心交来13595740510_
16,0,双子小猪,104,886,61,15,15,4764,0,_
17,0,乐宝贝,248,155,100,33,34,0,1,谢谢关注！_
18,0,逍遥.,57,634,16,23,25,2053,0,_
19,0,Li.sha,10,181,4,1,1,564,0,_
20,0,怼你嶶笑纯屬礼貌,150,79,71,18,35,24,1,再美的风景，如果没有你爱的人在身边，也只是绝美的孤独_
21,0,love,182,344,40,77,77,3542,0,_
22,0,梅子,213,50,38,36,37,1909,1,魔噩_
23,0,我,0,181,7,0,0,373,0,_
24,0,小鸟依人,1089,757,67,0,0,0,0,_
25,0,用户1434978370871,139,548,23,26,26,1452,0,_
26,0,用户2924697439875,516,547,42,373,373,2018,0,_
27,0,嘉晴,1031,755,821,92,94,1128,0,_
28,0,用户8787370840291,0,4,1,2,2,93,0,_
29,0,daxuan,0,186,1,0,0,756,0,_
30,0,黄冬梅,4,422,5,2,2,913,0,_
31,0,用户7419519206967,2,23,3,1,1,48,0,_
32,0,骑着蜗牛去约会,1221,669,297,39,40,31579,1,？。。。，。书格→、背的分yl，_
33,0,诗雅,163,2014,50,37,38,5104,0,_
34,0,鑫圣辉,330,173,38,18,19,2783,1,专业制作各种电控柜体_
35,0,铭铭,31,261,28,3,3,1184,0,_
36,0,用户4894755041400,31,96,7,56,56,179,0,_
37,0,枫梓,0,13,0,1,1,78,0,_
38,0,🍒RGKY🍒,11,1,45,1,10,6979,1,武汉加油，中国加油_
39,0,大卡,35,3343,303,1,2,105,0,_
40,0,草原上最美的花。,1230,2102,116,469,470,5465,0,_
41,0,幻,807,957,73,85,85,2633,1,最大的希望就是陪你们一起长大，感恩每一个路过点赞的亲们_
42,0,兰,13,4038,185,1,1,5406,0,_
43,0,用户62910074,0,167,29,0,0,13042,0,_
44,0,杨腊民,395,93,59,30,30,228,0,_
45,0,树根,210,43,23,81,81,216,0,_
46,0,oo,58,161,33,7,7,242,0,_
47,0,云呢,31,68,35,3,3,82,0,_
48,0,（唯一军）福气,119612,66,25091,28,28,5654,1,感谢官方，感谢官方绿色平台，传递正能量_
49,0,用户8801410701447,0,153,6,0,0,3281,1,fsntbjdbhzktbnnstnfjvgbjdvtbkdbfnmzcfmdkkxtkrkm(kdksklsldlsllskbHKKZKELLDLWLMLZLLLL_
50,0,用户638890314189,0,118,1,0,0,208,0,_
51,0,刘会芳,20,1038,55,1,1,1592,0,_
52,0,小仙女吖~🌸,332,1033,31,46,46,3389,0,_
53,0,不忘初❤,174,67,37,24,32,406,0,_
54,0,沧海难为水4683,7,826,7,0,0,0,0,_
55,0,用户7260425682528,0,5,0,0,0,15,0,_
56,0,爱的宝贝,1048,982,119,240,240,3178,1,我是25个月宝宝，爱看抖音，也喜欢拍抖音。_
57,0,张小宝,1,255,1,2,2,453,0,_
58,0,用户5436865136131,0,10,3,0,0,25,0,_
59,0,过往 流年,546,591,201,36,36,3143,0,_
60,0,公主殿下,1,7,0,2,2,24,0,_
61,0,(ಥ_ಥ)(ง •̀_•́)ง,5,22,5,2,2,42,0,_
62,0,用户1126101117156,0,515,1,0,0,1645,0,_
63,0,一直在,5,589,32,2,2,2007,0,_
64,0,什麼都別說了,78,576,67,16,17,3168,0,_
65,0,用户7321207387143,0,31,1,0,0,93,0,_
66,0,Aline HUANG ,72,5000,103,15,15,27927,0,_
67,0,用户9111272525295,0,180,8,0,0,499,0,_
68,0,香香,677,756,137,88,88,2640,0,_
69,0,xiuling,286,223,38,77,77,1110,0,_
70,0,华姐,1,711,7,0,2,500,0,_
71,0,徐师傅,16,387,30,11,11,1128,0,_
72,0,P秀儿,217,1205,123,22,22,2291,0,_
73,0,用户5165070504976,0,35,1,0,0,135,0,_
74,0,已重置,998,1540,135,261,262,7056,0,_
75,0,👑斗车妹👑,441,518,48,54,54,1120,1,不锈钢两轮，四轮斗车生产商，期待您的选择！联系方式:13007662983_
76,0,回忆,0,12,5,0,0,37,0,_
77,0,用户7080009331834,25,107,3,0,0,0,0,_
78,0,繁星四月,0,217,16,0,0,917,0,_
79,0,用户3423280628572,3,36,2,1,1,228,0,_
80,0,英,0,822,51,0,0,2468,1,.&卜化\_
81,0,用户999283418,0,227,7,0,0,1789,0,_
82,0,翠竹,800,648,91,55,56,4649,0,_
83,0,！,493,901,78,103,104,1866,0,_
84,0,用户1480834749350,0,10,1,1,1,34,0,_
85,0,用户7716010892575,1,21,1,1,1,67,0,_
86,0,虫虫,421,100,30,68,69,2223,0,_
87,0,海浪,77,242,5,37,37,1,0,_
88,0,永爱一丫丽颖(小号),23,65,9,5,5,2074,0,_
89,0,用户9054476044769,80,182,6,77,77,2686,0,_
90,0,YOYO,20,589,30,3,3,2629,0,_
91,0,用户5180912561706,0,847,7,0,0,2546,1,w_
92,0,用户3239050514455,0,224,9,0,0,683,0,_
93,0,用户2252629134510,220,4999,137,14,14,9218,0,_
94,0,用户9268459627476,0,79,1,0,0,363,0,_
95,0,闪亮每一天,2,90,32,1,1,1023,1,规律 了匹配_
96,0,爱你( •̥́ ˍ •̀ू )丫头,408,142,38,94,94,1406,0,_
97,0,刘招连,7848,3450,1163,383,396,25823,1,刘招连_
98,0,小公举雪,1275,216,130,23,23,603,1,售后：18052137236_
99,0,Y💋文刂,0,131,5,0,1,306,0,_
100,0,用户629015281592,253,258,56,33,33,409,0,_
101,0,🍭,230,839,36,58,58,21892,0,_
102,0,彩萍,320,992,74,188,190,4220,0,_
103,0,薇薇护肤,2891,1288,302,440,441,1769,1,哈喽哈喽   大家好，我是薇薇护肤，关注我，学习护肤小知识_
104,0,贵州的学生,12,391,14,7,7,205,0,_
105,0,vbzhshs,117,329,21,0,0,0,0,_
106,0,用户4561396045235,0,212,2,1,1,627,0,_
107,0,徐静,0,3662,178,0,0,37290,0,_
108,0,用户3198439026933,0,12,0,0,0,93,0,_
109,0,用户4533088112074,106,245,26,31,31,830,0,_
110,0,用户7003515821879,37,65,10,8,8,217,0,_
111,0,橙子酱,3,23,13,7,7,93,0,_
112,0,有舍有得，爱不将就,13,323,7,5,5,972,0,_
113,0,梦瑶小仙女♥,199,56,33,10,10,2345,1,感谢抖音平台～_
114,0,小公主👸贝,97,867,32,18,18,257,0,_
115,0,开心家族,4,53,4,3,3,412,0,_
116,0,用户4102084861175,10,51,0,10,10,335,0,_
117,0,萌萌宝,39,1473,5,16,16,5680,0,_
118,0,宝哥,468,881,63,84,90,62323,0,_
119,0,用户7519158993490,0,136,1,0,0,475,1,▽、退、.√_
120,0,少一,220,282,17,67,67,883,0,_
121,0,红尘的小迷弟,265,746,73,50,51,6869,0,_
122,0,，,0,403,4,0,0,842,0,_
123,0,小鱼儿,21,64,14,2,2,133,0,_
124,0,臭宝,236,326,68,31,40,1606,0,_
125,0,用户5748365105791,25,3544,230,5,5,5577,0,_
126,0,佳佳,284,44,49,18,18,1629,0,_
127,0,宁强胡家坝镇阳光宝宝孕婴童用品店,621,144,173,56,58,315,1,面朝大海  春暖花开_
128,0,全都属于李♥,597,594,39,0,0,0,0,_
129,0,可子妈,167,498,94,7,7,2671,0,_
130,0,3宝争霸👨👩👧👦👧,54,294,28,17,17,20727,0,_
131,0,鑫淼#^_^#,51,232,42,4,5,2068,0,_
132,0,用户6212983158287,0,11,1,0,0,59,0,_
133,0,阿良,0,64,4,0,0,83,0,_
134,0,华,39,147,24,8,8,458,0,_
135,0,淡定一切,253,891,71,21,22,3056,0,_
136,0,用户6946801204106,51,81,11,16,16,397,0,_
137,0,璇璇,348,508,41,121,121,2070,0,_
138,0,only,47,223,5,24,24,7514,0,_
139,0,宋小米,2632,313,146,220,228,2639,1,宝贝萌你没道理_
140,0,江文娟,0,39,6,0,0,7154,0,_
141,0,快乐,19,202,34,2,2,689,0,_
142,0,用户8975556633202,0,260,29,0,0,484,0,_
143,0,商桂宜,911,145,93,126,126,532,0,_
144,0,用户6103690913225,0,45,2,0,0,224,0,_
145,0,阿海,978,650,196,78,78,1914,1,望江亭鱼具，全国连锁_
146,0,用户3855988912220,3,532,10,1,1,914,0,_
147,0,殇♡,0,16,10,0,0,17,0,_
148,0,覃慧雯(蚊子)🐷,82,488,31,43,43,3235,0,_
149,0,爱心9,218,331,91,61,61,8768,0,_
150,0,用户9279501332167,0,207,4,0,0,766,0,_
151,0,用户7456265982004,39,150,5,75,75,955,0,_
152,0,苦逼的生活,1,240,6,1,1,203,0,_
153,0,用户968827285884,0,63,0,0,0,736,0,_
154,0,安然,37,143,25,8,8,1121,1,一生安然_
155,0,莹ing2,0,69,3,0,0,480,0,_
156,0,用户9652027745313,158,1453,61,92,92,2293,0,_
157,0,用户8050723054142,155,462,25,26,28,1820,0,_
158,0,增,485,216,163,13,13,1205,0,_
159,0,昵称已重置,52,159,48,3,3,1917,1,。_
160,0,许明容,147,232,24,17,18,2461,1,"qaWaawaaaaqa~aaawaqf,fcchv_"
161,0,用户4853120469765,0,251,5,0,0,566,1,🚚🚖🚖🚛🚡🚜🚜🚌🚌🏎🚎🚎🚎🚜🚞✈🚲🏍🚕🚗🚗🚗🚒🚕🚍🚘🚘✈🛬🌈_
162,0,国明,0,50,0,0,0,395,0,_
163,0,社会我洋姐,560,226,47,152,153,1000,0,_
164,0,用户7470562939777,0,52,1,0,0,43,0,_
165,0,筱筱,125,406,61,9,9,2421,0,_
166,0,用户4601591767314,4,25,0,34,34,53,0,_
167,0,顶力公司,4,38,15,3,3,513,0,_
168,0,诺宝宝,1669,202,114,140,190,4436,1,先谋生，在谋爱_
169,0,琼,0,1266,71,0,0,3137,0,_
170,0,凉凉@,105,14,30,35,36,11,1,……_
171,0,萱宝,0,993,10,0,0,1755,1,开心快乐是我每天必有的_
172,0,用户7651439410675,5,431,17,1,1,1130,0,_
173,0,尹老五,0,766,4,0,0,47,0,_
174,0,、吥拽,112,30,55,63,65,965,1,一个做电商的艺术爱好者_
175,0,用户293378745,0,177,11,0,0,382,0,_
176,0,蓝莓~,66,107,34,7,10,306,1,余生对自己更好_
177,0,love--小清新,1413,2506,205,142,144,8896,0,_
178,0,小范范,0,18,1,0,0,72,0,_
179,0,用户3919150926058,5,115,5,1,1,744,0,_
180,0,用户2534315105094,260,224,26,57,57,2241,0,_
181,0,小思涵,289,153,19,120,120,771,1,0好1_
182,0,雪以珊,21,119,11,3,3,975,1,无论亲情，爱情，友情，你待我有情，我便给你真情！_
183,0,小牙贝,3,364,63,1,2,2306,1,心若在  梦就在_
184,0,舍不得,17,161,21,1,1,798,0,_
185,0,相识是一种缘分,4107,3384,846,101,110,3965,0,_
186,0,彤彤,0,36,15,0,0,384,0,_
187,0,AnnabeIIe,305,364,73,8,46,7019,1,没有悲伤，没有烦恼，让我们一起努力吧！愿2020年的我能够变得更加优秀。🙏_
188,0,用户775442,174,163,74,8,8,659,0,_
189,0,天天都开心,0,56,3,0,0,252,0,_
190,0,用户9998091335946,8,111,8,2,2,249,0,_
191,0,用户5935802165340,0,1,0,0,0,0,0,_
192,0,杨杨杨🐑,639,278,416,13,16,5673,1,谢谢你那么可爱还关注我💕 💕 💕 💕治愈系微笑送给你😃😃😃😃做一个温柔纯良且内心强大的人温暖自己也照亮他人我是杨杨杨，喜欢点关注🥰🥰_
193,0,用户489089226023,320,237,43,70,70,739,0,_
194,0,用户5151022450647,123,1305,62,26,26,5225,0,_
195,0,a 💞🌹💞a,0,105,9,0,0,221,0,_
196,0,花香,7,195,13,6,6,731,0,_
197,0,用户2230503209195,0,38,2,0,0,206,0,_
198,0,QQ糖vnhhnb bbk,486,424,70,119,119,2115,1,开心😊就好_
199,0,思🍒🌺🌱,1776,38,584,73,74,956,0,_
200,0,行不行,0,611,12,0,0,1021,0,_
201,0,童童姐姐,34,58,17,5,5,288,1,我叫张艺童，我4岁啦！这是我的专属抖音号，作品都是由我本人发出的，谢谢各位哥哥姐姐叔叔阿姨爷爷奶奶的大力支持，评论我自己不会回复哦，请谅解！_
202,0,泽涵宝贝,0,247,11,0,0,840,1,ij_
203,0,徐勤92226,1174,611,373,60,60,809,1,我喜欢唱歌唱戏_
204,0,徐军山,0,448,49,0,0,540,0,_
205,0,╰つ゛ 无名小姐,12,1458,25,1,1,2817,0,_
206,0,Okinawa,27,332,23,2,2,1461,0,_
207,0,用户774774970352,991,126,157,230,233,679,0,_
208,0,媛媛,56,96,19,13,13,381,0,_
209,0,随缘,339,166,75,20,21,2227,0,_
210,0,用户1534235169225,241,308,19,31,31,3495,0,_
211,0,花🌸之密语,1,85,1,2,2,212,0,_
212,0,用户3668241574142,0,6,4,0,0,11,0,_
213,0,用户9368047457046,0,198,0,0,0,624,0,_
214,0,宛蓉子,6,2376,43,1,1,7350,1,世界因你精彩，因我更精彩！_
215,0,小伶姐姐们，🐶️🐰️,199,714,31,237,237,2322,1,茂密的两姐妹_
216,0,用户2422136657784,0,4,0,0,0,3,0,_
217,0,用户5698435345000,0,419,9,0,0,1456,0,_
218,0,用户4881583219177,11,3588,31,1,1,7777,0,_
219,0,用户1823675827719,0,158,1,0,0,1098,0,_
220,0,dan～～～,64,355,23,10,11,854,0,_
221,0,小郭子,15,535,17,2,2,1295,1,8_
222,0,ⅲ(雪寻梅)ⅷ,29,331,38,1,1,39314,0,_
223,0,密密麻麻密密麻麻,2,11,1,1,1,23,0,_
224,0,用户7963212313984,104,358,15,85,85,1229,1,6_
225,0,用户7670484088774陈雅琳,26,382,16,10,10,786,0,_
226,0,最美不过刚刚好16,203,206,29,90,91,934,0,_
227,0,瑶仔,23,192,7,7,7,905,0,_
228,0,小柠檬,112,850,27,0,0,0,0,_
229,0,用户9254362122921,496,238,36,176,176,1099,0,_
230,0,双胞胎妈咪,3538,184,759,104,105,4728,1,爱宝贝们_
231,0,用户3749547190586,216,333,45,24,24,723,0,_
232,0,谭谭儿,0,91,2,0,0,199,0,_
233,0,吨吨吨,15,31,3,11,11,104,0,_
234,0,王雨婷,1281,1743,102,113,114,7488,0,_
235,0,回忆童年,2420,1668,359,64,65,69195,1,开心快乐_
236,0,我在哪里等你,188,68,37,32,32,238,1,想吃草莓的找我_
237,0,#####,19,37,19,5,5,1787,0,_
238,0,奈奈苏.,5059,839,2835,0,0,0,0,_
239,0,爱琴海,172,446,31,20,20,1792,0,_
240,0,用户4017414395948,8,155,0,13,13,345,1,野∵_
241,0,小黑虎童鞋业,965,16,76,48,48,155,0,_
242,0,萌萌哒,1392,497,115,254,254,3566,0,_
243,0,依米阳光,435,750,58,50,50,0,0,_
244,0,王路,290,215,45,51,51,0,0,_
245,0,🌺蜜桃涟漪🌺,61,659,15,8,8,1251,1,谢谢关注_
246,0,爱子峰,0,160,0,0,0,499,0,_
247,0,祺祺,27,126,17,3,3,9156,0,_
248,0,芸儿,113,95,32,18,18,449,0,_
249,0,小苏,105,350,39,18,18,1577,0,_
250,0,会说话的眼睛,565,67,38,45,46,511,0,_
251,0,用户4874455008361,0,214,1,0,0,133,0,_
252,0,用户7106720031670,245,946,47,48,48,2809,1,._
253,0,诺宝初夏,53,316,36,12,12,1219,0,_
254,0,小贝,52,117,36,3,3,383,0,_
255,0,嘉音妈咪,35,75,7,5,5,916,0,_
256,0,1,0,177,10,0,1,638,0,_
257,0,泡泡,7,165,7,3,3,1226,0,_
258,0,棉花糖果,38,375,24,18,18,1006,0,_
259,0,用户571079825406,1,460,16,1,1,804,0,_
260,0,宁家小妞,467,420,76,155,155,1396,0,_
261,0,刘华哥,0,4406,25,0,0,6689,0,_
262,0,我叫婷婷😍,283,294,14,88,88,1682,1,小可爱_
263,0,二豆,40,606,11,18,18,1377,0,_
264,0,用户3974710593563,41,410,14,7,7,1045,0,_
265,0,一生相随呀亲,7,610,44,4,4,294,0,_
266,0,小乖乖,135,3929,304,18,18,5143,0,_
267,0,用户2459632125936,0,370,30,0,0,642,0,_
268,0,用户6107127080601,0,3,1,0,0,10,0,_
269,0,栖栖,0,41,5,0,0,196,0,_
270,0,淘气包栾皓然,218,34,37,13,13,3207,0,_
271,0,用户2820367373332,0,384,4,0,0,713,0,_
272,0,涵，，，,3,347,4,5,5,1136,0,_
273,0,彤彤,0,179,4,0,0,248,0,_
274,0,丶：,0,210,3,0,0,557,0,_
275,0,夏,108,1149,152,41,41,2559,1,我们都不擅长对别人狠心，对自己心软_
276,0,吉安一米森林有氧快装,162,394,47,44,44,5385,0,_
277,0,这名字可以,203,735,174,3,54,959,1,玄不救非，氪不改命_
278,0,定,967,546,135,178,178,1259,0,_
279,0,开心果,42,3437,58,6,6,1049,0,_
280,0,甜蜜蜜,95,341,71,10,12,654,0,_
281,0,萱宝儿,95,129,12,14,14,303,1,生活就像一杯苦咖啡签明处：18219306262_
282,0,用户815601789165,0,20,3,0,0,83,0,_
283,0,初艳,0,29,6,0,0,61,0,_
284,0,抖抖更快乐,6,129,5,1,1,353,0,_
285,0,小小乐j,235,60,40,36,36,0,0,_
286,0,健康就好,34,206,7,4,4,823,0,_
287,0,用户6306394915094，,0,67,5,0,1,1381,0,_
288,0,淡然一笑,143,74,64,10,11,519,0,_
289,0,唐家园林,100,165,6,22,22,659,0,_
290,0,依依妹,384,758,126,24,25,1155,0,_
291,0,用户7516904330564,0,171,2,0,0,621,0,_
292,0,moya1120,1106,59,93,185,188,1438,0,_
293,0,郑文,0,18,3,0,0,362,0,_
294,0,人生路111199993300,0,106,9,0,0,460,1,汪_
295,0,心情好看风景,0,59,7,0,0,310,0,_
296,0,梁敏,270,184,38,57,57,816,0,_
297,0,玫,0,227,1,0,0,613,0,_
298,0,用户886789,0,97,3,0,0,576,1,无聊人_
299,0,烂胡子,32,278,65,2,2,27153,0,_
300,0,林小白,93,44,37,19,22,9298,1,喜欢晒太阳。_
301,0,小公主,0,799,4,0,0,1333,0,_
302,0,轮回的身影,0,320,13,0,0,585,0,_
303,0,用户6542196341632,0,6,0,0,0,2,0,_
304,0,用户8219473916384,0,9,0,0,0,25,0,_
305,0,用户8423671677206,0,48,1,0,0,171,0,_
306,0,🍃一朵🌺向阳花,0,21,2,1,1,182,0,_
307,0,心心,50,419,19,20,20,130,0,_
308,0,用户4332822475683,96,437,41,11,11,733,0,_
309,0,彤宝,0,33,2,0,0,113,0,_
310,0,用户6448338514367,0,29,4,0,0,261,0,_
311,0,用户4821593294001,15,1401,27,24,24,213,0,_
312,0,5630,0,45,13,0,0,152,0,_
313,0,幸福人生,0,280,6,0,0,1709,1,0_
314,0,康树成,83,2233,137,3,3,4008,0,_
315,0,我爱花椒,338,1379,68,88,88,2179,0,_
316,0,不够格,8445,531,345,307,308,6697,1,记录双胞胎的生活。_
317,0,小皮球儿,19,65,34,7,8,180,0,_
318,0,糖糖,147,275,19,33,33,1002,0,_
319,0,家有儿女,32,74,15,17,18,254,1,不知道怎么表达现在的心情_
320,0,蜜桃奶奶,0,815,6,0,0,2807,0,_
321,0,手机用户59094149407,172,661,24,172,172,1944,1,…2口△44千555_
322,0,用户4895128596557,0,46,1,0,0,212,0,_
323,0,罗关香,0,5,0,0,0,0,0,_
324,0,用户9898659715326,6,248,21,1,1,781,0,_
325,0,小宋,4443,935,611,44,47,6326,0,_
326,0,用户9634427676560,16,71,8,3,3,242,0,_
327,0,小幸运,25,154,11,5,5,352,0,_
328,0,茜雅妈,1263,1613,120,153,153,12516,0,_
329,0,快乐每一天,0,738,29,0,0,1675,1,亚哥_
330,0,用户4869504380602,0,10,0,0,0,14,0,_
331,0,用户9021551530050,40,164,30,6,6,944,1,我知道了。嗯。你的。真的_
332,0,明天会更好,332,377,84,18,19,1702,0,_
333,0,香金,47,592,27,3,3,838,1,o_
334,0,耿慕睛,224,119,12,77,77,873,1,我是六岁多的小女孩，请多多关照哟_
335,0,姚姚欲坠,317,3217,297,0,0,0,0,_
336,0,✌✌,419,223,72,42,46,861,1,饿( •̥́ ˍ •̀ू )_
337,0,最美夕阳红,28,27,6,7,7,12,0,_
338,0,用户1278206647933,3,367,6,2,2,2492,0,_
339,0,不知如何起名,79,631,5,0,0,0,0,_
340,0,用户4411870304343,5,1195,8,15,15,267,0,_
341,0,吉祥三宝,279,175,87,42,43,852,1,谢谢你的关注！_
342,0,女人的高傲，你不懂,27,46,19,0,0,1438,0,_
343,0,福气如,222,39,52,12,12,34,1,成年人的难过都是，我很不开心，但我不说。_
344,0,小样,0,392,19,0,0,2491,0,_
345,0,辰宝,30,12,13,10,11,25,0,_
346,0,用户207658240762,0,557,5,0,0,471,0,_
347,0,用户8636306899262,0,4,0,0,0,0,0,_
348,0,终究还是庄周开了荤 昧着良心顿了鲲,0,63,0,0,0,0,0,_
349,0,用户948651,2,180,9,1,1,164,0,_
350,0,燕子,486,856,60,65,65,1252,0,_
351,0,张奖妹,0,104,5,0,0,208,0,_
352,0,尚淑娟,0,484,7,0,0,0,0,_
353,0,大豆小比,0,284,3,0,0,568,0,_
354,0,姚,832,257,70,104,104,1033,0,_
355,0,张明英,0,1255,25,0,0,189,0,_
356,0,幸福快乐,470,205,118,29,31,2758,0,_
357,0,用户38794560609,5,410,2,1,2,2528,0,_
358,0,林妹妹,227,51,47,25,25,3822,0,_
359,0,可爱,46,314,24,7,7,822,0,_
360,0,平安(王家俩姊妹),214,302,272,15,15,1116,1,落红不是无情物  化作春泥更护花_
361,0,一直都在,445,115,76,180,180,1744,0,_
362,0,用户4270045463457,0,511,11,0,0,976,0,_
363,0,幸福快乐☻,38,1330,17,0,0,0,0,_
364,0,Tanny,45,117,28,5,5,1396,0,_
365,0,两宝贝,112,287,35,49,49,1183,0,_
366,0,小辣椒0202,0,166,6,0,0,323,0,_
367,0,用户7070874766377,51,647,24,13,13,1584,0,_
368,0,用户4804692758250,0,139,6,0,0,338,0,_
369,0,啊月,0,132,0,0,0,311,0,_
370,0,宋大孃′,52,130,11,6,6,249,0,_
371,0,世焜,900,815,130,42,42,4251,0,_
372,0,快乐的宝贝,692,1707,186,19,21,8616,0,_
373,0,欧诺,217,2395,154,5,5,2439,0,_
374,0,dyna2zmp1g03,0,29,9,0,0,65,1,专业石材选材，设计，加工，安装一条龙服务，20年专业经验，13318386762_
375,0,随心所欲,43,45,8,9,9,162,0,_
376,0,燕,0,505,1,0,0,596,0,_
377,0,杨柳兰,51,1293,45,29,29,2772,0,_
378,0,用户4005178176450,0,80,1,0,0,217,0,_
379,0,在水一方,127,248,45,62,64,781,0,_
380,0,腾馨,621,1263,48,86,86,1566,0,_
381,0,廖家姐弟合作,33,425,11,32,32,1320,1,老铁们我要上热门！_
382,0,彤彤🌻小姐姐,210,281,143,21,21,3975,0,_
383,0,明彩,30,763,22,17,17,2391,1,广东吴川_
384,0,用户2335253407932,0,328,3,0,0,1555,0,_
385,0,国民妹纸,68,72,31,0,0,0,0,_
386,0,wenwen,97,56,7,26,26,157,1,hnh_
387,0,晨ZHGN,29,144,9,13,13,187,1,我就是我，不一样的烟花！！_
388,0,杨叶,0,283,17,0,0,1346,0,_
389,0,桔梗花,3021,639,142,123,123,2828,1,别站在你的角度看我，我怕你看不懂。_
390,0,cc1221,794,9,53,0,0,0,0,_
391,0,开心,1927,1223,340,67,67,15774,1,.三天了，，，， γ.一′，‘γ短一~一一一冫′↑“_
392,0,用户4514079975121,0,45,2,0,0,140,0,_
393,0,用户274634234568,127,1189,47,49,49,1963,0,_
394,0,MT十四,194,761,65,17,17,3225,1,快乐两姐弟_
395,0,放空丶自我,77,1277,46,10,10,4076,0,_
396,0,用户2037495899504,0,21,0,0,0,25,0,_
397,0,钿欣琪铃,8306,88,1074,20,26,5467,1,呵呵_
398,0,baihuzi,0,14,2,0,0,122,0,_
399,0,爱你是幸福,181,486,82,18,18,1405,0,_
400,0,丁,14,212,9,3,4,916,0,_
401,0,用户2679882625802,1,72,0,3,3,280,0,_
402,0,潇云,2,503,18,1,1,1875,1,别低头 王冠会掉。别流泪  坏人会笑。_
403,0,风中行,0,98,1,0,0,490,0,_
404,0,用户113562562083,454,61,52,82,83,365,0,_
405,0,用户1856036619806,135,99,14,30,30,333,0,_
406,0,|、,5488,723,292,287,290,10926,0,_
407,0,黄大仙,11649,1679,1398,247,249,0,1,我珍惜你时 请你也珍惜我 我能惯着你 也能换了你_
408,0,十妹,30,14,12,17,17,530,0,_
409,0,用户1988894617041,0,82,5,1,1,102,0,_
410,0,某年,72,142,36,13,13,1288,0,_
411,0,玫瑰,76,22,98,5,5,5764,0,_
412,0,李,0,132,20,0,0,648,1,crp_:k)_
413,0,闺蜜是小璐,0,404,3,0,0,701,0,_
414,0,用户1468589079780,0,59,0,0,0,191,0,_
415,0,张紫函,170,490,21,71,71,7264,0,_
416,0,《英俊》梦之缘,1771,4737,976,88,88,4918,1,一生一世情缘_
417,0,新爱,1,51,6,1,1,231,0,_
418,0,花季,39,213,16,7,7,619,0,_
419,0,用户5514058983795,1,8,1,2,2,54,0,_
420,0,农民,2,25,7,0,0,377,0,_
421,0,用户5178724672023,0,204,1,0,0,1709,0,_
422,0,娃娃脸,28,101,18,2,2,670,0,_
423,0,安然无恙,156,425,40,0,0,0,0,_
424,0,🌸,0,9,7,0,0,768,0,_
425,0,代燕,12,132,28,1,1,700,0,_
426,0,66666,338,244,56,181,181,413,1,广东省西牛英德_
427,0,用户787908,30,122,20,4,4,576,0,_
428,0,李绍玲,7,157,6,5,5,581,0,_
429,0,贺婷,123,22,14,21,21,418,0,_
430,0,科比张扬兵,16,50,7,12,12,140,0,_
431,0,宝贝,325,202,84,59,59,878,0,_
432,0,微笑晨曦,89,800,48,23,98,1615,1,感谢大家的厚爱，感谢关注，感谢有你们！_
433,0,夕阳红,0,132,3,0,0,573,0,_
434,0,用户977495227869,0,65,5,0,0,289,0,_
435,0,茜,66,644,52,3,5,1746,0,_
436,0,用户9146211964995,118,40,36,9,9,1176,0,_
437,0,用户4527582193024,0,7,0,0,0,26,0,_
438,0,用户620412487287,0,29,1,0,0,16,0,_
439,0,熙琳,897,71,52,169,169,3412,0,_
440,0,三年,0,24,3,0,0,358,0,_
441,0,用户8456400158203,209,224,27,18,18,1217,0,_
442,0,姐的霸气你不懂,339,163,33,0,0,0,0,_
443,0,如儿🐱,71,317,27,14,15,683,0,_
444,0,孙婉宁,1,5,1,1,1,113,0,_
445,0,颜颜,0,187,1,0,0,222,0,_
446,0,用户4065580005540,0,1415,6,0,0,685,1,身体健康很重要_
447,0,邹若菲,570,504,103,223,223,459,1,邹若菲_
448,0,可惜我还没封王*,26,693,76,4,13,3411,0,_
449,0,安然无恙5,71,481,29,17,22,1806,0,_
450,0,用户8568313312596,400,32,28,0,0,0,0,_
451,0,小凯,37,56,3,20,20,250,0,_
452,0,用户608613,21,149,8,2,2,4570,0,_
453,0,用户5471855481430,1,86,1,1,1,156,0,_
454,0,开心,54,238,35,6,6,0,1,谢谢关注_
455,0,周晨,16,586,24,1,1,1858,0,_
456,0,啦我是🔒,2,238,11,0,0,0,0,_
457,0,🌸滢麻麻🌸,98,320,40,14,17,2088,0,_
458,0,田妈妈,748,182,79,135,135,1037,0,_
459,0,珍妮佛,3154,161,246,210,210,12171,0,_
460,0,大姐,76,81,10,20,20,926,0,_
461,0,用户3416989403959,0,298,7,0,0,773,0,_
462,0,用户915060428814,29,2045,34,3,4,18745,0,_
463,0,小文,18,209,2,10,10,2385,0,_
464,0,用户6252791395532,13,1144,36,2,2,1690,0,_
465,0,女帝@,4,55,3,2,2,142,0,_
466,0,用户5925406733884,0,16,0,0,0,34,0,_
467,0,冰狼,10,54,17,1,1,85,1,只管努力，剩下的交给天意_
468,0,快乐就好,19,1535,36,3,3,680,0,_
469,0,mayira,289,139,45,33,33,3332,0,_
470,0,陈美女,240,475,70,28,28,3303,1,我就是我，不一样的烟火_
471,0,末末,0,564,56,0,0,1466,0,_
472,0,廖淑怡,35,931,65,4,4,1290,0,_
473,0,用户398044975,0,7,4,0,0,13,0,_
474,0,用户8492775926421,0,7,0,0,0,29,0,_
475,0,倾城之恋,29,1289,12,0,0,0,0,_
476,0,1%,7,971,56,0,0,0,0,_
477,0,O,31,1483,31,1,2,2553,0,_
478,0,咏,228,136,37,19,19,700,0,_
479,0,吓妹,170,141,40,78,78,250,0,_
480,0,幸福快快乐乐,133,218,47,29,29,1223,0,_
481,0,陪君浪迹天涯,1238,216,57,209,209,1126,1,爱一个人，如果伤害了。就丢了，放弃就丢了吧！_
482,0,用户2297220607390余生要善待,176,952,44,12,39,2234,0,_
483,0,maybe,57,93,44,6,6,8136,1,平乚、↖‘一_
484,0,用户8111061100110,0,523,16,0,0,1431,0,_
485,0,同意,0,5,0,0,0,13,0,_
486,0,用户4064267761621,29,1741,58,1,1,4256,0,_
487,0,💋,5,18,3,1,1,74,0,_
488,0,用户144160502064,2,1072,7,2,2,144,0,_
489,0,用户5095978129504,0,303,9,0,0,527,0,_
490,0,用户914102,0,20,13,0,0,0,0,_
491,0,文惠👄,389,377,68,40,41,3029,0,_
492,0,用户9528234783177,8,83,12,3,3,117,0,_
493,0,《我心飞翔》,23,308,34,4,5,796,0,_
494,0,，，，，，，,0,31,2,0,0,81,0,_
495,0,用户9735204096704,0,30,0,0,0,561,0,_
496,0,平儿,0,55,4,1,2,226,0,_
497,0,用户9613555418255,0,149,3,0,0,366,0,_
498,0,马儿,38,522,61,3,3,1614,0,_
499,0,琪宝贝,54,37,14,30,30,151,0,_
500,0,珃宝宝,0,90,4,0,0,199,0,_
501,0,静云,23,230,32,0,0,759,0,_
502,0,周海锐,171,2042,131,29,29,2878,0,_
503,0,@👑,0,43,4,0,0,136,0,_
504,0,英,0,332,31,0,0,752,0,_
505,0,用户6305032098474,6,116,5,0,0,0,0,_
506,0,用,55,287,28,9,9,26,0,_
507,0,小乐_1886906,440,121,25,0,0,0,0,_
508,0,小玲,0,270,17,0,0,27077,0,_
509,0,用户6364826726199,0,317,5,0,0,366,0,_
510,0,紫光物联智能家居芮城店,669,1316,312,44,49,2310,0,_
511,0,李勇坤,0,2949,97,0,0,0,1,放飞自我·时光一去不返复·_
512,0,兰,1,107,4,0,1,387,0,_
513,0,Wαn9m5iJ15,595,531,160,31,32,2052,0,_
514,0,顾曦,0,319,16,0,0,1097,1,、_
515,0,晨晨,40,647,34,6,7,1695,0,_
516,0,杨舒涵,117,171,17,56,56,716,0,_
517,0,用户1683888875727,0,92,4,0,0,215,0,_
518,0,用户3042053245120,0,21,1,0,0,56,0,_
519,0,Evin小哥哥,9,146,11,5,5,817,0,_
520,0,用户3155015227471,0,679,10,0,0,770,0,_
521,0,黄雪梅,34,374,76,1,1,1949,0,_
522,0,习2下下穴。、可小土寸十忍,18,617,20,3,3,2985,0,_
523,0,兜兜,11,1629,28,1,1,3088,0,_
524,0,摩天轮,43,227,13,0,0,0,0,_
525,0,最后的最后,94,83,69,3,10,1945,1,。_
526,0,梦♀,41,20,62,5,5,45,0,_
527,0,用户7213104856253,14,171,13,6,6,1173,0,_
528,0,用户5049526910300,3,55,7,3,3,168,0,_
529,0,忆夏✔,0,435,22,0,0,462,0,_
530,0,猪屁登,0,3321,13,0,0,5734,0,_
531,0,用户5282457130977,0,3103,93,0,0,3605,0,_
532,0,用户4891520200077,3,14,1,1,1,150,0,_
533,0,贪婪迩的温柔,176,4827,87,33,33,2166,0,_
534,0,男人要照顾自己,0,382,26,0,0,1632,1,yiko?_
535,0,用户6241084695932,0,895,15,0,0,35,0,_
536,0,财,0,121,10,0,0,389,0,_
537,0,用户2235491383192,0,78,1,0,0,148,0,_
538,0,用户9140349028122,0,57,3,0,0,329,0,_
539,0,用户8217797861075,72,71,14,17,17,396,0,_
540,0,王诗云,529,586,110,25,26,3198,1,好好学习，天天向上！_
541,0,淼淼家👗柏尚魅俪塑型衣,0,114,2,2,2,427,0,_
542,0,蓄谋已久,2,71,5,4,4,301,1,一切靠自己_
543,0,用户8233987841281,5,69,1,4,4,116,0,_
544,0,832,0,40,5,0,0,2,0,_
545,0,王～,107,24,14,19,19,33,0,_
546,0,小狗狗,46,423,10,18,18,1144,1,我希望大家能给我点个赞，和关注。_
547,0,用户5785017055746,57,201,13,3,3,819,0,_
548,0,用户5790352051261,12,633,16,1,1,1690,0,_
549,0,用户4867569295151,0,825,4,0,0,30,0,_
550,0,王书玲,42,2848,78,7,7,8402,0,_
551,0,つ心路禁止通行,26,107,31,4,4,456,0,_
552,0,回顾人生,0,105,1,0,0,235,0,_
553,0,龙佩瑶,288,1515,23,119,119,3199,0,_
554,0,用户8153882518983,72,462,22,36,36,1372,1,怎么开心怎么过_
555,0,亦馨,89,374,10,55,55,897,0,_
556,0,抓不住你说的梦,445,339,57,31,31,1434,1,随着年头老去，你是否活成了当初自己所想的模样_
557,0,方娟,148,477,34,40,40,1068,0,_
558,0,开心就好,2,102,16,1,1,439,0,_
559,0,用户3326708253914,79,801,29,18,18,2833,1,如果爱请深爱，如果不爱请不要伤害_
560,0,1316574452,47,1155,22,18,18,771,0,_
561,0,用户781096,46,3553,37,19,19,820,0,_
562,0,唐小米,2126,173,225,91,92,5942,1,好喝好玩儿的一两小酒【唐小米酒】_
563,0,用户8499751292872张普缘,58,24,14,3,3,0,0,_
564,0,用户5542461713878,22,35,5,3,6,277,1,彤彤姥 姥_
565,0,user816815515999,106,114,41,9,9,1435,0,_
566,0,抒情歌,0,12,0,0,0,4,0,_
567,0,用户1249441081485,0,89,0,0,0,168,0,_
568,0,用户3789081306561,438,241,66,42,44,2193,0,_
569,0,天天开心,0,2109,24,0,0,1435,0,_
570,0,用户5466320323559,0,1,0,0,0,1,0,_
571,0,蝶子,62,300,58,8,8,1688,0,_
572,0,臭甜甜,16,84,8,4,4,350,0,_
573,0,岁月催人老,95,297,47,9,9,739,0,_
574,0,【猫🐱咪】女孩,1388,140,134,176,178,2284,1,☘承蒙厚爱 倍加珍惜☘☘感谢关注 铭记于心☘作品本人实拍 支持原创作品_
575,0,小王,179,4268,114,13,13,2503,1,好好学习天天向上_
576,0,用户3810835009597,0,150,6,0,0,1766,0,_
577,0,用户6343028912004,42,203,13,2,2,854,0,_
578,0,涵宝宝✔,23,150,8,14,19,415,1,涵宝宝的天真无邪_
579,0,王红,2,891,45,1,2,513,0,_
580,0,阿连,19,188,7,3,3,853,0,_
581,0,小小乔,7,230,14,1,1,617,0,_
582,0,少辉小弟鼓励少辉,11,541,29,3,4,1797,0,_
583,0,雅轩贝贝,491,341,82,0,0,0,0,_
584,0,妙英,42,151,21,12,12,2621,0,_
585,0,用户7446944072855,0,219,4,0,0,805,0,_
586,0,用户5917842013823,2,3,0,0,0,202,0,_
587,0,昵称已重置,56,240,13,37,37,258,0,_
588,0,椿,1,36,5,1,1,126,0,_
589,0,珍珠💦💦爱护肤,2375,1547,1394,9,22,1692,1,资深美容师，珍珠与你交流护肤。_
590,0,僵筱鱼,241,2814,38,0,0,0,0,_
591,0,訫石卒了无痕,93,734,57,12,12,1892,0,_
592,0,画画,862,431,274,40,40,364,1,好身材！薇+:ouyu645_
593,0,用户5306337742752,30,459,24,5,5,1888,0,_
594,0,品优花篮架,94,39,19,74,74,81,0,_
595,0,伊凡,3,95,0,1,1,160,0,_
596,0,春天的风,9,231,36,1,1,644,0,_
597,0,用户9198221100549,25,447,38,5,5,3064,0,_
598,0,用户837558966967,0,98,5,0,0,485,0,_
599,0,aaa晴晴,0,203,5,0,0,2972,0,_
600,0,用户6980577133875,0,557,6,1,1,884,0,_
601,0,👉不離不棄👈,778,927,164,73,77,3509,0,_
602,0,幸福一家520,686,313,78,114,115,1235,0,_
603,0,呆瓜,21,74,15,11,11,812,0,_
604,0,用户3850049352388,0,59,0,0,0,90,1,′丨！？↖、，，！、！？，。，，`。knb ？？？？？！_
605,0,已重置,1726,2853,427,66,77,5231,1,’\_
606,0,书英,118,116,10,42,42,215,1,吉祥三宝_
607,0,千纸鹤🌈,13,270,12,5,5,1570,0,_
608,0,用户75755488682,0,68,5,0,0,633,0,_
609,0,双胞胎与可爱的歆宝和小燕窝,501,962,439,29,57,0,1,一一丫丫萌萌姐姐：一一(薛芷诺)     妹妹：丫丫(薛芷言)小妹妹：萌萌(薛梓萌)春丽是个小妺妹歆宝小燕窝林晏琦2020中考冲鸭_
610,0,零零,0,404,14,0,0,334,0,_
611,0,The,0,202,16,0,0,450,0,_
612,0,楹,0,407,51,0,0,19607,0,_
613,0,天后美容养生会所,607,1168,402,55,55,486,1,只需要600块钱就能让你当老板 。房费员工都不需要自己花钱的自助式美容院_
614,0,用户95583549574,2,35,2,1,1,122,0,_
615,0,。。。。。。,0,824,36,0,0,5386,0,_
616,0,彩,43,83,15,12,12,482,0,_
617,0,爱在心间,0,93,3,0,0,332,0,_
618,0,悠琦麻麻,453,107,63,50,50,1578,0,_
619,0,冯大仙,401429,227,20491,100,120,1149,1,夜晚的星星粒粒分明_
620,0,用户9609539489781105,0,15,0,0,0,42,0,_
621,0,指尖上那一抹忧伤,250,70,99,9,10,127,0,_
622,0,小白兔,148,91,52,22,22,240,1,我是玉苗很可爱_
623,0,金珍 ,0,21,0,0,0,47,0,_
624,0,草莓,0,70,1,0,0,405,0,_
625,0,小谭,19,278,11,2,2,690,0,_
626,0,动次达次,104,72,27,4,4,136,1,：；上：哦哦常德市天气_
627,0,用户6843290177,57,174,25,3,3,1256,0,_
628,0,用户87581289707,0,149,3,0,0,308,0,_
629,0,菊花,65,1907,22,43,43,471,0,_
630,0,不,159,302,40,12,12,1471,1,一？；_
631,0,@凉薄,12,31,9,6,6,298,1,开心每一刻_
632,0,一家幸福,138,149,43,21,21,420,1,一家幸福_
633,0,用户4397842092302,0,55,1,0,0,196,0,_
634,0,用户3401157991967,0,103,3,0,0,321,0,_
635,0,榕树,0,3116,10,0,0,5231,0,_
636,0,黄家其,6,878,35,0,1,4108,0,_
637,0,可爱31331,0,1201,5,0,0,1303,1,别忘了关注我🙂_
638,0,潘明杰,55,1328,27,10,11,1724,0,_
639,0,海的世界,182,510,66,11,11,1843,0,_
640,0,用户9311008464315,0,11,3,0,0,27,0,_
641,0,用户8840344729795:。米,14,2312,27,0,0,0,0,_
642,0,用户1461407321051,37,512,51,2,2,2037,0,_
643,0,李家小秀,83,89,34,17,17,505,0,_
644,0,微笑，爱笑美美哒,1418,270,119,291,293,599,1,我虽不完美，但从不虚伪_
645,0,丫丫,173,213,47,15,16,2114,0,_
646,0,小欣欣,0,264,17,0,0,826,0,_
647,0,用户786146986645,0,125,1,0,0,209,0,_
648,0,用户5982439636259,39,66,28,2,2,309,0,_
649,0,南栀,0,907,2,0,0,0,0,_
650,0,雨欣,121,288,44,36,37,3163,0,_
651,0,用户6511764198732,6,24,3,1,1,537,0,_
652,0,用户136108,90,437,34,19,19,216,0,_
653,0,柒柒柒柒柒,0,198,3,0,0,217,0,_
654,0,佳用超市,0,466,16,0,0,657,0,_
655,0,用户5138131393106,0,285,13,0,0,687,0,_
656,0,花🌸,545,72,102,35,36,2069,1,"二:二:Q@300？。。幼,了。了近7。2之L的一,了Z/之心、一”。。。七Q10。及之,_"
657,0,^O^益^O^,9,52,10,4,5,363,0,_
658,0,和颜悦色,388,2358,72,56,124,4295,0,_
659,0,星月亮的公主梦,786,234,81,165,165,1989,1,爱你们哟❤💕_
660,0,hljg5d,0,151,1,0,0,539,0,_
661,0,新星电子科技,29094,597,71086,296,297,8241,1,"霸星进万家,安全你我他！霸星BQD-9518智能系列产品为您和您的家人保驾护航！_"
662,0,hyde,0,1009,8,0,0,0,0,_
663,0,刘,38,1950,44,1,1,2424,0,_
664,0,明天会更好,37,53,10,14,14,63,0,_
665,0,用户78016163,20,1942,73,14,14,1305,0,_
666,0,用户5070173604868,0,1101,9,0,0,8,0,_
667,0,放肆的青春不需要解释,25,53,30,2,2,3046,0,_
668,0,刘成,220,186,55,28,29,562,1,几个疯女人_
669,0,用户1078034271451,0,233,1,0,0,2753,0,_
670,0,用户3694118401343,8,121,4,5,5,338,0,_
671,0,秀英,6,408,50,1,1,2006,1,:歹订Nn;)()lllll>@@@@............“tftggy”_
672,0,琳,4566,240,209,296,311,1767,0,_
673,0,用户1807413769126,3,614,9,15,15,1182,1,在e⊙ω⊙_
674,0,热子亚,127,470,195,9,9,1876,0,_
675,0,哦,141,59,21,26,26,256,0,_
676,0,L%CZ,178,447,43,12,12,2873,0,_
677,0,用户6352844078786,10,84,10,1,1,459,0,_
678,0,用户1243112108206,217,228,22,34,34,1110,1,？？       ！？？？？？？？？？？？？？？？？？？？？？？？？？？？？！！？？_
679,0,清扬,670,258,58,142,142,1741,0,_
680,0,欣欣,175,119,6,0,0,0,0,_
681,0,用户4602508260242,0,127,1,1,1,775,0,_
682,0,用户8969911992524,6,393,13,2,2,1619,0,_
683,0,。。。。。,0,1175,7,0,0,0,0,_
684,0,用户4151112197731,24,30,10,3,3,20,0,_
685,0,祈祷,13,342,20,3,3,731,0,_
686,0,梅,200,3424,117,11,30,7898,0,_
687,0,用户3276875937378,172,429,50,18,18,2047,0,_
688,0,Maize,23,429,20,6,7,272,0,_
689,0,唯美,11,19,6,2,4,141,0,_
690,0,21号,0,1100,24,0,0,1613,0,_
691,0,有你安好,5,49,4,1,1,88,0,_
692,0,囙*憶,124,79,27,19,19,122,0,_
693,0,用户4539407858206,0,47,3,0,0,226,0,_
694,0,用户2503050636789,32,1319,9,10,10,2247,0,_
695,0,杨金蓉,449,602,104,38,38,3830,0,_
696,0,欣怡,1970,504,124,240,240,8467,0,_
697,0,Vbmhkhjvkjuilgjffkgy,0,129,5,0,0,808,0,_
698,0,56,139,265,18,28,28,746,1,，一_
699,0,曹云,3,90,8,1,2,211,0,_
700,0,用户7190395519618,57,30,7,21,21,325,0,_
701,0,用户2774886552860,0,71,4,0,0,176,0,_
702,0,用户9231399627594,0,93,4,0,0,621,0,_
703,0,刘芷妍,0,70,2,0,0,468,0,_
704,0,王一诺,263,920,18,47,47,1722,0,_
705,0,如月,93,592,37,12,12,2333,0,_
706,0,印象女孩,54,1781,61,5,7,2407,0,_
707,0,用户5063811244574,0,695,7,0,0,1454,0,_
708,0,佩奇的世界,58,40,16,18,18,67,0,_
709,0,用户4410896345727,0,165,18,0,0,476,0,_
710,0,陪你走到底,319,23,60,24,24,218,0,_
711,0,十三叔。,129,413,50,25,25,1599,0,_
712,0,思不得解⁄(⁄ ⁄•⁄ω⁄•⁄ ⁄)⁄,1017,330,85,67,76,0,1,6_
713,0,爱你永远不变,4807,558,419,1560,1568,1634,0,_
714,0,用户6160104737898,40,946,28,15,15,3038,0,_
715,0,颜,0,74,3,0,0,436,0,_
716,0,linxinp,66,305,41,10,10,213,0,_
717,0,用户4541623482188,4,199,2,66,66,199,0,_
718,0,用户3912984480727,0,102,16,0,0,184,0,_
719,0,用户8476257071458,0,279,6,0,0,402,0,_
720,0,桐桐乐乐,86,225,44,28,28,1915,1,面向大海，春暖花开_
721,0,@我有一个不老得心！我还依旧！,67,174,73,4,5,3995,0,_
722,0,可能会过去的事吧！,581,910,98,92,92,984,0,_
723,0,1466810515,0,47,5,0,0,47,0,_
724,0,靖怡妈妈,6675,294,407,133,147,23602,0,_
725,0,博洛迪,212,230,80,23,24,2031,1,)_
726,0,感恩,25,309,8,7,8,1088,0,_
727,0,雨潼,155,1830,351,5,5,3917,0,_
728,0,★~芳~♬,6,225,11,1,1,922,1,细水流年……繁花落尽……_
729,0,快乐人生,1550,734,180,202,211,2819,0,_
730,0,快乐每一天,54,305,40,5,5,1069,0,_
731,0,用户7527722459415,0,22,3,0,0,295,0,_
732,0,丨,1950,778,126,271,271,1564,0,_
733,0,用户7487212839784,3245,847,176,0,0,0,0,_
734,0,xixi,0,199,5,0,0,4623,0,_
735,0,往后丨余生,15,50,32,2,2,3977,0,_
736,0,辣上宫主题餐厅,0,75,3,0,0,295,0,_
737,0,微风吹过的伤痕,12,178,11,4,4,442,1,不要活的太累，不要忙的太疲惫；想吃了不要嫌贵，想穿了不要说浪费；心烦了找朋友聚会，瞌睡了倒头就睡。做到没心没肺_
738,0,188335,316,1056,50,47,47,2233,0,_
739,0,用户3113269671942,0,2678,23,0,0,43,0,_
740,0,馨琪宝贝,5,2,2,33,33,4,0,_
741,0,小呆呆,104,1140,71,39,43,5175,0,_
742,0,用户5981449987941,1,185,13,1,1,433,0,_
743,0,缺一份安定,27,119,16,8,8,498,0,_
744,0,用户694827538,0,158,0,0,0,24,0,_
745,0,暖心,169,111,95,16,19,2779,0,_
746,0,小各,23,296,10,4,4,459,0,_
747,0,用户4286603751359,2,85,0,1,1,7,0,_
748,0,宝贝宝贝,269,673,63,38,38,531,0,_
749,0,小嘉嘉,688,1210,100,73,73,10570,1,健健康康，快快乐乐，过好每一天🌺🌸💐🌻_
750,0,阳光帅哥,6,412,33,1,1,821,0,_
751,0,用户601654,39,70,25,12,12,937,0,_
752,0,孤白,1,165,26,0,0,2332,0,_
753,0,yy0709,27,16,34,2,2,44,0,_
754,0,烂漫的菊,147,85,26,27,27,806,0,_
755,0,徐宝的日常,0,180,15,0,0,504,0,_
756,0,金欧莱丽丽,826,407,181,56,63,1786,1,分享生活，分享美，如何遛娃，探讨遛娃经验！愿努力的人，都越幸运👍_
757,0,H,53,32,24,20,20,202,0,_
758,0,一笑肖奈,197,914,51,32,32,346,1,要不要做_
759,0,用户3221211529252,0,1421,21,0,0,1933,0,_
760,0,用户325529013684,5,530,7,0,0,0,0,_
761,0,用户3571149402847,0,34,0,0,0,73,0,_
762,0,用户2210486096015,0,29,5,0,0,94,0,_
763,0,用户78769023813,58,821,17,13,13,1446,0,_
764,0,",一生平安",21,348,35,2,2,790,0,_
765,0,平安是福,61,744,41,5,5,4440,0,_
766,0,Yao瑶🍂,153,223,13,83,83,1052,1,马上买好了： 乙：6： ：：；：；：谁：；；；_
767,0,用户1701677986365,3,448,6,1,1,1639,0,_
768,0,坏宝♥,114,1019,66,5,5,9657,1,？_
769,0,用户496362714834,0,86,1,0,0,206,0,_
770,0,用户2158290117727,0,77,3,1,1,259,0,_
771,0,小黎,985,772,227,117,118,2643,1,我有两个可爱宝贝_
772,0,灰灰,0,28,2,0,0,46,0,_
773,0,用户790219111354012355,0,16,18,0,0,499,0,_
774,0,小仙女,0,147,86,0,1,6645,0,_
775,0,用户1223184300562,161,48,11,88,88,788,0,_
776,0,我叫萌宝宝,188,281,36,27,28,1118,1,m9(´∀｀)就是你！_
777,0,尚雅婷,68,536,19,21,21,405,0,_
778,0,用户1784829764671,8,70,7,6,6,158,0,_
779,0,宝贝,17,25,7,0,7,561,0,_
780,0,用户4668536038029,0,47,2,0,0,161,0,_
781,0,开心宝贝,34,418,4,0,0,0,0,_
782,0,瑞曦,0,357,3,0,0,558,0,_
783,0,用户178645899,52,563,5,11,11,103,0,_
784,0,用户1476400818437,45,368,12,7,7,942,0,_
785,0,九六,1247,165,58,215,215,0,0,_
786,0,用户7524306209098,2,66,3,4,4,171,0,_
787,0,用户6343345777455,47,220,30,7,7,1139,0,_
788,0,用户8519519373894,0,4,0,0,0,1,0,_
789,0,用户7125926045109,0,114,1,0,0,284,0,_
790,0,用户2881350555034,0,448,5,0,0,1734,0,_
791,0,芬,58,155,49,6,6,392,0,_
792,0,山丹,39,919,71,3,3,1897,0,_
793,0,菲曦钞,0,38,1,0,1,108,0,_
794,0,用户6367134982684,0,17,2,0,0,10,0,_
795,0,用户9456937910760,9,75,2,13,13,308,0,_
796,0,三年级小公主,1883,829,155,127,127,7749,0,_
797,0,牛妹,0,23,0,0,0,157,0,_
798,0,用户7403690830935,50,933,64,4,4,1447,0,_
799,0,幸福人生,48,165,198,13,21,2337,0,_
