0,0,宝妈一枚👸,65,99,20,18,20,475,1,不要在该拼搏的年纪，想得太多，做得太少！V👼zhiweinicunzai123真心交朋友可以加我！欢迎👏👏_
1,0,王一博的小摩托🍍,0,21,4,0,0,318,0,_
2,0,瞹,0,1744,3,0,0,1240,0,_
3,0,Wwww..,214,62,57,44,44,1811,0,_
4,0,雪樱兔,78,1711,42,8,9,5000,1,张榆培_
5,0,杰尼杰尼,0,114,2,0,0,887,0,_
6,0,桀骜不驯,11,65,28,1,2,912,0,_
7,0,用户7211178846931,49,314,5,13,14,495,0,_
8,0,用户5977554389992,0,11,0,0,0,22,0,_
9,0,用户7767530299305,0,104,0,4,4,0,0,_
10,0,平淡,323,105,49,0,0,0,0,_
11,0,雨啊芙,42,108,37,2,4,3715,0,_
12,0,小峰峰,0,2950,4,0,0,0,0,_
13,0,小小同学,83,30,48,14,15,2810,1,“故事若不曲折怎么教人成长”[em]e400122[/em]_
14,0,Siri！,35,372,18,0,0,0,0,_
15,0,因为太帅被罚5块,18,35,9,1,1,12489,0,_
16,0,君君家De煲仔饭,32,28,40,5,5,8070,1,没有人比你更懂自己的心，别人懂得只是一个矫情的你。_
17,0,小田田,0,158,0,0,0,0,0,_
18,0,转角的身影,67,72,47,17,17,44,0,_
19,0,。,0,93,12,0,0,120,0,_
20,0,输给了爱情……,74,101,5278,3,3,0,1,喜欢扶苏的都去追吧……我也不会管那么多了……我也不会再骂你了……喜欢就去吧，大胆一点哦😄我giao_
21,0,槿缘,0,1701,5,0,0,774,0,_
22,0,我家小猫,0,149,25,0,0,539,0,_
23,0,辰🍧🍧🍧,56,395,23,2,2,6622,0,_
24,0,被宠的市民们🔥,58,906,20,35,81,1740,1,最爱Nct127 nct dream nctUSuperM威神V尤爱高等rapper李马克马颗粒rap 合集Let's get it!_
25,0,💏自己(⑉°з°)-♡家人,9,314,14,4,4,1322,0,_
26,0,别跟冲哥我这样说话☞,977,2816,564,98,98,9862,1,汽车装修，……_
27,0,蜜橘,0,235,4,0,0,0,0,_
28,0,小吴同学呀,61,279,44,22,27,30656,1,分享好剧_
29,0,@菲ikun~,0,63,28,0,0,3804,1,你都是我舍不得欺负的人，怎么能让别人欺负你呢？_
30,0,瀚水长流,0,23,10,0,0,65,0,_
31,0,人间理想❤露思,0,11,0,0,0,14,0,_
32,0,天姿花语,11,2965,51,12,12,2344,0,_
33,0,北陌南阡,0,186,16,0,0,252,1,一厢情愿，愿赌服输_
34,0,小晗,1,431,10,0,0,0,0,_
35,0,用户4384856891727,0,59,0,0,0,262,0,_
36,0,21354,0,329,32,0,0,0,0,_
37,0,间海.,0,794,33,0,0,0,1,🐷👀_
38,0,青月爱吃糖.,0,845,10,0,0,2264,0,_
39,0,竹乡情土特产,1235,4741,676,48,49,2325,1,人生不意，坚强，坚强_
40,0,用户3315145444123,0,377,2,0,0,208,0,_
41,0,王伊一,0,57,1,0,0,16169,0,_
42,0,用户5186729802870,0,190,0,0,0,1180,0,_
43,0,…楠少为你戰天下…,3,249,95,1,1,10133,1,感谢关注_
44,0,东吴殿下,75,1725,18,3,3,16899,1,她正在关注你🚺和姐姐妹妹的日常🌹长的不好看，勿喷😘_
45,0,李旭敏👫 💅,14147,2782,1356,220,238,20283,0,_
46,0,MIN,53,85,24,6,6,264,0,_
47,0,清香,205,4133,46,74,74,15500,0,_
48,0,零点..,59,29,10,4,4,84,0,_
49,0,刘,0,261,1,0,0,0,0,_
50,0,用户5420053697825,10,1085,22,1,1,1709,0,_
51,0,天使消逝的地方,1026,126,155,242,242,1157,1,只想做真实的自己_
52,0,颜丁秀紫,0,80,3,1,1,12,0,_
53,0,昊昊的nana💚💚💚,1,10,0,1,1,8,0,_
54,0,阿吉拉姆℡,0,75,9,0,0,13249,0,_
55,0,夜冥,0,474,6,0,0,2615,0,_
56,0,叶落无心,163,26,15,17,17,911,0,_
57,0,小哆哆,299,561,38,49,74,23496,0,_
58,0,彼岸花姬,0,735,5,0,0,2141,1,我在此岸，你在彼岸，两两相望，两两相忘。_
59,0,gjrhshjajba,0,670,4,0,0,96,0,_
60,0,陈情令．🐰🦁🐵,50,3396,60,12,12,0,1,请求关注，本人作品可能不好看只求一个免费的关注和红心♥️_
61,0,apple,0,29,1,0,0,0,0,_
62,0,用户9742234323418,0,149,0,0,0,198,0,_
63,0,🌾,50,26,15,5,5,240,0,_
64,0,Lsy,9,3552,11,10,10,4250,0,_
65,0,何苦要等下辈子,46,277,39,4,4,1866,0,_
66,0,唔西迪西,21,696,13,1,9,10451,0,_
67,0,星沉大海,44,2526,137,13,13,25,0,_
68,0,单单妈,16,3640,38,4,4,135,0,_
69,0,小埋,0,1226,19,0,0,798,0,_
70,0,舒💕,6040,2443,409,203,423,5551,1,往后余生......平安喜乐，遇见更好的自己🙏🏻_
71,0,TFT少女,6,218,0,7,7,242,1,台风台风，席卷全球一寸光阴、一寸金，寸金难买丁程鑫。气宇轩昂万事吉，人情练达马嘉祺。温文尔雅如清泉，举世无双张真源。人鱼唱功把粉圈。气如长虹宋亚轩。能能武通古今，超尘拔俗贺峻霖。解气蓬勃心地纯，西南最师刘耀文。_
72,0,言辞,0,60,0,0,0,4412,1,人生是自己的，没必要去在意不重要的人对你的评价而左右自己的人生。我的人生，你没资格插嘴_
73,0,用户1601743148111,12,268,13,5,8,2815,0,_
74,0,＆,0,19,1,0,0,61,0,_
75,0,周周,0,43,0,0,0,30,0,_
76,0,泽红19,430,247,89,17,17,19593,0,_
77,0,是誰⇔温暖了那微凉,10,23,4,2,2,101,1,青春就是让你张扬的笑，也就让你莫名的哭！_
78,0,仙气撩人,0,2029,2,0,0,0,0,_
79,0,晓学生,61,3262,20,37,37,8921,0,_
80,0,神中集團·武士,0,228,0,6,6,37,0,_
81,0,呆。@,0,82,6,0,0,3101,0,_
82,0,张舒涵,0,717,19,0,1,3445,0,_
83,0,猫打绿,0,358,1,0,0,288,0,_
84,0,mjh,0,148,1,0,0,679,0,_
85,0,黄小白୧⍤⃝💙.,18,92,4,2,2,6415,1,๛08girl👩๛马来西亚๛ig:itszxiaobai๛奶泡森୧⍤⃝💙๛努力去见奶泡森୧⍤⃝💙๛《千与千寻》《陈情令》🙆❤_
86,0,用户8008105847917,0,306,28,0,0,8417,0,_
87,0,我不明白,0,271,12,0,0,15,0,_
88,0,淑女豆,52,116,32,16,18,1058,1,一个优秀的小可爱(メ｀[]´)/_
89,0,柠檬,14,48,19,2,2,247,1,想要趴在摆满星星和小熊的绵软云朵上打个盹_
90,0,大岛女孩,0,610,9,0,0,0,0,_
91,0,掌心的回忆,89,1248,18,12,12,5276,1,我是一个山里长大的，唯一的爱好就是跳舞，从小家里没有条件让我学习舞蹈，我跳的舞蹈都是自学的，我希望结交更多爱好跳舞者，互相学习，交流舞蹈❤️❤️❤️_
92,0,久睡成瘾,3,160,28,1,1,576,1,▷ 讨厌上官仪的都是可爱的萌孩纸~~_
93,0,春日双雪，紫陌红尘。,119,4004,155,0,0,0,0,_
94,0,生贵,0,3355,30,0,0,6169,0,_
95,0,爱丽（冲200粉）,895,65,186,89,89,241,1,粉丝超过15万配音自己的声音安排下😃_
96,0,袁小二,28,2874,21,7,7,15050,0,_
97,0,一生平安,0,185,11,0,0,562,0,_
98,0,z🙌h🙌a🙌n🙌g🙌,2557,3857,297,21,22,0,1,🙆此用户已关注你_
99,0,用户2578624577154,0,51,4,0,0,453,0,_
100,0,愚爱,1,188,0,0,0,521,0,_
101,0,♥♥,0,1,0,0,0,6,0,_
102,0,耶波萝,508,23,81,63,63,4868,1,一博_
103,0,悦之乐,0,1806,7,0,0,0,0,_
104,0,六岁,1,39,1,0,3,63,0,_
105,0,果果@,242,4713,225,16,16,374,1,好人一生平安_
106,0,cashindaeyo,588,115,159,5,5,0,1,热҈的҈字҈都҈出҈汗҈了҈_
107,0,Horizon,8,49,7,3,3,1328,0,_
108,0,小可耐=￣ω￣=,0,3587,23,0,0,5010,0,_
109,0,꧁偷心$少年꧂,0,674,3,0,0,3048,0,_
110,0,天宏不锈,140,3695,129,13,19,42161,0,_
111,0,用户1124544920846,0,56,0,0,0,122,0,_
112,0,彤彤,8,497,7,4,4,1005,0,_
113,0,柠檬🍋很萌～～～,0,287,3,0,0,1916,1,快乐美一天！_
114,0,北甍。,14,36,15,4,4,621,0,_
115,0,叽咕哦呦噗嗤,7702,79,1254,30,30,5787,1,承蒙厚爱 不胜感激_
116,0,小石头,14,1923,9,7,7,5099,0,_
117,0,用户542479389,1,139,2,0,1,2145,0,_
118,0,气泡式雨点-ING,0,2704,48,0,0,35495,0,_
119,0,修延__,0,490,11,0,0,214,0,_
120,0,爱上某某某,1097,4224,698,30,30,25691,0,_
121,0,lovely_,0,228,2,0,0,0,0,_
122,0,丞星的evanism的农糖味nana,826,4111,703,26,27,2063,1,我是07年的小可爱，因偶像练习生认识了他们!大厂男孩，大厂女孩❤你们!nine percent，nine's❤你们!各位到来可以关注我哦!关注我后，需要给一片💙海!_
123,0,범,0,128,3,0,0,3320,0,_
124,0,兔子百有百,0,173,12,0,0,25024,0,_
125,0,农农宝贝是我的,7317,90,156,28,28,1536,1,蔡徐坤 陈立农 范丞丞黄明昊 林彦俊 朱正廷王子异 王琳凯 尤长靖我的少年百分九锦绣花路一起走大厂女孩👧🏻超级农糖🍬（不要一次点赞我所有作品，谢谢啦～会被限流的）_
126,0,@小葡萄,668,2490,279,134,135,6452,1,我爱我的妈妈_
127,0,用户748713993195,0,90,0,0,0,0,0,_
128,0,迷你世界🍼苏打(已开学),7,3213,58,2,2,8881,1,可可爱爱的我❤️可盐可甜❤️(偶尔还是女汉子鸭！😝)闺蜜已有❤️这个孩子吖！迷你世界🍼山泉❤️就酱紫了❤️_
129,0,安笙,0,285,0,0,0,0,0,_
130,0,南笙,0,111,3,0,0,1902,0,_
131,0,苦苦,0,110,1,0,0,40,0,_
132,0,心岛未晴,0,2062,20,0,0,6698,1,Hello_
133,0,狱血魔神,0,731,3,0,0,2695,0,_
134,0,逆夏时光,3,1063,12,0,1,95,0,_
135,0,千玺的小可愛_,0,399,6,0,0,26037,0,_
136,0,博君一肖,152,725,42,17,17,32733,0,_
137,0,雨花石,1300,590,92,178,179,6303,0,_
138,0,胶水,41,475,27,18,19,2575,1,jjb_
139,0,是馨悦不是新月,18,100,29,1,1,1089,0,_
140,0,努力学习的孩纸,963,517,521,1,1,1366,0,_
141,0,水巷酒店,8,47,11,2,2,643,0,_
142,0,苏沫染～晶兮家～芽家,1472,398,387,33,33,0,1,本名字：苏沫染学姐，闺蜜名：星光家族管理：晶兮家副老大（一），苏家老大家族：酥家、晶兮家、涵家、芽家女爱豆：赵露思不过我还是最喜欢露思男爱豆：丁禹兮粉丝目标：520粉喜欢颜色：紫色、黑色、白色、绿色、蓝色本人不爆照脾气不好，不要惹我。_
143,0,用户875568268569,0,22,0,0,0,17,0,_
144,0,用户6844678574910,0,9,1,0,0,21,0,_
145,0,追梦者在努力,142,3985,156,12,14,0,1,感谢关注🙈因学业繁重不定时更新高中生一枚🏅爱音乐🎸爱旅行🌎努力学习中💗V：17636680500💫微博🔍：是追梦者吖_
146,0,所幸,4,23,39,2,2,0,1,你保护世界，我保护你（张新成）_
147,0,小米,0,841,75,0,0,1345,0,_
148,0,ZHENG,24,39,24,6,7,262,0,_
149,0,丁丁叮叮,67,410,55,10,11,652,0,_
150,0,‘‘,0,985,13,0,0,2757,0,_
151,0,星辰™,0,164,1,0,0,561,0,_
152,0,用户4711178782280,0,1561,25,0,2,158,0,_
153,0,小公举吖,4338,114,116,1,1,5,1,关注我你就是小可爱_
154,0,洋洋爱肉肉,0,107,8,0,0,6025,0,_
155,0,宸宸,55,1130,45,2,2,2398,0,_
156,0,灸皖&鞠崽崽,366,2055,428,40,40,2595,0,_
157,0,狐娘~（剪）,87,505,12,19,19,2150,0,_
158,0,MLOVE,0,176,7,0,0,4680,1,你哥！_
159,0,童年,34,1052,98,2,20,0,0,_
160,0,@_,18,1546,10,8,9,8892,0,_
161,0,欧阳伊熏,5,4711,16,1,1,26760,1,嗯。_
162,0,李,78,1328,23,26,26,7553,0,_
163,0,GH,42,99,25,4,7,18181,0,_
164,0,梦想地带,43,137,35,5,6,580,0,_
165,0,上官曦儿,17,237,11,21,21,1876,0,_
166,0,故里有长安,0,595,3,0,0,1296,0,_
167,0,用户7964100251098,0,1285,1,0,0,1621,0,_
168,0,小伯贤,0,5,1,0,0,0,0,_
169,0,大成大成没你不成☁,0,1266,117,0,0,0,0,_
170,0,[ 凉城以北深海未眠 ],0,83,0,0,0,5454,1,不管遇到什么事，都要勇敢去面对_
171,0,别样精彩,0,7,0,0,0,14,0,_
172,0,果一果,24,496,13,0,0,0,0,_
173,0,浩瀚星辰,0,568,13,0,0,12859,1,我乃仙女本仙_
174,0,巭,52,57,26,4,6,516,0,_
175,0,许伟一生,189,179,33,27,29,1022,0,_
176,0,暮月流风回雪,0,38,3,0,0,71,0,_
177,0,12,25,312,13,6,6,814,1,一个普通人_
178,0,生煎,37,1172,7,5,8,1589,1,朱一龙拨云见日未来可期_
179,0,楚地吴歌,0,1634,23,0,0,5846,0,_
180,0,用户3246408839172,0,1665,2,0,0,518,0,_
181,0,秀,28,235,38,7,8,1157,0,_
182,0,🎁,0,9,103,0,0,0,0,_
183,0,懿是心非,6,353,3,3,3,219,0,_
184,0,WWWW,0,21,4,0,0,15,1,花开花落 云卷云舒_
185,0,琑,0,1712,1,0,0,4695,0,_
186,0,卓逸柳呀,0,4999,19,0,0,0,0,_
187,0,科比铁粉。,22,198,9,5,5,598,0,_
188,0,王亭文的粉丝,790,720,85,202,202,4910,0,_
189,0,一枝梅,791,1069,60,72,660,1297,0,_
190,0,忘兮,0,1815,5,0,0,104,0,_
191,0,恬淡成诗,21,3212,52,8,10,3622,1,爱好：华晨宇_
192,0,专属头衔,0,27,1,0,0,395,0,_
193,0,用户2129632543572,0,835,0,0,0,1280,0,_
194,0,亮哥,0,37,12,0,0,112,0,_
195,0,李润依丫,5,2349,7,2,2,3359,0,_
196,0,晕染了月亮,0,142,1,0,0,323,0,_
197,0,👑秘密👑,0,62,68,0,0,376,1,相声相声，相貌之相，声音之声相声好爱者德云社，原声社都是心头宝_
198,0,王衍秀,10,3662,41,3,10,4817,0,_
199,0,优乐@,2,56,3,1,1,3574,0,_
200,0,用户4508941171528,0,42,1,0,0,32,0,_
201,0,用户8923094063522,23,332,11,3,4,2823,0,_
202,0,缪清,35,235,17,11,11,0,1,阴影_
203,0,流浪的太阳,95,1307,42,0,77,6783,0,_
204,0,goodlucky,17,2478,26,6,6,3706,0,_
205,0,琪琪鸭,49,1738,37,28,51,2968,0,_
206,0,Fairy.顾清辞♡,608,2214,236,2,2,0,0,_
207,0,知梦.,0,4981,18,0,0,6181,0,_
208,0,怡*宝贝儿(落落家和甜熹家),138,2702,270,13,13,7750,0,_
209,0,哈哈,0,149,2,0,0,836,0,_
210,0,一只有梦想的蝴蝶,0,623,1,0,0,1252,0,_
211,0,3.1415926,0,1002,5,0,0,0,0,_
212,0,李优然,5718,4644,233,888,889,20195,1,永远做自己的小公主_
213,0,转身泪倾城0928,75,4892,71,0,80,19288,1,帅_
214,0,琦 王,0,585,0,0,0,1370,0,_
215,0,异类,13,29,9,3,4,1260,1,今天比昨天好，这就是希望_
216,0,祝王俊凯找不到女友,0,2765,6,0,0,5165,0,_
217,0,辰儿🐍and恒儿🐶妈咪🐰,895,126,95,158,158,0,0,_
218,0,大禹🍊🍌,3,41,10,3,3,2711,1,哈哈😂_
219,0,张路遥,0,63,56,0,0,0,0,_
220,0,佳怡✨✨,299,3050,96,138,139,0,1,谁关注我，我就关注谁_
221,0,婷婷,76,102,37,10,10,121,0,_
222,0,可爱的姐妹,101,4657,47,83,85,3807,0,_
223,0,一念韶华逝★珊,99,197,36,24,60,4594,0,_
224,0,甜甜圈🍩,346,348,23,126,126,1571,1,🇨🇳🇨🇳🇨🇳    🇨🇳🇨🇳🇨🇳                               🇨🇳     🇨🇳    🇨🇳         🇨🇳       🇨🇳   🇨🇳        🇨🇳       🇨🇳🇨🇳🇨🇳_
225,0,该起什么名字,9,85,10,6,6,266,0,_
226,0,过客,909,246,217,28,28,3369,0,_
227,0,焦糖拿铁,0,422,18,0,0,9427,1,人生的旅程就是这样，用大把时间迷茫，在几个瞬间成长_
228,0,用户1204709026966,0,78,0,0,0,4348,0,_
229,0,一只散发着清香的高贵单身狗,0,12,0,0,0,396,0,_
230,0,幕雪,0,4,0,0,0,17,1,可爱，有趣_
231,0,云朵☁️,1,134,1,0,0,0,0,_
232,0,沐沐～白草莓,0,2403,35,0,0,2817,0,_
233,0,我是九漓,7,4992,100,0,0,90834,1,大家好，我是九漓。一名搬运工人😃_
234,0,阳璐璐,3,307,34,1,1,883,0,_
235,0,鹿鹿星,0,126,4,0,0,316,0,_
236,0,用户2335864088651,0,32,0,0,0,213,0,_
237,0,用户5251829552457,0,115,0,0,0,699,0,_
238,0,👾,0,173,0,0,0,0,0,_
239,0,..,0,415,2,0,0,1555,0,_
240,0,G,0,43,3,0,0,4192,0,_
241,0,用户6589169979,0,132,4,0,0,1492,0,_
242,0,小琪最可爱了,0,1140,127,0,0,23858,0,_
243,0,斯人之徒.,1,1473,1,1,1,6912,1,夙念生执念，是劫也甘愿゛_
244,0,@席梦妮嫣,63,354,12,32,33,799,0,_
245,0,见黄昏,124,2931,28,5,5,6699,1,喜欢风的透彻 像能望穿的快乐_
246,0,坤家迷妹,19,186,65,3,4,4615,1,和IKUN一样爱坤哥的IKUN😻🦁❤️❗️未曾谋面的也终将会遇见，慢慢来吧，慢慢约会吧。。_
247,0,苏憨憨💫,0,96,1,0,0,442,0,_
248,0,真实的我,676,622,1045,4,6,6,1,广西北海市和平区_
249,0,Hui姐的MiMei,15,1335,14,0,1,3692,0,_
250,0,白雪,1,1955,25,0,0,5444,0,_
251,0,。。。,7,689,2,0,7,10845,0,_
252,0,哦,5753,62,145,0,0,776,0,_
253,0,用户5301299246579,0,567,5,0,0,1002,0,_
254,0,呢呢,0,153,16,0,0,856,0,_
255,0,蓝玲,0,3133,50,0,0,3850,0,_
256,0,转角遇见猫,2,67,4,5,5,1328,0,_
257,0,喵染染,0,4999,115,0,0,24333,1,谢谢你的关注_
258,0,ღ被网课逼疯的学生ღ(涵涵),1170,1447,108,196,197,16547,1,一位三年级性格调皮的女孩子，有个三岁多的小弟弟。ˆ😊ˆ等粉丝到200抽3位粉丝当好友。不见不散。ˆ😊ˆˆ😊ˆˆ😊ˆ_
259,0,你就是远方🌸,58,10,23,6,6,1166,1,人事小姐姐💃找工作加V18213559297_
260,0,倾綪絮絮,8,267,9,0,0,0,0,_
261,0,一生幸福,709,153,73,45,45,2690,1,闫奶奶_
262,0,紫色玫瑰,29,2595,74,8,8,26788,1,一段相处，一场相遇相知，却没有唯美的落幕，美好的结局，这大概就是90后的爱情样子_
263,0,Atinog,0,620,43,0,0,5539,0,_
264,0,王妃,4,101,27,2,2,3736,0,_
265,0,- 十二 🎈,157,28,68,17,17,97,0,_
266,0,猪猪可爱多,0,33,4,0,1,105,0,_
267,0,浅夏,4,52,1,4,4,402,1,"ᴹᵃʸ ᴵ ᵇᵉ ʰᵃᵖᵖʸ ᵃˡˡ ᵐʸ ˡⁱᶠᵉ, ᵇᵉʸᵒⁿᵈ ᵗʰᵉ ʳᵉᵃᶜʰ ᵒᶠ ᵗʰᵉ ʷᵒʳˡᵈ.愿我一生欢喜 不为世俗所及_"
268,0,虎牙爱夕阳,0,311,4,0,0,0,0,_
269,0,用户38213800261,0,3576,14,0,0,6046,0,_
270,0,用户550899403168,0,21,0,0,0,7,0,_
271,0,今一,0,53,17,0,0,252,1,快乐最重要_
272,0,美好的一天,2,588,3,3,3,1304,0,_
273,0,Nice to meet you.,37,3719,48,120,126,20,1,女_
274,0,Abby,39,1572,42,4,7,18799,0,_
275,0,肖兔子，博一博,29,801,13,7,7,1120,0,_
276,0,孤独患者,0,243,19,0,0,0,0,_
277,0,易哥,0,35,14,0,0,30,0,_
278,0,青青🎊,0,44,28,0,0,1340,0,_
279,0,用户705971323,50,72,41,9,9,413,0,_
280,0,用户6701074728343,1,275,2,2,2,741,0,_
281,0,用户3685206907201,0,6,0,0,0,44,0,_
282,0,初雨,0,426,10,0,0,0,0,_
283,0,小清欢,0,463,8,0,0,21709,0,_
284,0,旺财,0,3884,11,0,0,2373,0,_
285,0,@MD宝妈～嗯,1794,592,167,40,216,30501,1,什么都想尝试，就是没有胆量，^_^_
286,0,棒棒的小仙女✔(是沫酱哦),268,3885,129,96,97,8340,1,一生做一个开心的人_
287,0,星空傍夜,346,4584,133,125,125,10504,0,_
288,0,🍸雪碧女孩🍸,141,1986,91,10,10,11110,0,_
289,0,陪月亮散步.,0,214,2,0,0,158,0,_
290,0,幸运小星星,26,132,3,16,16,1369,0,_
291,0,额…小野,31,133,15,7,7,1089,0,_
292,0,🎈我是  高微微,1277,1950,277,194,194,860,1,分享我的碎碎念工作 家庭 兴趣  三样我的生活知识武装大脑，做一个智慧的人_
293,0,香香公主,0,990,22,0,0,1262,0,_
294,0,玺玺礼,0,704,4,0,0,0,0,_
295,0,网📸柒柒,151,31,9,5,5,265,1,柒柒交朋友➕qq932084170万众w📸小组长最好的关系 有幸遇见 恰好合拍_
296,0,韦建332,225,2217,142,9,9,5271,0,_
297,0,甜甜的君挽.✨,256,1788,98,22,24,16839,1,✨欢迎来到君临阁✨🌚大家可以叫我君君或挽儿💨✨星座：狮子  [应缓色淡紫色]✨QQ号：1137017677✨『君挽的老婆熊熊』只许我独宠❤️✨100粉露脸~~~_
298,0,Coco🐱,16,1130,17,6,6,3529,0,_
299,0,展颜💄,85,42,47,9,12,93,1,我很有个性，但没有签名。_
300,0,時光,0,224,8,0,0,1185,0,_
301,0,笔仙,16,3207,31,10,11,12058,0,_
302,0,失去了才懂得,144,3507,123,95,95,4761,0,_
303,0,Ｙ♡ X,61,657,46,0,0,0,0,_
304,0,user5702566728177,0,12,0,0,0,32,0,_
305,0,Ana,0,108,1,0,0,17428,0,_
306,0,暖冬,0,672,21,0,0,1169,1,🍑_
307,0,真猪奶盖,0,827,64,0,0,2966,0,_
308,0,沫笙💫,11,4851,115,1,1,47247,1,迷你号：434987336闺蜜：受伤现实闺蜜：辰辰（底线勿碰）千万别看喜欢_
309,0,凯恩,5,996,3,8,8,6209,0,_
310,0,jocelyn,0,177,4,0,0,0,0,_
311,0,花花ET,80,178,87,5,7,0,1,花花我最爱❤_
312,0,浅小唸,225,67,135,28,33,120,1,2020主要目标是重新【爱上自己，爱上生活】fighting ！_
313,0,家人的小宝贝,43,2336,13,17,17,11683,0,_
314,0,张红芝,214,595,29,39,39,1992,1,人生每一场相遇都是缘分!_
315,0,虚 张 声 势、,0,312,16,0,0,1195,1,假笑girl_
316,0,对国超微笑的上帝😊,13326,1603,2474,13,13,8992,0,_
317,0,韩国🇰🇷,0,144,0,0,0,0,0,_
318,0,四足双翼,5,237,35,2,2,1055,1,社大毕业_
319,0,红袖衫衫,55,525,19,8,8,848,0,_
320,0,是奕奕啊,11,223,23,1,1,834,1,世间万物皆是苦 可明目张胆的偏爱就是救赎_
321,0,Alone.,68,381,47,6,12,55506,0,_
322,0,于明鑫,259,75,71,11,11,0,1,微信:yumingxindevx_
323,0,用户6872852487740,0,2104,2,0,0,0,0,_
324,0,念致,0,292,1,0,0,29071,0,_
325,0,天意,0,75,38,0,0,19472,0,_
326,0,好聚好散,409,395,49,36,37,790,0,_
327,0,鳌拜拜,45,5000,16,0,19,3431,0,_
328,0,理雅,198,862,84,10,10,4782,1,我爱小虎妞_
329,0,韵,0,667,4,0,0,48,0,_
330,0,有风度的小虎战神（Lisa榕课代表）,104,352,41,39,39,3695,1,西瓜视频优质游戏领域创作人:小虎战神直播间_
331,0,贞,12,722,7,2,2,14623,0,_
332,0,心劫,0,24,28,0,0,207,0,_
333,0,。。。。。,2,904,8,0,1,38384,0,_
334,0,……,17,40,25,4,6,788,0,_
335,0,用户3215265281865,0,7,18,0,1,19,0,_
336,0,无星无月,0,18,2,0,0,0,0,_
337,0,嗯嗯朕知道了,405,1875,59,165,167,56572,1,爱咋咋地我最瘦谢谢_
338,0,用户9426224020530,0,124,0,0,0,31,0,_
339,0,♡顾久念♡,8,67,9,3,4,282,0,_
340,0,橘子姜糖,0,54,10,0,0,422,0,_
341,0,阔耐,2,3726,23,1,2,5744,1,人生如戏，戏如人生(´∀｀)_
342,0,一见倾心,8,187,6,5,5,641,0,_
343,0,Liu.Chang.,3,96,10,1,1,352,0,_
344,0,池鱼思故渊,0,55,3,0,0,98,0,_
345,0,JEANA,0,384,21,0,0,621,0,_
346,0,胡萝卜,253,68,43,20,21,1909,0,_
347,0,澍孤,92,57,21,24,24,177,0,_
348,0,o果粒橙,1,678,25,1,1,771,0,_
349,0,奶罐和他的好汉,253,4904,106,19,28,15576,0,_
350,0,★清风入衫~,21,90,20,1,3,1356,0,_
351,0,瑾瑾,46,77,21,7,7,2560,0,_
352,0,嘻、小胖崽儿,816,879,67,46,47,14451,1,小胖崽的麻麻～_
353,0,Couch potato,58,3671,18,18,18,3618,0,_
354,0,嘉杨宝贝,178,1969,21,62,62,675,1,姐妹生活_
355,0,江忍,2,25,12,1,1,6762,0,_
356,0,仙女味的草莓酱,265,984,26,32,34,726,1,出生之前，上帝问我是要长得可爱，还是记性好。但是，我忘了我当时是怎么回答的啦。🤣❤️陌生人不回私信，谢谢。_
357,0,元气小雨,8,269,4,0,0,0,0,_
358,0,Smile Againゾ,12,589,19,2,2,658,0,_
359,0,耶啵家的赞赞,17,524,24,10,10,160,1,肖战❤️小飞侠王一博❤️雅马哈刘亦畅❤️畅存_
360,0,醉枕香江,82,1906,90,21,28,3594,0,_
361,0,人生纯属扯淡,14,1920,59,0,2,3582,1,粉丝名叫小葡萄，_
362,0,玉山橙小橙海外进口美妆连锁店,84,51,49,12,13,31,1,专注进口美妆哦_
363,0,Chicmiumiu,0,71,21,0,0,107,0,_
364,0,啥也不是,0,634,20,0,0,16125,0,_
365,0,💯,0,170,8,0,0,1897,0,_
366,0,Name,242,167,119,11,11,0,1,青山灼灼 你是我安稳岁月里的节外生枝_
367,0,于,0,281,5,0,0,743,0,_
368,0,夏凉妹妹❤,78,3748,54,27,27,5368,1,谢谢你的关注😘😚😗😙_
369,0,月兔🐰,104901,108,6647,204,210,14317,1,众生皆苦 只有你是草莓味原图＋V❤ikun0925618_
370,0,我得不到的宁可毁了。,0,195,0,0,0,767,0,_
371,0,💅D.lu a kyang tsit?,3349,1083,956,294,294,3609,1,W.C.ID.SHINGNILU1234_
372,0,樱茶,1,1764,27,1,1,26260,0,_
373,0,血雨探花,982,410,101,83,83,6953,0,_
374,0,格兰芬多的小女巫,12,386,5,2,2,633,0,_
375,0,🤩,0,91,24,0,0,0,1,愿时光能缓，故人不散_
376,0,鲁鲁酱,220,1414,74,20,31,15605,0,_
377,0,是书欣吖,0,692,7,0,0,6519,0,_
378,0,花朝廿六,47,1928,8,0,0,0,0,_
379,0,⚜OKEY.中国,0,462,5,0,0,10768,0,_
380,0,萱萱嘛嘛,117,49,55,16,18,118,1,🙏🙏🙏🙏_
381,0,某某,211,2110,68,23,23,6948,0,_
382,0,Sissi,211,472,36,28,29,21217,1,💙💚💛💜_
383,0,恒心至诚,900,1442,611,49,54,0,1,认准的就去追，没有后不后悔_
384,0,🌸可爱乔梦🌸,250,3100,92,27,27,4371,1,一个小小萌萌哒。_
385,0,咳咳,0,157,4,0,0,44653,0,_
386,0,爱💍尚💋妳,152,96,44,17,17,1099,0,_
387,0,蓉妹 儿 ,0,58,2,0,0,216,0,_
388,0,星闻密探,0,5,0,0,0,72,0,_
389,0,😀爱,444,4093,106,0,0,0,0,_
390,0,手机用户54582849797,0,1082,0,0,0,1727,0,_
391,0,夏日樱花茶,93,3908,59,44,44,326,1,谢谢你的关注_
392,0,布丁@牛奶,2,9,6,1,1,101,0,_
393,0,ʚ梦梦ɞ,1105,183,319,63,65,2002,1,真正爱你的人会千方百计的爱着你_
394,0,我,11,247,8,1,1,2466,0,_
395,0,乖点，我就抱你,13,3102,24,3,3,8310,0,_
396,0,钟爱你华🤟🤟,2,348,7,1,1,946,0,_
397,0,Value    Me,35,1020,41,8,8,1831,0,_
398,0,你的小张回来啦！,116,2619,51,9,9,9502,0,_
399,0,Francesca 👑👑👑,7,973,41,2,3,5371,0,_
400,0,用户9416970895139,0,96,1,0,1,130,0,_
401,0,恰似一缕阳光,0,10,6,0,0,0,0,_
402,0,摆渡,3,955,89,4,4,0,1,在你的路上，我想必是迟到了，这些年让你一个人遭遇许多的不堪与失意。_
403,0,你会在等我吗,44,1426,36,1,1,51052,1,我更喜欢那几个不着调的老朋友，偶尔联系，不常见，有空联系，没空蒸发，这种感情不需要维持，依旧很好_
404,0,蜜汁桃丸子,1,217,0,0,0,876,0,_
405,0,蕊儿❤,0,461,11,0,0,80828,0,_
406,0,一颗小猪软糖,0,2646,13,0,0,0,0,_
407,0,莫回头🌞️,50,12,32,3,3,220,0,_
408,0,最后一支烟,24,71,24,6,6,263,0,_
409,0,风卷残云,0,194,17,0,0,1337,0,_
410,0,十一,0,272,10,0,0,8388,0,_
411,0,用户4176068914091,324,182,37,30,30,1061,0,_
412,0,奇迹,2,2709,126,0,20,3289,1,虽然我单身，但是我胖若两人！_
413,0,好多好多鱼,37,93,8,6,6,207,0,_
414,0,浩洋,8,548,9,1,2,9035,0,_
415,0,如意炎炎,41,151,10,12,12,477,0,_
416,0,简希啊^^,250,214,41,42,42,9277,0,_
417,0,ネф̶ イω小烨( ¨̮ ),145,630,76,3,14,0,1,想多睡会觉_
418,0,曲儿乪,44,145,4,8,8,1591,0,_
419,0,骨子傲,0,38,1,0,0,317,0,_
420,0,亡妖♥---“玖家”,11,4143,35,0,0,0,0,_
421,0,温迪-Wendy,0,44,1,0,0,19,0,_
422,0,细水长流L,0,139,7,0,0,0,0,_
423,0,甜味苦瓜,0,401,12,0,0,2711,1,相信自己，有更好的未来_
424,0,刘佳妮,0,55,15,0,0,0,0,_
425,0,A宏伟🇨🇳,189,739,171,28,28,641,0,_
426,0,加了一❤️颗糖✨,3,198,7,1,1,3544,0,_
427,0,北栀,0,122,8,0,0,0,0,_
428,0,fairy~,0,201,16,0,0,4002,0,_
429,0,当当当当当当当,6,2140,22,0,0,0,0,_
430,0,罗曼婷,0,112,2,0,1,555,0,_
431,0,痴梦,21,3273,12,13,13,4293,0,_
432,0,不萌不呆的人,0,13,0,0,0,23,0,_
433,0,不介意,2,71,45,1,1,147,0,_
434,0,思念,308,22,34,41,42,113,0,_
435,0,云,4,72,13,0,2,9631,0,_
436,0,团子球~,0,1130,0,0,0,179,1,……_
437,0,嗯哼丶？,134,358,107,16,18,3499,1,最美的不是下雨天_
438,0,就是不糊🌚🌝,3,892,34,1,1,228,0,_
439,0,宝藏羊咩咩,15,37,15,2,2,372,0,_
440,0,久处不厌,13,168,16,1,1,1705,0,_
441,0,小牙,7,273,33,1,3,3361,1,啦啦啦_
442,0,胡萝卜糊了🥕,7,662,2,5,41,2411,1,温柔人间宝藏❤️_
443,0,୧⍤⃝🍓,0,256,131,0,0,0,1,…_
444,0,星辰🎵【音乐】,80734,32,836,24,24,263,1,感谢官方，给我一个平台创建绿色健康平台每天一笑，一定要关注_
445,0,清欢,7,772,3,3,3,434,0,_
446,0,曹梦瑶^o^,0,1191,5,0,0,4157,0,_
447,0,-_李佳怡,624,83,98,14,14,0,0,_
448,0,鱼宝,129,2662,3,0,0,0,0,_
449,0,君小小明星穿搭,81,34,6,2,2,106,1,我是一个热爱剪辑📷的百变少女喜欢穿搭👗热爱分享🌞每日更新明星穿搭小视频希望找到志同道合的宝宝想看什么评论里告诉我哦❤️_
450,0,可颜可甜,2811,1023,97,590,590,2900,0,_
451,0,告白气球,0,3458,7,0,0,14501,0,_
452,0,Mlle chérie,0,64,13,0,0,356,0,_
453,0,11,0,89,9,0,0,366,0,_
454,0,BLACKPINK,0,238,2,0,0,1081,1,Blackpink in your area！❤️_
455,0,carrer  successful,0,26,6,0,0,347,0,_
456,0,果子,2,47,2,1,1,24,0,_
457,0,久念,8,186,30,1,1,789,0,_
458,0,黁黁,0,1240,1,0,0,1049,0,_
459,0,❄️❄️❄️,32,459,11,5,5,2354,0,_
460,0,用户6159999350957,242,1813,59,25,25,8869,0,_
461,0,本宫不死，你终究是妃,779,269,74,108,108,2172,1,成人的世界里面都是在比社先放下_
462,0,Passerby🥀,0,823,4,0,0,5655,0,_
463,0,丁小仙,332,363,65,37,37,4873,0,_
464,0,🌸悦悦,73,1985,28,45,45,5172,0,_
465,0,王二,0,2069,6,0,0,4587,0,_
466,0,暧橘,0,190,9,0,0,1099,0,_
467,0,济宁亚明照明,11739,752,721,572,648,12403,0,_
468,0,先生眼里有星⭐in,0,143,7,0,0,3413,0,_
469,0,你可知我的名字,138,261,63,17,26,66155,1,我正在努力变成想象中的自己_
470,0,:),3,362,39,0,0,28851,1,保存热爱 奔赴山海_
471,0,我是谁我在哪,14,3154,8,0,0,35595,0,_
472,0,是糖吧！,4,298,12,0,0,1845,0,_
473,0,炫酷睿啊,45784,519,728,104,104,15115,1,劈柴喂马 周游世界_
474,0,婷子剪辑,699,119,30,22,23,170,1,日常剪辑混剪见自己所爱_
475,0,哇塞颖L,6,56,10,1,2,560,1,Demo_
476,0,往后余生都是你,0,39,1,0,0,93,0,_
477,0,糖三岁,3309,2278,400,162,456,15487,1,荣华花间露，富贵草上霜，生不带来，死不带去。_
478,0,。,0,1755,9,0,0,8743,0,_
479,0,用户926623543882,0,59,1,0,0,27,0,_
480,0,玺,22,91,9,4,4,31090,0,_
481,0,草莓有点甜,0,250,0,0,0,0,0,_
482,0,星辰大海✨,3,3488,41,1,1,3026,0,_
483,0,用户9433295886546,0,57,1,0,0,115,0,_
484,0,用户658440,0,3755,30,0,0,4419,0,_
485,0,低调就是最🐂掰的炫耀,254,976,51,40,43,28052,1,王者不是天天有，低调才能永不朽！_
486,0,wmdssl,0,813,1,0,0,7377,0,_
487,0,兮颜,562,361,49,64,64,1369,1,.爱你个人不要投入的太多..因曰..你爱的有多深..最后伤的就有多深。._
488,0,亲,1,14,0,4,4,34,0,_
489,0,🍂   苦艾酒  .  *,0,688,0,0,0,759,0,_
490,0,艳艳,5,91,12,1,1,392,0,_
491,0,凌云,5,901,3,0,0,12122,0,_
492,0,A 对与,151,400,36,0,0,0,0,_
493,0,山下梅子酒,0,111,0,0,0,392,0,_
494,0,洋洋,0,81,1,0,0,466,0,_
495,0,封书,156,182,37,14,15,292,1,风车没有了，风还在_
496,0,果冻不萌,117,2865,35,149,155,14354,0,_
497,0,正希,43,832,22,15,41,0,0,_
498,0,沐泞,0,304,5,0,0,426,0,_
499,0,IF,0,122,16,0,1,3557,1,我本人明白什么都总有限期_
500,0,coco,0,10,17,0,0,3,0,_
501,0,永爱王源,20,1591,5,3,3,0,1,💚一只小汤圆💚💚永爱王源💚💚会关注小汤圆💚💚也会关注小汤圆💚_
502,0,糯米&米乐,1005,617,35,332,332,0,1,世界末日_
503,0,小仙姑💫,0,620,6,0,0,14095,0,_
504,0,三小只,1,117,1,1,1,1651,0,_
505,0,清华北大得不到的女人,0,50,0,0,0,455,0,_
506,0,蜜蜜,0,3,0,0,0,9,0,_
507,0,用户1981621914198,13,71,8,5,5,131,1,呵呵_
508,0,💋美丽,0,41,9,0,0,965,0,_
509,0,开咪店的小姜先生,65,2344,140,6,6,29004,0,_
510,0,张云雷和秦霄贤的小可爱,0,1766,269,0,0,40434,0,_
511,0,昼夜,0,46,0,0,0,1299,0,_
512,0,Mas~王,1772,1224,206,87,149,2294,1,谢谢你的关注！_
513,0,爱心流星,17,732,10,11,11,1060,0,_
514,0,初恬╰(◉ᾥ◉)╯,0,847,70,0,0,0,0,_
515,0,旺旺,0,3273,8,0,0,2863,0,_
516,0,咔咔咔,26,808,58,3,3,767,0,_
517,0,低调d嫙侓_60926,0,100,14,0,0,59,0,_
518,0,柚子小姐,2,157,2,0,2,1925,0,_
519,0,…,0,130,5,0,0,0,0,_
520,0,判决,0,229,1,0,0,291,0,_
521,0,忆梦,0,2741,5,0,0,0,0,_
522,0,压轴题喜欢lnx,0,53,7,0,0,854,0,_
523,0,user,63,130,34,11,12,2849,0,_
524,0,٩(͡๏̯͡๏)۶,0,120,0,0,0,1320,0,_
525,0,Badyoung,344,3815,136,37,37,9377,0,_
526,0,喵喵,44,85,187,4,7,0,0,_
527,0,爱你一万年,0,1541,7,0,0,7090,0,_
528,0,用户5593753672062,0,12,0,0,0,47,0,_
529,0,박찬열,34,224,21,4,4,1465,0,_
530,0,＂梦。,410,149,119,25,28,880,1,醉卧不夜城处处霓虹，酒杯中好一片滥滥风情…_
531,0,絵飛ヾ的魚,4,147,24,4,4,930,1,只有知道孤单的感觉，才能珍惜陪伴在身边的人。_
532,0,璃茉,1,4485,50,0,1,9711,0,_
533,0,芳芳兮灿若夏花_,1587,2338,121,249,249,2957,1,💕愿你三冬暖，愿你春不寒，愿你黑夜有灯，下雨有伞，愿你身边有良人相伴。。，_
534,0,姜圣源,1996,3489,203,207,340,19949,1,有一种撕心裂肺，叫做眼睁睁看着，却也无能为力…_
535,0,乱世浮生,0,214,24,0,0,0,0,_
536,0,古古,0,320,14,0,0,2899,0,_
537,0,糖,0,2302,18,0,0,20807,0,_
538,0,_Elity✨果粒🍡,12,197,35,1,1,24,1,果❤️欢迎来到粒仙女✨果粒的主页👏粒❤️粉丝名✨果粒橙话❤️闺蜜：童话🌞_
539,0,吐司泡奶、,0,4343,42,0,0,61956,0,_
540,0,东生,0,97,1,0,0,45,0,_
541,0,Bi11ie (^ω^),0,2720,50,0,0,0,0,_
542,0,用户3996337585086,0,2280,41,0,0,725,0,_
543,0,大马可小可清妈妈,2247,304,502,131,131,370,1,做了十一年母婴行业的宝妈_
544,0,.  故人,33,283,10,7,7,369,0,_
545,0,钥瑶麻麻🍭🍭🍭,201,38,32,24,24,2156,1,生不逢时爱不逢人所到之处皆为命数_
546,0,欣然很温柔💔,0,872,11,0,0,2245,1,我很温柔呵_
547,0,四月,0,168,25,0,0,0,0,_
548,0,玧其小可爱,11,328,12,1,1,4829,0,_
549,0,用户7035025159657,0,16,0,0,0,56,0,_
550,0,♡.,7,194,32,0,0,0,0,_
551,0,梓沐安,61,91,29,14,15,0,0,_
552,0,怨气的夏天,50,301,19,7,7,14474,1,钱钱钱_
553,0,柠檬,23,2060,11,3,4,34945,1,额_
554,0,Anz甜甜（6月8号终于开学）,179,4659,119,28,28,11892,1,我的，唱歌，抖音登不回去了，我昨天登了一个，我再试试看，以后呢？我把这些露脸的视频都删掉，然后我会不露脸那些没有见过我的呢？都不知道了吧？_
555,0,龚倩,0,341,25,0,0,13,0,_
556,0,滚,0,4835,14,0,0,0,0,_
557,0,劳资不是淑女范,0,1770,0,0,0,2909,0,_
558,0,橙家（🍊+）阿姨,0,546,12,0,0,0,0,_
559,0,啦,0,1500,2,0,0,0,0,_
560,0,、yun ,4,242,9,1,1,0,0,_
561,0,用户1417907490987,0,471,2,0,0,1971,0,_
562,0,用户2493874174550,0,259,3,0,0,2505,0,_
563,0,混世大 魔王,20,3024,49,1,1,11401,0,_
564,0,CYN,9,1027,5,1,7,1479,1,我很满意_
565,0,꧁༺༽༾ཊ莎࿈莎ཏ༿༼༻꧂,25,2010,22,6,6,5381,1,做好自己_
566,0,one T,0,13,10,0,0,0,0,_
567,0,karen,4,343,1,12,12,356,0,_
568,0,思追,309,179,110,46,50,3039,0,_
569,0,用户57347362,0,645,2,0,0,244,0,_
570,0,纯粹打酱油,30,87,18,4,6,41348,0,_
571,0,兔叽嗷,4,1884,17,1,1,1417,1,做一个合格的傻屌_
572,0,桃浕樱.,0,73,10,0,0,0,1,林深时见鹿，海蓝时见鲸，梦醒时见你可实际是.....林深时雾起，海蓝时浪涌，梦醒时夜续不见鹿不见鲸也不见你但终究，鹿踏雾而来，鲸随浪而勇，你没回头又怎知我不在🐧3331058052_
573,0,is黄卡卡吖~,0,29,18,0,0,3942,0,_
574,0,王俊凯小螃蟹,406,3205,56,0,0,0,0,_
575,0,抱着小花好睡觉,192,615,119,58,60,1261,0,_
576,0,小傻子,0,10,0,0,0,8,0,_
577,0,不二君,64,61,49,11,11,221,1,时间是一只藏在黑暗中的温柔的手，在你一出神一恍惚之间，物转星移_
578,0,颜悦曦,1118,1626,74,103,113,18738,1,随性_
579,0,吴飞飞,197,1209,110,13,13,74900,0,_
