0,0,洋,141,91,30,24,24,460,0,_
1,0,用户81724184,0,636,4,0,0,790,0,_
2,0,茹荷,8,160,1,2,2,185,0,_
3,0,Dilbay 👠,452,2474,260,64,64,7871,0,_
4,0,走走……停停,9,697,24,7,7,132,0,_
5,0,Judy,322,4747,122,0,0,0,0,_
6,0,💗毛毛csy❤️,305,531,84,48,48,1844,0,_
7,0,用户83421127,0,3378,75,0,0,6557,0,_
8,0,🦊Amanda,27,1653,37,0,11,679,0,_
9,0,竹雨,44,992,31,12,12,130,0,_
10,0,用户54146928,3,45,1,7,7,6,0,_
11,0,小馨,73,1318,41,13,17,1308,1,一个女孩子而已_
12,0,🍔,54,1583,35,0,0,0,0,_
13,0,超级学神,237,354,18,92,94,15482,1,性别:女！年龄:12岁！喜好:画画、跑步、学校:石曹小学。擅长:跑步。职业:三好学生！_
14,0,用户11181183,0,1830,18,0,0,722,0,_
15,0,用户1583150863788,2,327,1,0,0,0,0,_
16,0,这样可以伐？,74,599,78,6,6,0,0,_
17,0,只能发花絮的幕后,2942,389,109,23,23,5631,1,花半开时，风微凉。_
18,0,🌟美美美🌟,1948,318,1073,84,90,1887,1,So far so good 😊_
19,0,杨茹,193,2093,131,19,20,2566,1,西二路千佳汇良册拾缘图书文具店_
20,0,py3660,8,57,6,1,1,233,0,_
21,0,用户7296903354772,0,313,4,0,0,618,0,_
22,0,ヾ生活,1589,577,214,81,97,1951,1,后来的我们什么都有了，可是却没了我们……_
23,0,多,461,86,166,29,29,529,1,心塞 希望能有个好心情_
24,0,用户5850288533300,10,498,0,0,0,0,0,_
25,0,小景导演,1385,163,244,28,38,0,1,🌍喜欢旅行的女生🪐带你看世界⭐️想要好好的生活❤️每一天都很可贵⏰周一～周六更新 感谢等待vx：beanssszhao021围脖🧣：景报来了_
26,0,用户18609965,5,285,1,1,1,124,1,为梦想加油，_
27,0,猫咪乖点,0,306,31,0,0,916,0,_
28,0,饼zhu席,986,1098,155,49,57,0,1,😃😃😃😃😃😃_
29,0,AhKira,0,43,0,0,0,2,0,_
30,0,珍,96,405,50,10,57,1985,0,_
31,0,花蕾蕾,1391,761,98,96,546,1418,0,_
32,0,多啦A梦,305,1764,99,70,70,7747,0,_
33,0,竹林～竹林,545,863,42,0,0,0,0,_
34,0,夏(๑• . •๑)诺,0,1362,27,0,0,553,0,_
35,0,用户2958546436422,0,756,0,0,0,0,0,_
36,0,洪姑凉🌸,5756,1576,935,118,120,11785,1,可以快乐就不要难过_
37,0,Jade,28,386,31,8,10,1630,0,_
38,0,你的大门,44,555,34,23,23,3550,1,救 赎_
39,0,家有两宝，快乐到老✌,0,75,16,1,1,66,1,欢迎🎊欢迎🎊热烈欢迎🎊_
40,0,用户39094412,0,23,0,0,0,39,0,_
41,0,HeY!12/21·717,139,2497,56,68,155,1302,1,哇哦_
42,0,守护萱博👼,84,1006,22,26,26,0,1,你必须精力饱满，才能经得住世事刁难。_
43,0,新年礼物,2,100,11,1,1,0,0,_
44,0,用户729351787917,0,31,10,0,0,111,0,_
45,0,_234861400,0,1496,19,0,0,718,0,_
46,0,用户9519937881746,30,803,24,2,2,1312,0,_
47,0,森可,190,53,124,7,7,69,1,爱美食，爱生活，爱烘焙，爱旅游。一儿一女，👨‍👩‍👧‍👦   家有开心果一只🐶🍃 vx: cxmama77_
48,0,猫九,0,220,1,0,0,0,0,_
49,0,慢,69,1594,15,25,25,0,0,_
50,0,牧夏☆♪,55,342,69,0,0,0,0,_
51,0,Daisy Zhou,107,132,28,14,14,381,1,一枚活泼的熟女♀_
52,0,用户139989,229,3064,162,13,13,1771,0,_
53,0,用户89028876,0,70,0,0,0,83,0,_
54,0,用户7410037353521,0,290,15,0,1,23,0,_
55,0,小郭,928,2830,798,34,34,317,1,四川广元猫儿跳的一枚姑娘！_
56,0,小伢吗小二胖 (ಡωಡ)hahaha,5,503,21,2,2,992,1,毛坯暂住趣事 有搞装修业务的 欢迎加v_
57,0,甜甜圈,0,92,42,0,0,421,0,_
58,0,✨🌟陈小灰🌟✨,146,63,96,20,20,56,1,已卸载抖音！_
59,0,用户5941130041717,0,277,13,0,0,2173,0,_
60,0,用户59259798,0,14,0,0,0,166,0,_
61,0,用户6911562380407,0,1489,5,0,0,1591,0,_
62,0,钢牙鱼,5,345,22,3,3,1380,0,_
63,0,米 乐、,213,316,87,14,21,1718,1,微笑、是一种无法言说的幸福！_
64,0,丝丝雨雨,290,1055,92,12,12,11335,1,云南昆明女_
65,0,七分,8,1009,4,4,10,74,0,_
66,0,李丹,59,222,35,7,7,4137,0,_
67,0,用户98068583,5,794,2,3,3,1581,0,_
68,0,青青宝贝,1039,1038,315,50,53,3239,1,努力到无能为力，拼搏到感动自己_
69,0,用户7872756768238,0,33,0,0,0,113,0,_
70,0,二又🥕,360,72,86,0,0,0,0,_
71,0,🖤,0,332,41,0,0,325,0,_
72,0,北北,260,1936,36,56,92,0,1,让生活成为电影，每一帧都透着意义。蝶来风有致，人去月无聊。和我一起听《鸿雁》品全羊，畅游呼伦贝尔，带你开心，带你飞。额尔古纳住宿，旅游包车V15004704590   草原生态牛羊肉特产V15004704590_
73,0,林静茹,97,281,51,21,22,306,0,_
74,0,明天你好,83,751,61,9,9,499,0,_
75,0,墨菲,35,389,37,4,4,704,0,_
76,0,丽想,1034,1065,106,81,81,3486,0,_
77,0,小美,919,1217,95,0,0,0,0,_
78,0,冰雪灵熙,32,121,17,5,5,1164,1,我是一名大学生，在职业学院学习专业._
79,0,亻五,0,20,16,0,1,5,0,_
80,0,相伴一生的清,4,138,8,2,2,132,0,_
81,0,往后余生,19,512,19,4,11,0,1,她比烟花寂寞_
82,0,wlty,1084,437,291,41,47,2263,0,_
83,0,用户7606166148664,4,812,7,3,3,501,1,凤凰单丛茶，欢迎订购😊微信15919533862小林_
84,0,Ru,0,322,12,0,0,1250,0,_
85,0,阿卷,17,71,20,3,3,965,0,_
86,0,霏小主,64,1710,89,19,19,410,0,_
87,0,丽姐🌹🌹🌹@,6254,162,193,1005,1005,14219,1,给自己一个微笑😊，开心快乐每一天。_
88,0,用户72805521,0,43,1,0,0,6,0,_
89,0,用户94741534,0,7,0,0,0,10,0,_
90,0,菜菜菜头,87,70,25,9,9,1447,1,时间总是把最好的留在身边_
91,0,米兔,0,601,12,0,0,0,0,_
92,0,的,75,4403,212,17,17,16667,0,_
93,0,杨爽 （家庭教育）,96,404,70,13,13,585,1,如果爱没有增加，一切都不会改变！_
94,0,高晓凤,25,1102,24,2,2,2209,0,_
95,0,微糖佳人,0,414,3,0,0,809,0,_
96,0,李家大小姐娇儿,0,77,47,1,1,180,0,_
97,0,乐潼,96,1735,147,17,23,1429,1,做个温暖的人_
98,0,淘溪蕊,7,352,15,0,14,534,0,_
99,0,念暖。,13,162,21,3,3,266,0,_
100,0,can,7,8,34,3,3,29,0,_
101,0,北秋北 ,670,2065,74,42,45,0,0,_
102,0,Lucky🍀,181,408,25,0,0,0,0,_
103,0,Maybe twins👭💕,185,202,26,36,39,149,0,_
104,0,冉冉Cathy,0,89,21,0,0,364,0,_
105,0,燕妮,1913,627,278,115,120,4105,0,_
106,0,知足常乐！！！,672,1894,191,44,46,8116,1,珍惜此刻_
107,0,小季同志,45,132,32,4,4,178,1,你当像鸟飞往你的山！_
108,0,格林童画创意美术,337657,534,10280,57,58,384,1,内蒙古临河市杭锦后旗v  360370330_
109,0,~好,0,1642,16,0,0,0,0,_
110,0,甜心UU,52326,1060,575,42,44,1267,1,愛你所愛  行你所行   聽從你心   無問西東_
111,0,你的宁夏啊,28132,381,1844,25,25,246,1,喵！你喜欢的样子我都有～_
112,0,六一,36,582,45,4,4,2473,1,🉑️🀄️_
113,0,小果果,182,1550,76,20,20,5863,0,_
114,0,小夏Emma,1,155,5,2,2,75,1,感谢抖音爸爸⸂⸂⸜👊⸝⸃⸃感谢你们的关注💗_
115,0,雅雅雅雅琪。,453,1047,242,21,24,12940,0,_
116,0,sun,1,392,24,0,0,0,0,_
117,0,琦琦格bunny,101866,162,11923,29,29,70,1,南京小疯子_
118,0,KLAL,4104,2114,1984,45,47,7095,1,执行力_
119,0,时光彼岸,194,2556,74,39,39,4481,0,_
120,0,用户9622191269855,0,119,1,0,0,44,0,_
121,0,佳寶จุ๊บ,238,676,91,0,0,0,0,_
122,0,隔壁小孩,2440,325,169,161,161,3199,1,余生希望被宠着惯着并深爱着🤗🤗🤗_
123,0,青柠奶卷 🍥,234,351,41,11,11,122,1,不要仰望别人，自己亦是风景_
124,0,喵💋,215,98,88,41,41,0,1,树欲静而风不止  子欲养而亲不待……_
125,0,UpMore,1,258,43,1,1,191,0,_
126,0,芝芝芒芒crystal,7,564,12,2,2,763,1,匆匆忙忙_
127,0,槿禾,27,357,8,6,6,0,1,小米米的妈咪一个烘培爱好者，种草各种高颜值厨具电器，分享各种好物……_
128,0,阿桑,311,132,31,0,0,0,1,学会推开自己喜欢的东西才是成长_
129,0,ONLYو✧,936,371,88,65,65,6821,0,_
130,0,默,1882,109,1110,60,60,0,1,点点关注不迷路谢谢大家喜欢我_
131,0,晓娣,34,476,250,1,1,1160,0,_
132,0,Sweetlove-lp,0,144,63,0,0,4124,1,好好生活，慢慢相遇，尊重失去。_
133,0,用户7686430940392,0,645,4,0,0,1409,0,_
134,0,上善若水 功不唐捐,5572,242,103,1488,1516,2238,1,日落西山你不陪，东山再起你是谁。_
135,0,心悦,131,772,47,14,14,4877,0,_
136,0,紫雪,725,1084,136,39,39,6359,1,有粉必回哦……_
137,0,小丫头,158,155,66,0,0,0,0,_
138,0,红豆在这里,0,33,12,0,0,0,0,_
139,0,我亦飘零久,49478,15,5604,34,34,390,1,._
140,0,是大熊🐻哥哥,12,1801,33,3,5,1294,0,_
141,0,(๑• . •๑),0,133,4,0,0,0,0,_
142,0,高校表白墙,3,28,4,1,1,6,0,_
143,0,猪猪女孩🐷,117,392,67,5,5,1768,1,感谢让我遇见你，在我最美丽的时刻！_
144,0,陆丽,16,80,10,7,7,228,0,_
145,0,不忘初心、,0,31,2,0,0,0,0,_
146,0,次第花开,12,322,22,2,2,0,1,余生 愿我智慧恬静 内心富足安宁。_
147,0,芭比瘦,2,1289,33,0,0,0,0,_
148,0,袋鼠妈妈教育,346,756,256,17,17,1185,1,原生家庭疗愈，亲密关系沟通技巧，婚姻矛盾调解，请找我~_
149,0,fennier,2207,2424,505,12,12,26665,1,下辈子我要做一个男生 娶一个像我这样的女生_
150,0,小太阳🌞妈妈,46,80,1,17,17,223,1,记录关于你的美好🌞_
151,0,风雨同舟,552,1266,141,12,14,0,1,口号:爱笑 护肤 挣钱 旅游_
152,0,心若,0,1129,25,0,0,3544,1,我就是我_
153,0,摩羯琳,126,713,81,11,11,1553,0,_
154,0,大脸盘子🌺,156,211,67,66,66,2238,1,已所不欲，勿施于人。_
155,0,初荷无尘,43,928,29,18,18,898,0,_
156,0,用户4040114068259,0,2925,6,0,0,1917,0,_
157,0,淼,3212,2948,1682,64,66,2597,1,长久_
158,0,奶油爱妈咪,4,198,15,1,14,783,0,_
159,0,我的小太阳,150,133,31,25,47,0,0,_
160,0,妇 ~,31,400,29,6,8,894,0,_
161,0,mi,81,2175,33,0,0,0,0,_
162,0,用户7397195065662,37558,2817,791,172,173,12656,0,_
163,0,🎀M.J🎀,303,333,45,35,36,690,0,_
164,0,芩芯,1,227,13,1,1,30,0,_
165,0,小小的太阳236992517,167,378,43,8,8,575,1,不与小人计得失，不和智者争高下，不与傻瓜论长短。_
166,0,Lily_夕阳斜°,3263,30,185,27,28,90,1,无处安放的小情绪。_
167,0,谦谦带你看世界,353,432,158,46,51,921,1,一起去旅行……_
168,0,孟孟,512,470,115,42,45,1126,1,争取做辣妈一枚_
169,0,时,3961,25,892,5,7,0,0,_
170,0,庸****,366,314,112,24,24,974,1,😉_
171,0,插在牛粪上的一朵奇葩,528,418,79,54,201,645,1,好玩杂货铺_
172,0,小宝妈,268,167,103,29,30,157,1,家有逗逼小神兽一枚_
173,0,思,53,185,31,7,25,0,0,_
174,0,@简单,421,80,60,37,37,351,0,_
175,0,铅笔,0,81,10,0,1,20,0,_
176,0,我跟小谷先森,352,861,44,69,73,2799,1,善良 阳光  温暖_
177,0,风儿,0,142,112,0,0,199,1,云儿_
178,0,Shu™💓,3173,1136,188,270,380,0,1,谢谢你的点赞➕关注！_
179,0,用户9940192453375,0,1493,43,0,1,129,0,_
180,0,嫣儿,3,38,21,1,1,164,0,_
181,0,我姓杨,154,3069,99,13,13,3154,0,_
182,0,用户8262321835827,4,318,14,1,1,2012,0,_
183,0,用户50460113,0,212,2,0,0,1130,0,_
184,0,感觉自己萌萌哒,435,541,112,114,116,7561,1,每次发抖音都觉得，我要火了_
185,0,人去楼空、,30,68,17,14,14,9,0,_
186,0,是白泽仙子啊,357,161,14,9,9,0,1,浴室灵感唱将😆想听什么留言给我❤_
187,0,肉肉是我,2,201,4,2,2,596,1,自律且可爱_
188,0,柯达是猫不是胶卷,10,142,5,2,14,1178,1,主子是个妹妹，现在四个月大，分享日常_
189,0,Daddy,457,184,886,20,20,96,0,_
190,0,Mae,0,214,0,0,1,1167,0,_
191,0,快乐生活,199,1938,68,59,64,0,0,_
192,0,卢八六,351,49,46,28,30,0,0,_
193,0,咿呀咿呀哟,0,1656,15,0,0,3918,0,_
194,0,Rui蕊🌸,560,221,65,54,54,0,1,🐾许岁月以温柔，你若意重，我亦情深。98年在丽江的小姐姐，有一家客栈（七號），一家民族风鞋店，欢迎大家来丽江玩，故事与酒我都有，只为遇见最浪漫的你们……v ;  hxr4789 (+v注明来意)_
195,0,用户412256815155,27,84,13,6,6,40,0,_
196,0,司徒忆洛,9,144,13,4,6,1040,1,云南人在柬埔寨，😲😲😲_
197,0,小镇姑娘-翠翠,141,819,31,41,41,1545,1,小镇姑娘小家庭的生活日常粑粑工作狂🤔崽崽可爱俏皮😘我就是那个臭美的麻麻💅~_
198,0,丁佳,40,212,109,4,4,2277,0,_
199,0,萱大美,1115,23,50,19,19,0,1,狭路相逢勇者胜温柔只给意中人_
200,0,囡囡*^_^*,63,713,34,7,9,5187,1,长的漂亮不算漂亮，过的漂亮才叫漂亮_
201,0,小坏坏🐱,55,231,17,16,25,1477,1,喜欢一个人，始于颜值，敬于才华，合于性格，久于善良，忠于人品。_
202,0,挑战老公_,12634,1715,488,518,518,20818,0,_
203,0,李郑帅,0,315,17,0,0,5,0,_
204,0,小lai,287,3007,58,0,0,0,0,_
205,0,七分,0,213,1,0,0,0,0,_
206,0,蛋蛋,0,151,17,0,0,645,0,_
207,0,哦哦哦orange,9,25,6,0,0,0,0,_
208,0,萱萱,1032,94,206,151,151,0,1,记录生活，谢谢你的关注！❤️2359389750_
209,0,小小蜗牛慢慢爬,777,1516,100,161,181,3183,0,_
210,0,素心 ,12,135,4,9,10,337,0,_
211,0,Timmy201903,0,121,6,0,0,21867,0,_
212,0,Mia,147,4215,272,81,83,4323,1,天津土著，家有萌娃一枚致力于让自己越来越年轻健康的事业爱美的你一定要关注我哦VX 18622859967_
213,0,贝尔童装,161,498,188,2,13,0,1,❤不畏过往，不惧将来                                                            ❤80后宝妈一枚，6年育儿经验                                                🌿乐于分享短视频干货 ➕线上潼装➕育儿经验               🌿感恩遇见，感谢关注 ，不负信任                                           ❤一路同行，线上潼装_
214,0,王子媽™❤️,629,156,154,45,47,134,1,茫茫人海 找一个对的人就如 古语云：弱水三千，我只取一瓢饮_
215,0,雅姐姐 🔮,805,2708,197,26,34,0,1,不去观世界，哪来世界观。_
216,0,☁️,9,1149,35,1,1,490,0,_
217,0,Kate0607,0,603,12,0,0,2066,0,_
218,0,淘宝阁外贸童装【实体店】,55,1748,75,3,4,15961,0,_
219,0,小布丁。,735,441,44,0,0,0,0,_
220,0,^,313,253,146,3,4,0,0,_
221,0,Metoo.,39987,301,2405,5,6,2757,1,谢谢你的关注_
222,0,沐沐哒💋(6.1满月🌕),769,566,365,29,29,354,1,撒娇、帅气且温柔，就是这样一个我168cm的小女子一枚百变沐沐奔你而来_
223,0,水湄伊人0704,0,1698,23,0,0,4520,0,_
224,0,🍑舞蹈生韩名宣-한명선🍑,455,1239,149,37,37,0,1,学校:沈阳民族艺术学校舞蹈生舞蹈老师_
225,0,zhang,0,46,15,0,0,109,0,_
226,0,差点是个美女,1,1229,95,0,0,0,0,_
227,0,一梦三四年,0,122,1,0,0,0,0,_
228,0,用户7807965222090,0,1242,7,0,0,154,0,_
229,0,手机用户70885294291,69,490,45,4,4,1376,0,_
230,0,a 、W y,2832,2939,658,0,0,0,0,_
231,0,提拉米苏,12738,334,2931,118,123,2777,1,生活  要有态度_
232,0,面朝大海,0,735,18,0,0,0,0,_
233,0,用户8999891503441,0,38,1,0,0,6,0,_
234,0,伟哥正能量🌸🌸,32566,104,11683,24,24,185,1,每天更新正能量段子！感谢老铁们的支持与关注！我是伟哥，一直在正能量路上走！_
235,0,窝窝奶糖,216023,930,4437,201,201,2692,0,_
236,0,美大王,147,348,128,11,14,189,1,与其更好 不如不同_
237,0,问心无愧,1,409,18,0,0,3934,1,看清，别揭穿。讨厌，别翻脸。_
238,0,～*抱抱猪*～,40,244,9,6,6,87,0,_
239,0,user1284569067059,0,956,119,0,0,4834,0,_
240,0,冷暖自知,0,560,1,0,0,0,1,记住该记住的，忘记该忘记的，改变能改变的，接受不能改变的。_
241,0,刘骐&蓓蓓,17,503,26,2,2,0,0,_
242,0,蔓藤,0,80,5,0,0,57,0,_
243,0,ni,0,1041,2,0,0,588,0,_
244,0,smile.@,297,325,73,88,95,602,0,_
245,0,三斤,7,457,3,0,0,0,0,_
246,0,梨梨梨,0,2888,0,0,0,0,0,_
247,0,A小洁,1247,351,81,196,197,5401,1,八零后二娃宝妈，感谢各位的关注🤗大娃🐭☺️二娃🐶😋闲来无事记录俩宝日常🤪🤓_
248,0,浪七🐰,1559,44,1029,16,67,0,1,～～～～～～～～～～   喜欢精致  喜欢简单～～～～～～～～～～_
249,0,娇子🥰,458,364,112,21,22,6513,1,做过最后悔的一件事就是，小时候既然想着快点长大.          只交正能量好友._
250,0,筱雅,17,297,71,1,66,2004,0,_
251,0,简单,3,819,7,2,2,744,0,_
252,0,大块吃肉,21,80,40,2,2,0,0,_
253,0,小凤,238,1531,111,45,47,4927,1,我喜欢直爽的人，可是太直爽的人。容易得罪人😭😭_
254,0,11-墨墨,0,10,1,0,0,41,1,墨墨_
255,0,有缘千里417,0,333,38,0,0,23180,0,_
256,0,王红,133,525,75,11,12,1083,1,王红 其实幸福很简单！一句温暖的话， 一个会意的眼神，一道美食，一个风景，一个小梦想，都是幸福！_
257,0,Nicole babyG,1,415,52,1,1,18739,1,微胖女生。90后。😝😝_
258,0,Zzzzzzz~,0,321,20,0,0,157,0,_
259,0,YANGYAO,55,470,53,0,0,0,0,_
260,0,请允许我这一刻泪下,211,561,41,82,83,2420,0,_
261,0,🤨🤨🤨🤨🤨🤨,48,213,81,8,8,2795,1,无知无畏又无味_
262,0,花之芮,0,64,7,0,1,0,1,终将醒来_
263,0,高兴兴,435466,810,57281,19,29,1415,1,💁热爱生活的80后💁分享学习短视频的成长之路💁分享正能量的情感故事🙋谢谢遇见，一起加油❤_
264,0,失心,370,1597,159,16,17,0,1,安静♥_
265,0,耿三妹,2847,166,721,23,24,9598,1,《男生女生面膜推荐》《第一品牌菲洛特面膜》《生活需要点仪式感》《❤️耿三妹灵魂面膜铺》_
266,0,Da熙熙,1339,1053,152,114,132,10879,1,总有人说我变了，却没有人问我经历了什么…_
267,0,真真真🐷,55,437,17,13,13,360,1,幸福！安康！_
268,0,会炸毛的叁叁酱,457,2610,75,69,70,4285,1,可我要你快乐_
269,0,,3861,1237,1107,354,355,5047,0,_
270,0,可乐冻苹果,0,1565,21,0,1,241,0,_
271,0,🔆yy cc🌸,57,59,41,9,9,365,0,_
272,0,🌺HUIHUI💖,137,318,118,54,80,365,0,_
273,0,王文丽,0,86,5,0,0,32,0,_
274,0,若涵,7,528,13,0,0,0,0,_
275,0,用户1922745470865,0,128,14,0,2,1308,0,_
276,0,琉璃LOVE凌,0,34,0,0,0,0,0,_
277,0,堆糖,0,1291,12,0,0,32,0,_
278,0,我是娜娜不是辣辣,1000,717,120,162,163,0,1,“眼前人已非彼时人，两两相望，唯余失望”_
279,0,"九尺冰封,非一日之寒.",135,84,18,16,35,0,1,狗改不了吃死_
280,0,数九寒冬,14,4778,219,0,1,1925,0,_
281,0,招财小猫,834,483,38,116,116,2185,0,_
282,0,芷君💋,3098,2265,542,102,103,6576,1,痛而不言，笑而不语，久而久之，就学会了独自承受，其实逢人不必言深，孤独本是常态，倘若深情被辜负，一生孤独又何妨？_
283,0,呵呵……呵呵,57,431,14,0,0,0,0,_
284,0,糖小甜@~@,51,451,79,5,5,1345,0,_
285,0,🍌,32,1400,35,3,4,5293,0,_
286,0,黑曼巴,39,1417,88,0,0,0,0,_
287,0,燕子,336,1601,109,40,305,0,1,一只没裁耳的小恶霸在老挝🇱🇦_
288,0,已重置,437,477,49,30,30,1071,0,_
289,0,幸福东街的瓦罐,18,2764,43,0,0,0,0,_
290,0,嫣然一笑♥,9,174,41,2,2,485,1,以感恩、简单、快乐、向上之心过好余生！_
291,0,寄小季💋,387,268,103,0,0,0,1,🌙_
292,0,幸福，安康,10,2582,0,0,0,0,0,_
293,0,东方美学·何仙姑,4120,138,1004,151,165,0,1,我自风情万种、与世无争_
294,0,你的阿夏夏,140,898,68,19,19,1582,0,_
295,0,Jearl,1286,823,115,103,103,2389,0,_
296,0,初蕾,1,300,5,3,3,182,0,_
297,0,琳,1340,1247,251,76,116,3706,1,要长大_
298,0,用户8403811729321,0,101,2,0,0,0,0,_
299,0,眼泪,126,1620,130,56,56,1019,0,_
300,0,用户7563968649697,18,870,27,8,8,1642,0,_
301,0,Monica,641,994,116,86,87,4378,1,莫妮卡宠物馆_
302,0,早春小甜心,0,2275,12,0,0,2450,0,_
303,0,隔离墩 检查井 缝隙式排水沟 配重混凝土,3796,484,1032,54,54,991,1,国内免费热线：15127687828（若水路安）_
304,0,₯㎕,0,183,3,1,1,17,1,如今随心_
305,0,玛乔俐,20,205,8,5,6,201,1,爱唱K的吴太太_
306,0,尚赫～～景颐芳姐,5922,3428,1021,601,1108,6986,1,选择所爱，爱所选择！_
307,0,甜布丁家的大麦兜,709,1169,145,4,12,3459,1,生活如此美妙 我却如此暴躁 这样不好不好_
308,0,吴小小清,108,1147,65,12,12,3027,0,_
309,0,天总会晴🌙,64,249,15,1,1,293,0,_
310,0,用户8795529659775,0,466,8,0,0,198,0,_
311,0,陈美瑞,52,644,10,0,0,0,1,来了吗，你介意我是农村的吗_
312,0,咪子咪子康咪子,552,1267,101,83,99,1634,1,爱旅行 爱跳舞 爱生活舞蹈老师_
313,0,鹅蛋脸,0,752,10,0,0,0,0,_
314,0,用户4825459534668,0,92,0,0,0,0,0,_
315,0,佳佳佳佳,10,35,3,1,1,21,1,❤️佳佳84年的鼠尾巴，85年的牛头，聪明踏实❤️刘爸爸83年的猪尾巴84年的鼠头，踏实聪明❤️恋爱14年，结婚9年，小夫妻俩白手起家，      “五子登科”，享受生活的油盐酱醋茶，生活        过得有滋有味！_
316,0,宿管阿姨在查寝,4,165,35,1,2,0,0,_
317,0,福宇妹儿,283,204,130,1,1,477,1,笔芯❤_
318,0, 元子,7,577,34,1,1,15498,0,_
319,0,丹兰昕,29,1338,28,2,3,4442,0,_
320,0,NICETOWN,1386,1595,1330,41,86,0,1,哈喽大家好 店铺地址：邢台市桥西区港龙步行街壹等仓 分享穿搭 分享美好生活店主：NICE  ❤️：LLL20071225直播时间：每晚7：30-9：30如果有喜欢的美衣 可私可留言期待您的到来！_
321,0,🔅🎏🐢小疯子&大可爱〰,105,370,45,17,29,0,1,我在等待一个冬天等树叶飘零等霜雪满天等你转身笑一笑便是春天_
322,0,猫咪🐱,132,369,356,4,4,175,0,_
323,0,芝士炒鸡๑• . •๑,182,310,10,23,31,0,1,💫南墙已撞 故事已忘 别回头 我不在。_
324,0,cissy,54,562,63,6,6,38,1,🍒🍓开心快乐每一天_
325,0,余涔伊,19,703,37,2,2,466,0,_
326,0,叫我梁靓亮晶晶,9,66,16,1,1,163,0,_
327,0,MK🖤,46,18,375,0,0,0,0,_
328,0,最爱吟儿,276,419,58,20,110,1452,1,谢谢你  这么好看还来关注我_
329,0,小辛,7259,1213,1182,46,46,0,1,体会百味人生_
330,0,daisy~l,0,27,0,0,0,285,0,_
331,0,Nikki,0,243,0,0,0,0,0,_
332,0,小小孩,59,907,43,33,33,1203,0,_
333,0,静叶竹林,0,40,10,0,3,0,1,做一个有趣的人！_
334,0,君,27,378,8,0,0,0,0,_
335,0,十月初五花艺馆,571,98,74,166,169,183,1,有花～有猫～_
336,0,小关,1732,1304,288,76,76,1009,0,_
337,0,肥小美,19,1083,4,4,4,0,1,只吃饭不说话🍗_
338,0,用户84492666,0,193,2,0,0,198,0,_
339,0,坏zwy宝,818,3655,114,63,64,5344,0,_
340,0,..,0,510,32,0,0,1753,0,_
341,0,请叫我陈小A呀哈,6,246,71,0,11,0,0,_
342,0,小丑鱼🐟,296,570,75,27,27,832,0,_
343,0,Evidence 〃,17,31,10,2,2,272,1,有时候，我们并非走出了伤痛，不过是学会了带着伤痛继续生活。_
344,0,💜💙💛,310,628,69,51,53,907,1,人有两次生命的诞生，一次是你肉体出生，一次是你灵魂觉醒。一个与山川湖海雪月风花的女子。_
345,0,Мунира💕,83,811,124,4,6,0,1,人都会离开，因为都有腿。_
346,0,兔耳朵,1618,962,328,42,79,166,1,错把陈醋当成墨 写尽半生皆是酸 兔耳朵_
347,0,用户8140104745249,0,1063,5,0,0,1707,0,_
348,0,秋天的瞳话,1442,1310,560,87,123,3448,1,🍹找一份工作，让人闲下来，让钱去打工，你喜欢吗？😄_
349,0,小伙伴舞蹈❤️,19,1257,42,2,2,228,1,小草的一抹新绿，不卑微，不作践，温柔且坚定！🌳_
350,0,饅饅,17,179,16,0,0,75,1,你要努力强大起来，然后去独挡一面！_
351,0,🐯糖是甜的🐯,70,407,130,6,8,98,0,_
352,0,lingtya01,0,306,1,0,0,126,0,_
353,0,Jessiii,0,1187,12,0,0,958,0,_
354,0,刘栩含,1524,361,172,0,0,0,0,_
355,0,曾迷人,1720,256,303,27,28,2361,1,得不到的永远在骚动😁_
356,0,爱宝妈咪精品,0,42,3,1,1,50,1,合作请私信_
357,0,莽夫,0,1162,0,0,0,0,0,_
358,0,阿成,167,2183,216,24,96,3839,1,往事清零，爱恨随意2020，期待遇见_
359,0,娜仙儿,219,1444,75,27,27,741,0,_
360,0,陈,0,30,15,0,0,0,0,_
361,0,婷💋小不点,10,781,8,0,0,0,0,_
362,0,Angell_233196560,3,526,25,2,2,1443,0,_
363,0,子青,15,738,32,5,6,1099,1,相信文字是有生命的，把他写好，爱上他，他会告诉你他有多美好，v:Liqian3978350_
364,0,七月 张小花～,48,559,29,4,4,1842,1,一见入魂_
365,0,绾颜🏅,13,2676,36,0,0,0,0,_
366,0,化妆师✿小 嬣 同学,6714,2094,905,377,406,2975,1,造型师_
367,0,秋千的千秋--CVIP🌻,2,398,12,2,3,592,1,创建纯属娱乐梦想暴富暴瘦文艺青年一枚谢谢你关注我不俗且俗着生活～_
368,0,余生🍭,220,47,58,5,5,108,1,陪伴是最长情的告白🌙_
369,0,孤,27,148,10,4,4,622,0,_
370,0,芝士火锅仙女怪,918,540,71,52,76,842,1,一生欢喜，不为世俗所及。_
371,0,🥑。,10,2243,203,2,4,0,0,_
372,0,用户2530069507103,0,51,0,0,0,10,0,_
373,0,🌈F、,78,456,74,9,158,3243,1,🌸心如花木，🌈向阳而生。_
374,0,下雨天爱睡懒觉,1788,1321,186,126,551,0,1,多努力，多收获。_
375,0,我的昵称有八个字,0,70,2,0,2,401,0,_
376,0,可可乐乐,1116,280,196,47,47,5169,0,_
377,0,baby zhang❤️,117,1435,47,62,62,0,0,_
378,0,哎呀开心呀,85,173,153,4,4,1244,1,生活虽苦，但你要甜～_
379,0,星星,1,477,7,5,5,1387,1,星星_
380,0,遇到最美的自己,3,277,78,0,1,2789,0,_
381,0,丹-Nicole,0,462,22,0,0,477,0,_
382,0,我一直都在,419,591,47,63,80,998,1,运气：就是机会碰巧撞上努力的你_
383,0,用户1274119418212,0,42,8,0,0,22,0,_
384,0,陌子馨,10698,1406,1181,1116,1531,4662,1,吾家有女初成长_
385,0,user4993283706786,31,113,20,0,0,0,0,_
386,0,海参微微,4,269,0,3,3,456,0,_
387,0,用户9715109112128,0,113,0,0,0,486,0,_
388,0,刘子墨,30,425,10,18,18,60,1,爱我的宝贝女儿_
389,0,玲玲,162,1037,34,30,30,2402,0,_
390,0,墨V,78,531,53,0,0,0,0,_
391,0,转转,2346,10,276,44,44,918,1,我希望在你的爱情里》、《只想对你说》、《答案》、《让我留在你身边》等等。_
392,0,云中雁,667,1521,68,83,84,3332,0,_
393,0,叶。,297,205,103,27,27,3571,1,混世小公举👸_
394,0,缪斯,1,86,4,1,1,650,0,_
395,0,浅色,13,1663,27,0,0,0,0,_
396,0,user,310,462,19,0,0,0,0,_
397,0,☀️,177,636,42,51,51,1313,1,一个小小的宠狗人士_
398,0,小七,44,1004,85,0,2,2728,1,谢谢你关注我💗_
399,0,Miu,64,776,35,57,58,2114,0,_
400,0,sophia,0,325,14,0,0,331,0,_
401,0,Lucky  and  Skr,89,3064,59,3,3,0,1,热爱护肤热爱生活的大学生小陈_
402,0,^～^熙小主,143,79,46,8,8,408,0,_
403,0,梦雪儿21,14526,4634,232,131,134,8957,1,爱我你就亲亲我，爱我你就抱抱我。嘻嘻_
404,0,用户8661934763796,0,96,5,0,0,12,0,_
405,0,白金汉爵～董小姐,2693,164,399,218,218,0,1,做一个37度的女人，我的生活我做主，我的幸福我掌控！_
406,0,叶子老师,0,102,14,0,0,539,0,_
407,0,胜贤,173,2368,446,12,16,2187,1,最简单的就是最幸福的_
408,0,刘晶,87,251,17,32,32,467,0,_
409,0,王王王王王,1,340,53,0,8,342,0,_
410,0,冷眸,703,234,73,182,204,0,1,五毒俱全的姑娘最动人：独立的价值观、独立的思辨能力、独特的生活方式、独特的人格魅力、还有爱自己。_
411,0,广鑫图文广告,173,835,166,13,13,3391,1,V：13333752023_
412,0,Catie,0,259,4,0,0,302,0,_
413,0,捣蛋司令,100,1636,61,10,21,494,0,_
414,0,M妖孽_,105,29,59,20,20,87,0,_
415,0,用户5430015365263,0,1175,29,0,0,1062,0,_
416,0,书香世家,186,19,730,17,17,0,1,分享好书 一起成长有喜欢的书可以私信_
417,0,安心🍀,0,80,1,2,3,243,1,很简单  不希望被关注 😎_
418,0,user2354197685567,0,1406,25,0,0,9560,0,_
419,0,真真. N . ,751,2338,112,434,434,7101,1,_ 今日の甜  频繁记录着、只因生活值得_
420,0,卖火柴的小仙女呀,6339,1783,454,405,586,4789,1,感谢你这么优秀还帮我点赞❤_
421,0,徐姐爱健康,10,457,21,5,5,0,1,👭一起做个小馋猫🐱跟我吃🍱不会胖😎关注我🌹我们一起变美⚡️🌹_
422,0,小苹果🍎🍎,143,664,22,31,31,3898,1,無條件地愛自己，有條件地愛別人待人有尺，善良有度心中有光，身上带刺_
423,0,和风细雨,289,163,54,25,25,2271,1,只望此生不要活的太累_
424,0,晶晶,94,648,45,21,21,28,0,_
425,0,晴空,0,425,9,0,0,118,0,_
426,0,五十,0,160,5,0,0,0,0,_
427,0,lilymama,0,19,71,0,0,33,0,_
428,0,尛儍苽,63,439,20,0,0,0,0,_
429,0,"🎀美丽怪物""",597,993,91,31,135,1773,1,我会努力成为你未来见到会后悔没有珍惜的人💋                                                        👇                             感恩遇见🙏_
430,0,飘漠,1578,177,137,205,218,2856,1,爱生活_
431,0,猫,4,90,11,1,1,1713,0,_
432,0,@🍁秋叶,1291,1818,255,120,120,10628,0,_
433,0,老子,0,993,1,0,0,0,0,_
434,0,喵(^･ｪ･^),30,3588,41,8,53,3809,0,_
435,0,小淼淼,673,2524,68,147,154,2684,1,我一野马  何谈归途_
436,0,用户6429817329852,0,82,7,0,0,7,0,_
437,0,桔子姐创业,7959,396,1310,109,116,0,1,创业中的人_
438,0,麦子麻麻,34,313,370,2,2,452,1,89年宝妈2013年生下大宝（麦子）2020年生下小宝（小语）_
439,0,之暖🍓yoyo,113,262,23,62,67,359,1,🧁 星辰大海  我的故事都是你🍯🍒感恩抖音    感谢关注🍥_
440,0,小米,0,1254,33,0,0,1532,0,_
441,0,ヾ﹎EXO° 奇葩,518,219,111,247,247,376,0,_
442,0,大鄉,5,58,4,3,3,49,1,一切有为法，如梦幻泡影_
443,0,Ms.r,122,11,0,0,0,0,0,_
444,0,吴小静_228510885,39,82,8,24,24,98,1,人生极为重要的三件事便是，用宽容的心对待世界，对待生活，用快乐的心创造世界，改变生活，用感恩的心感受世界，，_
445,0,小龙女修仙逆龄记,227,385,47,45,51,749,1,记录分享一下逆龄生长的自己，慢慢地优雅到老……爱养生，爱自己，爱护肤彩妆……爱一切美好与和谐～做美丽智慧女人！_
446,0,『Lucky宝藏南巴妹-游游』,1319,762,236,115,149,6219,1,摩利文化商学院全国工商联人才交流服务中心授权培训机构新媒体运营师、5G短视频直播培训、茶艺师培训、健康管理师、形象管理师_
447,0,H,0,1540,29,0,0,0,0,_
448,0,   悦兒,0,192,28,0,0,328,0,_
449,0,璐瑶,19,618,23,3,3,411,1,风雨同路_
450,0,踏浪追风,64,2761,110,17,17,149,1,自律方能自由_
451,0,钰儿,0,3818,30,0,0,82,0,_
452,0,用户87442293,0,10,0,0,0,6,0,_
453,0,要努力🌸要改变,162,1468,196,8,11,447,1,喜欢交友、热爱生活、珍惜一切。希望认识新朋友，共同进步。现在上海从事网约车租赁，希望为有需要的朋友服务。_
454,0,bear,0,397,17,0,0,2610,0,_
455,0,王小样,51,188,57,9,18,1384,0,_
456,0,雅玉🍎🍎🍎🍎🍎,28388,2696,8726,165,167,0,1,一个有趣的灵魂，每天中午12点直播.可能会晚...但会播😂_
457,0,村长大人,399,1877,459,65,261,2609,0,_
458,0,迷失在北极的热带鱼🐠,594,1440,423,0,0,0,0,_
459,0,一颗、草莓糖🍬,34,916,28,0,0,0,0,_
460,0,晨亮医疗——验光师许琳娜,119,2153,71,15,16,1844,0,_
461,0,丽丽,29,2119,37,5,5,4628,0,_
462,0,敏妹妹一互,941,4960,121,93,93,6632,0,_
463,0,妮子,921,198,210,44,49,2346,1,💋明人不说暗话，所有作品均是对口型。💋70后老阿姨感谢你的关注。_
464,0,weyhuey,0,743,10,1,1,1010,0,_
465,0,林子,1358,447,757,164,167,639,1,活着就是幸福！每天都可以归零重启在美好中遇见美好！一盏灯去点亮另一盏灯！_
466,0,存在,592,368,86,68,133,1436,1,点个关注吧！_
467,0,明天你好！,6,51,4,2,6,33,1,要么残忍，要么勇敢，就让所有的痛都砸过来，我照单全收。雨天你好，阳光☀️你好！明天你好！2020你好！_
468,0,用户8652249348550,0,206,0,0,0,701,0,_
469,0,俺也想当村长,2,3704,0,0,0,0,0,_
470,0,七月那个桃子呀,66,394,25,20,34,0,1,无锡阳山水蜜桃原著民 有着一亩三分地_
471,0,以沫,1086,176,48,126,235,16659,1,说的好不如做得好……_
472,0,小板🎶,5,908,17,0,0,0,0,_
473,0,zjp❤️ljm,2831,914,58,8,8,2977,0,_
474,0,安安,70,765,85,16,16,1050,1,安安_
475,0,已重置,313,642,48,23,28,615,0,_
476,0,啊阿萌,31,409,185,3,6,513,0,_
477,0,+汐汐,0,2022,10,0,0,0,0,_
478,0,初心ღ᭄ꦿ,823,68,363,86,95,15,1,轻轻松松滴小日咂ღ᭄ꦿ_
479,0,千禧曼波,429,429,78,49,49,0,0,_
480,0,月无声,0,541,37,0,1,2675,0,_
481,0,浮生若梦,645,76,51,73,123,5679,1,云腾致雨，露结为霜_
482,0,小星星✨✨,65,1040,26,18,18,2793,0,_
483,0,夜灯,287,976,62,47,152,4111,0,_
484,0,杜拉拉,3726,309,1340,328,1082,7012,1,不是嘟嘟嘴卖萌的都是小姐姐，一不小心就碰上了老阿姨呦世界那么大还是遇见你愿～后来遇到他陪我春秋冬夏愈合我的伤疤大概，我会一直幸福吧(^o^)o_
485,0,🙎🏼‍♀️,0,1313,29,0,0,0,0,_
486,0,紫气东来JJ,66,3307,55,6,8,11738,1,有品质的生活，靠自己，最安心。_
487,0,娟,185,1611,48,36,37,3282,0,_
488,0,手护天使,14398,4978,2403,677,677,27942,0,_
489,0,秀子形象管理,9,1525,70,2,2,824,0,_
490,0,用户3779688448583,63,99,29,2,2,63,0,_
491,0,蝶恋,47,3303,7,19,19,7197,0,_
492,0,麦姐谷妹,503,813,146,30,30,1452,0,_
493,0,阿心,234,1048,81,16,17,4597,1,我陪你～_
494,0,寵愛自己的小任性,113,4277,11302,4,4,0,1,人生最大的勇敢之一，就是经历了一次次欺骗和伤害之后，还能保持信任和愛的能力。_
495,0,微凉😊晶晶亮,6,1062,50,1,2,957,1,一直……就好😊_
496,0,用户3779086559173,0,796,62,0,0,5552,0,_
497,0,用户6658193912304,0,151,0,0,0,31,0,_
498,0,秋水伊人💭,35,766,38,7,7,2633,0,_
499,0,月明千顷,972,3288,148,45,45,0,1,她关注了你_
500,0,三哥,0,44,0,0,0,9,0,_
501,0,LYl,12953,3592,2226,401,409,11338,1,😘😘😘😘😘😘人之初  性本善_
502,0,嘴贫,8,250,51,3,4,920,0,_
503,0,白天不懂夜的黑,46,584,29,6,6,1000,1,人生观价值观世界观三观不同谈何关系_
504,0,喵喵喵乐笛🐈💃🏻🎻,105,205,87,13,13,131,1,一个努力变成小裁缝的BJD娃娘_
505,0,🍁 中年 🍁,16,849,81,1,1,65,1,人。开心😊快乐就好_
506,0,你的世界我曾来过，,44,289,20,18,77,715,1,学会放下_
507,0,，,0,178,6,0,0,3699,1,。_
508,0,傻力,18163,795,1751,82,161,21555,1,吃饭睡觉打篮球VB：可以考虑叫我傻力_
509,0,小了白了兔,46,696,33,0,0,0,0,_
510,0,零下7C°的温柔,863,223,45,0,0,0,0,_
511,0,Nancy,11,227,7,6,6,763,0,_
512,0,王小猪,0,933,53,0,0,47,0,_
513,0,王公子💅🏻,28,600,62,0,0,0,0,_
514,0,❤@昕宝,60,227,23,25,25,74,1,一首歌 一个故事 一段感情 一种回忆 凉凉夜色为你思念成河_
515,0,欧美百货,3480,235,1530,242,242,0,1,关注➕❤️客服欧美百货客服1⃣️号:15516851313【常用】欧美百货客服2⃣️号:17639603785专注服装穿搭分享美妆心得感谢关注❤️ 用心做好每一件事！加油💪_
516,0,笑笑【嘉沐音乐电台】,1098,384,321,92,92,1258,1,清风难寻 铁马难行_
517,0,用户2087736247167,0,199,0,0,0,0,0,_
518,0,Sara (●—●),319,772,88,29,30,911,1,希望你的可爱    可以治愈一切不可爱😘_
519,0,不正经的君君,46,1044,43,16,16,3010,1,自黑高手国语不标准英语不会说粤语不斯文_
520,0,🧸🥣幸运兒Felicia☀️,4684,1383,1609,63,72,2996,1,超级贪吃小宝贝👅经常发身材好的图片是因为我在减肥 给自己树个目标欢迎☀️正能量的朋友🥳_
521,0,莹,14,270,46,2,2,2258,0,_
522,0,๑请叫小姐姐小姐姐,146,349,51,3,3,147,1,遇见更好的自己！_
523,0,人无完人,2,411,8,0,2,1047,0,_
524,0,Zero.,161,213,86,46,51,2765,1,抽丝剥茧 玫瑾玉心 ❤️_
525,0,虎背熊腰萝莉心,69,537,56,5,7,642,1,这家伙很懒，什么都没留下。_
526,0,可爱小妞,132,623,71,0,0,0,0,_
527,0,银河系,3,3381,31,0,0,0,0,_
528,0,萌萌的萌萌,24940,818,1037,196,200,0,1,拥有健康才能拥有幸福，健康体检就找我_
529,0,喜欢千玺的小可爱ớ ₃ờ,217,302,33,175,176,0,0,_
530,0,哎呦！💝小母牛💝,49,941,9,0,0,0,0,_
531,0,创影国际  小时代高端摄影馆,2,3396,248,0,4,12576,1,“活着就是最大的成功”我是小强，你是谁！_
532,0,沫沫妈妈,134,132,23,37,41,0,1,90后全职宝妈一枚分享宝贝日常_
533,0,顾漂亮🌸,880,222,207,54,58,0,1,💕♍️_
534,0,寒梅傲雪,17,59,20,1,1,245,0,_
535,0,Orange·🍊,139,91,44,0,0,0,0,_
536,0,芮子,666,1305,166,0,0,0,0,_
537,0,星球人,0,9,1,0,0,18,0,_
538,0,努力逆袭中的胖妈,33,1606,14,16,16,7146,1,做一个美好的人，觉醒了。自律的人最美丽！_
539,0,@木子木,47,851,40,8,8,1574,1,😍资深吃货一枚🥰😍精致胖子一枚🥰😍奢爱穿搭一枚🥰😍至理名言：宁愿胖的精致，也不要瘦的雷同🥰_
540,0,无尘,564,91,619,30,38,780,1,👍感谢抖音平台让我们相遇👉分享音乐、情感、生活故事👇一眼喜欢的从来都不是文案👆而是似曾相识的经历👌不念过往，向往未来，终将美好_
541,0,净影,64,204,67,17,17,865,1,不乱于心，不困于情，不畏将来，不念过往。如此，安好！_
542,0,陈小小🍭,24,436,41,3,3,667,1,live  your  life❤️❤️❤️_
543,0,小璇子,6746,435,665,96,96,639,1,电视台主持人_
544,0,A，始于初识，💙💚💛💜,86,120,32,13,13,0,0,_
545,0,花仙子,0,735,3,0,0,0,0,_
546,0,Yan,708,2101,95,31,1634,4293,1,先有量变，再有质变。_
547,0,鸡蛋仔,5,472,25,0,0,0,0,_
548,0,渡儿,2,171,10,0,0,0,0,_
549,0,吴顯燃 ～,1348,2145,153,111,111,7925,0,_
550,0,FL,22,848,0,0,0,0,0,_
551,0,春华秋实,2464,1423,123,46,48,0,1,宽心嘴甜，随喜随缘。_
552,0,卡罗的日常,14,295,22,9,9,1962,0,_
553,0,小不点,156,1243,24,0,0,0,0,_
554,0,欢喜人间,144,1293,33,8,8,0,0,_
555,0,晴哥STYLE,33,134,3,13,13,91,0,_
556,0,金烨,7,709,13,2,5,222,1,情绪稳定，就是最健康的养生;好好爱自己，就是最正确的活法。_
557,0,船长,1264,1300,152,0,0,0,0,_
558,0,秋杏,11,1023,50,3,3,328,0,_
559,0,柒月。,388,358,68,23,27,1426,1,著名电视剧 电影观众爱奇艺 优酷 腾讯 芒果TV等平台会员_
560,0,琦琦,268,258,183,17,27,1539,0,_
561,0,辣条牌小仙女,352,3818,102,39,41,10805,1,😏😏😏_
562,0,初夏,20,177,18,12,27,583,0,_
563,0,我的眼里只有你。,1,178,18,1,1,85,0,_
564,0,十三幺儿.,630,646,175,7,11,757,1,只有腿长的人才可以关注我哦✨来了就别走了_
565,0,加油80后,2351,903,238,54,55,4118,0,_
566,0,李蛋卷,26,335,25,10,10,4193,1,你今天真好看🌈_
567,0,文静girl,1868,5000,168,234,357,23692,1,好好生活    慢慢相遇_
568,0,垚垚,237,2475,223,18,20,17565,0,_
569,0,唐唐,816,538,119,6,6,805,0,_
570,0,宝妈,225,542,46,0,0,0,0,_
571,0,何老师正能量,616,1592,743,9,9,0,1,创造美好生活，旅游，说唱正能量的80后亲身经历140斤✂️到120斤   努力目标100斤没有团队，也没有网红脸，只有一身正气！感恩抖爸爸创造了平台😘让我们拥有美好、丰盛、富足、喜悦的人生_
572,0,深爱你的心,0,1807,8,0,0,0,0,_
573,0,孙弋雪,29,3385,39,2,25,13323,0,_
574,0,🏀Jessica  舒,74,168,45,15,33,12323,1,喜欢运动，美食，旅行的灵魂画手_
575,0,懒猫W,41,520,6,0,0,0,0,_
576,0,辰辰妈☘️,1254,1130,72,257,258,10071,0,_
577,0,♀小倩.♥,114,264,43,12,12,546,0,_
578,0,招财猫917,882,943,127,143,143,8250,0,_
579,0,时光说！,104,1442,40,23,23,2162,0,_
580,0,Olina,135,42,51,11,11,0,1,你这么好看还关注了我.谢谢你的关注🌹_
581,0,江山给你们，朕玩够了,99,380,30,0,0,0,0,_
582,0,🎀喵尐喵 ² º¹ ⁵ ₈.₂₁,61,1212,80,17,18,399,0,_
583,0,卖衣服的浩浩妈,27,843,12,2,2,10,1,❤️爱生活❤️_
584,0,冬阳暖心,22,1283,34,5,6,593,1,长不过执念，短不过善变，闲看庭前花开花落。_
585,0,依然爱你,0,473,26,0,0,1593,0,_
586,0,豆哥是大王,60,1374,24,14,15,828,0,_
587,0,呵呵乐呵呵,1,891,15,0,0,93,0,_
588,0,阳洋洋~,26,53,10,4,4,93,1,我的甜甜圈.  🍩~_
589,0,上善若水,0,388,1,0,0,0,0,_
590,0,然然,17,751,20,2,10,5848,0,_
591,0,爱很美,415,38,59,51,52,884,1,"感恩,珍惜身边人。_"
592,0,小艾草,38,124,30,23,37,383,1,凡事都需要认真和坚持_
593,0,亢龙有悔,21,146,24,9,9,454,0,_
594,0,kiko斐斐,0,86,29,0,0,105,0,_
595,0,LLyue.,19,355,12,4,4,1239,1,哎呀妈呀！_
596,0,阳子,0,51,32,0,0,2,0,_
597,0,瑜瑜,66,1393,61,22,36,308,0,_
598,0,用户2250701766327,7,23,10,2,2,14,0,_
599,0,用户百合花🌹🌼,129,971,428,1,2,0,0,_
600,0,上官墨尘,1012,2048,163,153,154,7662,1,唯有努力不会被辜负_
601,0,小虎牙蓝琳,5843,1330,712,24,24,0,1,本想安静的做个好教练慢慢也学着斜杠青年的那一波关注我❤️阳光、有能量的白羊女孩_
602,0,渲zx,29,190,28,4,4,0,0,_
603,0,李那个小样,66,562,85,9,10,2735,0,_
604,0,K,0,1684,7,1,1,0,0,_
605,0,@康🌸,248,518,116,18,19,1532,0,_
606,0,叶子,3180,135,275,53,85,0,1,陪伴是最长情的告白_
607,0,孙小妞 ,165,313,66,23,23,3198,0,_
608,0,乐💋,585,368,153,41,41,2579,1,v19162516_
609,0,yan～,38,308,37,0,0,0,0,_
610,0,精彩纷呈251,471,1687,101,33,33,2238,0,_
611,0,智多星,6204,784,805,10,12,2095,1,用VLOG记录生活的琐事等我老了我就从里面选出我的人生巅峰❤_
612,0,猫咪,10,2004,16,3,3,3828,0,_
613,0,寇寇,475,401,72,54,61,367,1,合作VX ：18229061709_
614,0,小欣~,570,1777,132,37,51,0,1,总有人山高路远，为你而来，护你周全_
615,0,用户9189980442818,43,451,41,12,12,492,0,_
616,0,🎵诗翌👐,594,249,212,41,41,511,0,_
617,0,M.time女装实体店,844,242,107,19,37,0,1,不是你的努力没有发芽，而是在扎根。_
618,0,仙儿,218,481,239,6,6,934,0,_
619,0,@大宝贝,2310,2760,572,49,49,0,1,没有_
620,0,*多🌵肉,278,4176,215,20,20,1769,1,骄傲如我_
621,0,Tina,195,231,73,41,51,443,1,往后余生 学会爱自己_
622,0,栀子花小姐,54,1251,130,43,43,1720,0,_
623,0,Jazz👌 👌,723,878,119,81,97,2018,0,_
624,0,蓝菲儿,360,597,79,45,47,1106,0,_
625,0,🍀,33,469,15,6,6,77,1,我相信爱笑的女孩运气不会太差🍀_
626,0,嘻嘻哈哈😄,8,862,5,24,24,0,1,记录美好生活_
627,0,小zz,0,18,10,0,0,182,0,_
628,0,蓝莓,0,990,15,0,0,0,0,_
629,0,樱桃小嘴..,22,53,9,6,6,69,1,这世界上最美妙的感觉是：当你拥抱一个你爱的人，他会把你抱得更紧。_
630,0,毛毛,0,221,15,0,0,466,0,_
631,0,VIVI,35625,1020,5553,176,324,6806,1,要啥没啥_
632,0,salon shi,0,93,1,0,0,324,0,_
633,0,涵涵,65,429,49,4,5,24,1,零一_
634,0,爱车族丫丫,1154,1183,728,49,49,2044,1,欧耶_
635,0,佳佳啊👄,227,800,63,16,20,7807,1,终是庄周梦了蝶，你是恩赐也是劫🌚_
636,0,木子,14,58,8,0,0,0,0,_
637,0,💋.小小,272,90,62,18,25,0,1,既然借不了光，那就做自己的太阳。_
638,0,陪伴,2500,2943,269,45,66,0,1,👤该用户正在关注你_
639,0,☆杨_^洋～,1228,1441,125,462,463,8773,1,2019希望所有的家人身体健康，开开心心！平淡是福～_
640,0,👑岚,0,458,1,0,1,528,0,_
641,0,猪皮猪皮啊,0,28,7,0,0,40,0,_
642,0,20021212,0,81,2,0,0,258,0,_
643,0,小锁,36,828,27,9,19,2134,1,静水流深，沧笙踏歌；三生阴晴圆缺，一朝悲欢离合。_
644,0,娟娟（衫国演衣男装）,2258,1048,10156,336,337,494,1,无聊来看看_
645,0,🎀妞儿🎀,5,124,16,1,1,120,0,_
646,0,💋R_🍭,42,374,67,5,7,0,1,顺其自然～坦然面对_
647,0,丁丁,46,1079,52,13,18,113,1,随心情_
648,0,@双儿很爱笑🍬,15753,1916,2114,502,503,0,1,❤️❤️❤️💃小幼师一名，会跳舞💃、唱歌弹琴🎤、喜欢交朋友！时不时会分享生活中的快乐！希望我们每个人面对任何困境都能快乐的生活！如果你也性格开朗还喜欢跳舞💃我们可以互相学习！👏👏🙌🙌感谢亲们的关注❤️❤️！❤️_
649,0,风,587,2589,429,6,193,24854,0,_
650,0,輕骑浜,77,878,31,9,9,0,1,阳光，健康，积极向上的大男孩👦🏻_
651,0,黄色太阳帽,17,814,42,1,1,1194,0,_
652,0,Evildoer°,156,3162,147,7,10,1386,1,“被人暖一下就发热，被人冷一下就成冰，原谅我这一生爱憎太分明，我温差这么大，种在新疆肯定是个甜甜的傻瓜”_
653,0,工藤新一,0,639,33,0,0,214,0,_
654,0,...,270,220,34,26,26,0,0,_
655,0,我是娜姐,195,952,71,18,38,757,0,_
656,0,浮生,11,227,9,5,5,913,0,_
657,0,秋日黄昏,13,2644,33,0,0,0,0,_
658,0,Vivian_云,12,77,21,0,0,0,0,_
659,0,Eva,0,363,18,0,0,0,0,_
660,0,用户13947453,0,116,2,0,0,159,0,_
661,0,荆棘鸟,34,2080,16,6,6,0,0,_
662,0,用户6893369634132,0,753,3,0,0,1401,0,_
663,0,Solar🔅,35,1908,32,0,0,0,0,_
664,0,萍,267,4981,186,17,19,9065,0,_
665,0,小不点,0,2715,23,0,0,1436,1,命运自己主宰_
666,0,嗷呜,0,427,2,0,0,0,0,_
667,0,🍑will,427,469,119,27,28,5038,0,_
668,0,琼宝,1558,1029,98,302,303,4418,0,_
669,0,遇,253,654,135,33,36,308,1,我与我周旋久 宁做我_
670,0,viki_萱💕,941,598,59,139,140,3915,0,_
671,0,kimi,55,4866,232,5,5,116,0,_
672,0,不忘初心,11,50,18,1,1,21,1,不忘初心方得始终，初心易得始终难求。_
673,0,小魏魏,14,36,17,0,0,10948,0,_
674,0,JRWei231121216,22,619,60,4,4,731,0,_
675,0,💄静儿w💄👄🍒,26,246,7,5,5,92,0,_
676,0,曞,12,1161,40,2,2,267,0,_
677,0,王小瘦,0,603,31,0,0,0,0,_
678,0,客家小秋学画画,8805,189,1502,199,213,0,1,一个80后宝妈一个爱画画爱手工爱家的客家女子，生活惊喜自己创造💗坚信每个人都可以是艺术家一起学习成长，感谢您的每一个鼓励和点赞❤可以❤我朋友taotaole86_
679,0,梧桐花开,0,288,11,0,0,26,1,会昌室内设计，室内装修。_
680,0,雅Miyavi,280,2431,127,33,55,6941,1,分享美食，美景，美物😜☀️_
681,0,A💋💋💋乐,1201,1545,120,183,183,25485,0,_
682,0,LY,443,248,130,20,20,0,0,_
683,0,用户592414129483,710,189,61,89,93,1238,0,_
684,0,水查范儿,1,48,17,0,0,341,0,_
685,0,豆豆豆⑩,90,446,28,20,24,438,1,愿山野浓雾都有路灯，风雨漂泊都能归舟_
686,0,哎呦,0,2576,8,0,0,0,0,_
687,0,晨晨,51,104,17,7,18,6,0,_
688,0,园,580,446,164,59,59,551,0,_
689,0,我是爱灰太郎的红太郎,133,130,29,32,43,902,0,_
690,0,沐沐Baby,18,312,33,4,4,572,0,_
691,0,大惠儿,1148,502,1290,12,17,618,1,感恩官方💗感恩关注😘❤️❤️和你分享我的生活&态度一起成为优秀的女性吧🎀更多聊天lianghuimei1011，爱你哦😘✨✨_
692,0,森森宝贝,164,468,33,30,30,1164,0,_
693,0,哈斯,0,1357,51,0,0,0,0,_
694,0,红,60,945,105,5,5,2001,0,_
695,0,李慧.,640,795,298,20,20,1502,0,_
696,0,风隐语,302,2542,337,11,13,235,0,_
697,0,诺小灰,251,103,43,31,32,677,0,_
698,0,A,12493,306,4873,15,15,1490,1,没事早点睡，有空多挣钱_
699,0,HellenZan,0,849,28,0,0,622,0,_
700,0,美少女壮士,1233,224,306,52,52,310,0,_
701,0,明明可以,313,804,141,17,57,415,1,成为有品有鱼推手合伙人的流程：下载app注册，推荐码：WL51YMA0_
702,0,耳东,2087,94,188,37,44,371,1,就是想传递正能量！_
703,0,🍬左右的童话👑,689,916,141,27,27,2623,0,_
704,0,陈春丽,70,286,72,27,30,144,0,_
705,0,小雅,352,98,54,49,50,881,0,_
706,0,浩浩麻麻,25,202,25,4,4,1032,0,_
707,0,厚德载物,28,415,105,0,2,1390,0,_
708,0,🤲营养育儿小天使👼,13,343,14,0,0,2812,1,愿天下所有宝宝都健康快乐的成长💓_
709,0,用户7858609516190,3,19,1,1,1,66,0,_
710,0,安，芊芊,3551,1156,328,24,25,5236,1,互粉呀😘_
711,0,miriam辰辰,128,758,38,19,19,1091,0,_
712,0,变白啦,308,422,108,33,41,0,1,有趣又可爱的大人鸭ʱªʱªʱª ∪･ω･∪◡̈ ❥ HᗩᑭᑭƳ every day...❤️_
713,0,👉 宋👄💄,216,68,42,40,42,277,1,世上只有一种英雄主义，就是在认清生活真相之后依然热爱生活_
714,0,JJ,0,161,6,0,0,219,0,_
715,0,源末空间设计师Ava,1606,1668,398,118,131,0,1,来源末空间，美好终将遇见美好。_
716,0,༂筱宇༃,125,1194,123,15,17,3445,0,_
717,0,北极光378,179,1776,19,66,66,10450,0,_
718,0,用户7241822891709,256,2567,77,5,5,10085,1,我就是咸鱼，咋滴。_
719,0,Tina,733,2943,110,58,60,5983,1,河风精致寿司🍣延吉店_
720,0,🖤,0,82,3,0,0,0,0,_
721,0,如烟,3,123,2,0,0,0,0,_
722,0,恬歆❤️,154,192,55,20,29,865,0,_
723,0,雾里看花,89,739,44,9,9,5218,0,_
724,0,💋,483,2171,138,3,4,11769,0,_
725,0,💝Fairy,82,1802,25,26,26,620,0,_
726,0,于安,6,164,27,1,1,59,1,在冷风中感受_
727,0,灵小静,0,462,21,0,0,1134,0,_
728,0,元气满满,9,84,45,0,0,3795,0,_
729,0,用户1924361858281,90,69,7,50,50,898,0,_
730,0,叶末,0,64,1,0,0,0,0,_
731,0,爱你今生不后悔,104,795,133,5,5,525,0,_
732,0,女人帮感恩日记,0,57,531,0,0,0,1,每天记录📝一件女性精彩和感动的故事用感恩的心，寻找平凡生活中的善意♥️始终相信，即使再遭的生活，也有值得记录和感恩的事积累爱和善意的过程💕这些爱和善意也会在将来某天反馈给你🎁当你专注生活的美好，你会创造出更多的善意😇📮wangxiaolong9715_
733,0,向小茜,202,256,57,48,49,987,1,初来驾到，姐姐揍你没商量！_
734,0,我姓陈,5,792,15,2,2,1213,1,来自马来西亚努力让自己更强大，好让自己在其他人需要帮助时伸出援手。_
735,0,L•小9️⃣💕,2579,325,328,99,109,0,1,若无相欠，怎会相见！_
736,0,上善若水,613,439,78,63,312,4952,1,暮然回首处，坐看云起时_
737,0,浓浓,698,2365,332,62,66,11292,0,_
738,0,痴dai,194,63,65,30,31,209,0,_
739,0,大眼睛♥️,4970,292,1086,40,41,0,0,_
740,0,微微,0,43,1,0,0,61,0,_
741,0,粉红色大白菜🧚‍♀️,256,131,11,0,0,0,1,❀ 你皱眉的时候 我只会觉得心疼 总觉得这世界 给你的不够_
742,0,user4411459299332,0,15,15,0,0,15,0,_
743,0,北冥喵喵,119,993,45,6,6,348,1,谢谢你这么好看还关注我二次元古风业余coser书法菜鸟选手，诗词歌赋啥都有。保持初心，活我精彩活在你喜欢的阳光里☀️_
744,0,南音,19578,619,1897,104,108,180,1,汉服爱好者，在读研究生，平模 演员 主持人，工作请私信。VB：一曲南音梦_
745,0,L椰果💕,11430,1911,1538,27,27,321,1,🗣Ta正在关注你哟感恩相遇 你的好运正在派送中哦_
746,0,a。蕊梦Rm,77,521,123,30,34,1211,0,_
747,0,爱吃布丁的兔子🐰,41,338,26,6,15,256,1,所有的弯路都是在积蓄能量_
748,0,789851879,2241,4188,420,85,152,27514,0,_
749,0,❤O⑤2⑦,607,99,271,43,44,11,1,❤有的人一生被童年治愈💔有的人一生在治愈童年🎎最值得羡慕的应该是那种    久处不厌、深情不减的婚姻……💞🎎好的婚姻不是一物降一物     而是一物容一物……💞_
750,0,邹谨西,0,109,18,0,0,32,0,_
751,0,Zoe666,17,157,16,6,6,338,1,一个佛系的天蝎girl偶尔分享日常生活与穿搭🛰️：haoyi007_
752,0,小胖°～°,221,1169,91,45,46,2875,0,_
753,0,giao giao丫,67,264,23,3,3,1676,1,交个朋友吧😁_
754,0,糖丽丽,1512,2122,341,149,152,0,1,23岁～小阿姨🧍‍♀️_
755,0,一个很酸的芒果,0,41,2,0,0,0,0,_
756,0,sunshine,205,1015,87,19,304,1414,0,_
757,0,老舒不输,433,303,34,2,4,723,1,该用户已关注你_
758,0,感恩之美好时光_,163,1127,41,19,232,1110,0,_
759,0,小小梅🍓,1197,68,66,34,34,757,1,心里住着天使👼比外表是天使👼更迷人_
760,0,周小宅,64,959,87,5,8,3469,0,_
761,0,武安金伯利钻石张静,600,872,91,87,98,1728,1,愿你坚韧又柔软！愿你深情又勇敢！_
762,0,贺予,0,1717,26,0,0,0,0,_
763,0,淮河畔的浅眠,25,122,5,0,0,0,0,_
764,0,用户6920565992764,31,511,6,15,26,241,0,_
765,0,Y💕,126,118,34,12,16,0,1,苍天饶过谁…_
766,0,Shirley沈,5,183,6,2,2,29,1,爱下厨，各种美食全收，美好的生活多姿多彩，拒绝减肥哦爱看美女，爱买衣服_
767,0,李兰兰,0,23,28,0,0,0,0,_
768,0,lkc168,2,371,35,0,1,212,0,_
769,0,*佳,39,139,49,3,3,0,0,_
770,0,鑫鑫的日常生活,439,502,39,100,101,1721,0,_
771,0,👧🏻雯雯,699,133,97,51,57,1152,1,愿每个善良的人都被温柔以待_
772,0,静静成长,0,333,64,0,0,339,0,_
773,0,密斯丁,265,753,123,0,0,0,0,_
774,0,强哥@,21,490,92,1,1,788,0,_
775,0,简单幸福,17,402,25,1,1,4476,0,_
776,0,BN美质新生工作室,143,767,192,28,28,1401,1,DOAEZ燕窝美妆创始人密龄白藜芦醇创始人艾尚国际服饰合伙人股东隐龄自煮鱼胶发起人BN美质新生招商负责人美人计双品牌合伙人辣妈亲子网红店创始人菠萝家居创始人关注我的动态一起爱家！爱美！爱梦想！_
777,0,很爱很爱的,83,1945,71,43,45,4546,1,谢谢你的关注♀_
778,0,无名小妹,0,155,1,0,0,180,0,_
779,0,skany,2,133,2,0,0,1107,0,_
780,0,那片星空那片海,29,170,9,23,23,0,1,这一生很短，好好珍惜_
781,0,美楠,566,955,121,44,45,3558,1,😊_
782,0,我是大叶子,125,73,37,9,9,0,0,_
783,0,湖锦方霞,788,1488,298,34,35,5363,0,_
784,0,快乐,0,83,11,0,0,154,0,_
785,0,我叫女子,5,30,26,0,0,940,1,不食人间烟火_
786,0,小霞姐,83,758,39,28,111,1564,1,学习财务自由_
787,0,刘姿颔,1000,490,156,202,209,445,1,一路走下来要明白人真正的魅力不是你应该变成谁而是你本身是谁人的第一天职是什么答案很简单做好你自己_
788,0,用户8052519163760,0,1684,12,0,0,6912,0,_
789,0,十二点前睡觉,37,134,10,12,12,0,1,和人世间那些热气腾腾的朋友在一起吧_
790,0,nice day,109,172,79,10,10,182,1,安之若素，冷暖自知，阳光很好，我亦很好。_
791,0,娜妮,0,177,39,0,0,88,0,_
792,0,文,0,2608,18,0,0,0,0,_
793,0,雨殇,49,655,38,17,18,0,0,_
794,0,Miss Xu,18,151,28,6,6,0,1,家里有只小恐龙🦕_
795,0,浅浅扶苏,0,88,14,0,2,108,0,_
796,0,dada,283,407,92,75,75,0,1,wechat：ddlbaby_
797,0,54&983,0,144,32,0,0,252,1,不忘初心，方得始终^_^_
798,0,人生如若初见,0,4677,141,0,0,512,0,_
799,0,日及.,76,57,28,0,0,0,0,_
800,0,小杨小杨在线捶墙,4,549,3,0,0,0,0,_
801,0,梅子,0,119,34,0,0,98,0,_
802,0,唐清世家  中山,2492,4139,567,136,143,5179,1,唐清世家中式灯服务热线：13928151861/0760-89868938_
803,0,笛子🍭,17,301,17,10,10,3925,0,_
804,0,🌸 太阳 🌸,600,407,118,71,98,720,1,陪伴是最长情的告白_
805,0,52hz,0,53,6,0,0,0,0,_
806,0,幸福等你,352,99,114,19,19,424,1,心越简单，人越快乐。心里越坦荡，越明白做人要常怀感恩之心，知足常乐，日子就会变得更自在。做简单的人，过简单的生活，任凭世事纷扰，我信步闲庭。_
807,0,同同,52,131,93,5,6,350,0,_
808,0,灰吖,1498,506,204,0,0,0,0,_
809,0,飞宇,102,37,33,12,12,514,1,嘿嘿😁_
810,0,宁微,486,121,63,84,84,1140,1,👀👀👀_
811,0,怎么了,65,460,10,17,17,731,0,_
812,0,Jessie雯雯,233,223,58,42,44,805,0,_
813,0,糖果先生,3,410,42,0,0,0,0,_
814,0,心,125,37,23,16,26,19,1,你的路，你自己选择！_
815,0,和光同尘,0,2092,32,0,0,1892,0,_
816,0,甜甜吖,201,399,251,0,0,0,1,相互欣赏的关系才能长久，无论友情还是爱情～_
817,0,兦,646,211,103,0,0,0,0,_
818,0,软软Mia,162,636,73,18,18,4046,1,一屋两人三餐四季❤_
819,0,Han .,5,192,4,5,5,393,0,_
820,0,Q,70,140,48,4,4,0,0,_
821,0,李小苗要better me,72,759,68,16,16,320,0,_
822,0,用户425827801985,2,125,1,1,1,724,0,_
823,0,星晓,9,235,41,4,4,17,0,_
824,0,用户5813639918660,0,566,10,0,0,0,0,_
825,0,☀️Apple.,0,118,0,0,0,0,0,_
826,0,会笑的星星,0,368,18,0,0,1704,0,_
827,0,代曦,0,442,2,0,0,28,0,_
828,0,🍼—  纸NAO虎,192,81,26,39,39,460,1,向阳的生活！_
829,0,Yu💋小跳👍,95,140,19,0,0,0,0,_
830,0,嘉兴市大语广告有限公司,2,795,94,1,2,0,0,_
831,0,用户8155521500632,0,386,20,0,0,4305,0,_
832,0,阳阳妈,88,159,14,19,19,557,0,_
833,0,再见杰克,7,768,21,1,1,0,0,_
834,0,犬心犬意宠物医院,73,186,113,7,17,885,0,_
835,0,|字作多情|,6,324,5,4,4,345,0,_
836,0,嗨嗨你好吗,265,712,55,68,68,2958,1,余生，………请多指教…………毕竟都是喝孟婆汤来的……记忆都是半残滴………🐒简称～同道中人……🙈似曾相识请及时相认，爱恨相杀后……_
837,0,陈柔漪,218,865,80,19,22,0,1,原来柔漪在这里_
838,0,Te   Fuir,264,1704,59,6,12,2075,1,只要方向是对的，不在意速度_
839,0,冰淇淋,20,1369,36,0,0,0,0,_
840,0,滚黑滚黑的西西,0,726,6,0,0,0,0,_
841,0,纳爱斯0,17,1021,6,18,19,0,0,_
842,0,晴晴,137,180,34,73,73,39,1,我就是我_
843,0,魏镜修,210,125,115,29,43,0,1,读书点亮生活，心理教练用生命陪伴生命_
844,0,爱马baby,131,450,13,35,55,1129,1,爱马 5岁 古灵精怪_
845,0,grace_0810,16,493,5,6,14,5119,0,_
846,0,@过客@,489,742,86,56,56,1126,1,对的起自己，对得起父母，对得起儿女，其他一切都是浮云_
847,0,逆流而上^O^,75,617,22,6,6,48,1,妞妞妈妈_
848,0,三王一玉,91,1354,53,27,27,3146,1,天天向上👆奔向阳光_
849,0,柚子Joke-,37,724,13,0,0,0,0,_
850,0,花希,755,130,333,17,52,0,0,_
851,0,坦然👣,471,1470,81,53,53,1859,1,说你能做的  做你说过的_
852,0,喵~,69,1918,33,8,8,11684,0,_
853,0,冲开一切Beyond,180,2442,62,0,0,0,0,_
854,0,37°C,11740,41,26338,79,82,0,1,天总会亮！_
855,0,安利张丽丽,3465,3995,848,420,420,2862,1,用余生去创造奇迹……_
856,0,用户6746130061809,0,243,1,0,0,400,0,_
857,0,小U宝贝,479,502,89,34,34,2351,1,1月23日的小乔治分享宝宝成长和育儿经验谢谢大家的关注❤️_
858,0,佐佑妈,17,108,52,2,2,177,0,_
859,0,小樱无名,227,769,16,4,191,14968,0,_
860,0,马小贺✨🍒,896,386,719,70,70,338,1,你未必光芒万丈但始终温暖有光运动和读书是女人一辈子的终极事业一辈子做女孩✨🍒_
861,0,Claire阿鱼,0,655,11,0,0,393,0,_
862,0,liweibravo_,0,3238,80,0,0,1328,0,_
863,0,俏佳人，小丽,29,610,75,2,2,23260,0,_
864,0,仙乐飘飘,0,2416,8,0,0,258,0,_
865,0,37度小屋服装行,753,735,413,49,50,0,1,喜欢美衣穿搭的宝宝可以关注➕私信我💗_
866,0,铁西萧亚轩,779,187,178,58,279,2035,1,感谢关注❤️实力宠粉❤️纯治愈系❤️资深仙女❤️_
867,0,楠栀  🌾🌾,255,622,151,0,0,0,0,_
868,0,一抹无邪,3978,1562,583,276,1011,8313,0,_
869,0,云🍭,1008,1274,179,37,56,3024,0,_
870,0,幸福的翎翎,65,1049,128,14,14,1254,1,身未动、心已远，有多远走多远，和我一起旅游吧～_
871,0,月亮上的兔大萌,92,291,16,20,37,1061,1,盛年不重来  一日难再晨  及时当勉励  岁月不待人_
872,0,Apple,346,898,155,0,0,0,0,_
873,0,初倾,0,97,0,0,0,0,0,_
874,0,pure. wan,36,1268,51,4,6,3286,1,一屋两人三餐四季_
875,0,三菱重工海尔中央空调，你值得拥有！,134,973,108,25,29,4133,1,青华～三菱重工海尔_
876,0,？,0,87,1,0,0,143,0,_
877,0,阿紫姑娘,2743,810,251,49,50,25414,1,像巷子里的猫，我很自由，但没有归宿。_
878,0,🌸,11,426,25,2,2,139,0,_
879,0,大头阿姨🧍‍♀️,348,157,79,43,44,230,1,喜欢正能量的摄入_
880,0,有趣的灵魂无趣的人,4,456,1,2,2,108,0,_
881,0,lucky_娇娇,85,683,33,16,16,894,0,_
882,0,Sunshine*乐女王☀️,4185,177,918,41,42,2231,1,子蜜薇依实体女装店店主薇缇薇植物护肤只有足够强大的人，才配拥有幸运，如果自己运气不行，那就试试勇气！_
883,0,家•有•萌•果,0,296,46,0,0,565,0,_
884,0,春天花会开,1,384,13,2,2,648,1,不喜欢玩抖音_
885,0,薇小奇,10,47,40,2,2,38,0,_
886,0,涛儿💭,3302,213,149,38,41,0,1,谨言慎行_
887,0,独活。,0,2374,126,0,0,30005,1,这辈子最大的遗憾、就是只能在屏幕里再见到你_
888,0,许米粒,122,4159,110,54,63,0,0,_
889,0,小爱,349,2905,301,19,19,1532,1,做自己眼中的我_
890,0,ご秭姊侑嚸壞ご,350,449,39,0,0,0,0,_
891,0,小鲤鱼,0,162,7,0,0,401,0,_
892,0,梅子🌹,0,2868,52,0,0,40,0,_
893,0,zzzzzz,0,325,1,0,0,0,0,_
894,0,🍓Lolita丶木木🍯,56,787,61,19,19,64,0,_
895,0,卡霓造型CC（胡霞）,1380,4542,410,45,46,1335,1,胡霞_
896,0,烈火冰纯,6,319,7,1,2,342,1,哈哈哈_
897,0,宝瓶,0,788,5,0,0,98,0,_
898,0,мн,231,1207,70,87,93,0,1,一个关于爱情和猫咪的故事。咪咪:姐姐.调皮捣蛋机灵鬼，回农村了。灰灰:弟弟.奔跑卖萌粘人精我们会一直记录下去，感谢您的关注。_
899,0,Uhouse精致公寓----嘉谊,335,661,119,41,41,1224,0,_
900,0,"是你的又一呀  ""  👰🏻",15,335,2,1,1,0,1,都会好的。_
901,0,小小,8,952,58,6,6,737,0,_
902,0,瘾。,4,24,12,1,1,406,0,_
903,0,用户45612284,0,553,9,0,0,1062,0,_
904,0,⌒小女名乔√,185,276,61,41,41,43,1,你要悄悄拔尖，然后惊艳所有人_
905,0,阿伊呀哦,235,688,65,56,56,2364,1,记录宝宝的成长足迹爱因你而完美_
906,0,我柴嘟嘟🐕,5639,292,612,62,62,762,1,🐕：嘟妹是个少女🍼：1岁半🎂：2018.6.17记录毛孩子的日常_
907,0,小柠檬生活记,505,4245,117,0,0,0,0,_
908,0,用户2828885116649,0,128,5,0,0,1518,0,_
909,0,曦启,1,4999,101,0,0,2837,0,_
910,0,用户698338725,0,28,0,0,0,34,0,_
911,0,Y,15,12,9,1,1,0,1,南丁“格格”_
912,0,见字如面,30,246,31,5,12,0,0,_
913,0,张可,0,284,6,0,0,238,0,_
914,0,天空🌺,532,1014,53,0,0,0,0,_
915,0,用户7031250453684,915,2461,101,266,344,2480,0,_
916,0,用户3887463158507,35,1059,18,2,81,505,0,_
917,0,婧子好物推荐,551,1036,144,68,69,375,1,爱生活爱分享家装好物，感谢厚爱，感恩有你...._
918,0,DANDAN,4,1741,21,5,6,584,0,_
919,0,赵霞,127,882,126,9,10,4374,0,_
920,0,余,0,2539,34,0,0,9662,0,_
921,0,郑紫梅,8,3086,12,2,2,6025,1,#早睡早起#I believe爱不离_
922,0,明天一定会更好,1,2270,110,0,0,0,0,_
923,0,❤️月月月🌙,1,732,50,0,1,357,0,_
924,0,用户8082339610495,0,67,11,0,0,711,0,_
925,0,情感花洒,28,42,106,3,3,0,1,🤡好好生活   慢慢相遇🐾🤡我的故事都是关于你🐾🤡感恩抖音   感谢关注🐾_
926,0,喵子兔子,28,337,30,15,24,898,1,我们回不到过去，也飞不到未来，只能努力做好当下。_
927,0,佳欣学口才,208,328,39,6,6,964,1,唤醒真我永享富足_
928,0,南南20,16,951,20,6,6,1326,1,电话15925172946_
929,0,念,0,1398,35,0,0,3436,0,_
930,0,余生只剩迩,603,487,144,33,106,1173,1,纸短情长_
931,0,陈大晨·Vanessa,206,208,93,43,46,2433,1,人生若只如初见_
932,0,Ginger,26,98,7,0,0,0,0,_
933,0,用户8836023135653,0,56,0,0,0,0,0,_
934,0,七七61157,442,690,60,144,144,1717,0,_
935,0,肉丸子,10992,1023,1201,253,259,6580,0,_
936,0,123,0,515,8,0,4,16,0,_
937,0,奔跑的大蜗牛儿,233,1729,69,45,47,0,0,_
938,0,郭乔乔,199,311,128,9,10,0,0,_
939,0,°C白开水/•\喝到醉,2949,835,268,0,0,0,0,_
940,0,崔小晴✔️,8334,1334,10999,43,44,0,1,💓懂养生的形体老师点滴生活、共同成长📝记录老公萱米的日常📝记录形体训练瘦身技巧📝 记录女性养生实用方法———————————ᴠ：ruhuaxiaoqing8_
941,0,光,1,1740,80,0,1,40,0,_
942,0,汐宝贝,529,868,188,29,43,2919,1,努力成为自己喜欢的人_
943,0,新秀-甜歌杏子,648,418,373,22,22,236,1,❤️用歌声融化你，公会勿扰！🙈谢谢你这么优秀还关注我😊🚨生活很苦，有你很甜！感恩遇见，感恩有你！周一至周六16:00～22:00直播_
944,0,🍅海城早市晶晶🍓,27,509,9,0,0,0,0,_
945,0,A 💋_ Third 💍,103,134,26,33,33,733,1,🍒以善良的方式❣️活着_
946,0,西格,1014,92,190,73,75,3711,0,_
947,0,Qy’s,0,239,6,0,0,808,0,_
948,0,姚小歪💋,212,796,63,19,19,12053,1,深情不及久伴，厚爱无需多言。_
949,0,76龙女,3098,2693,1000,99,100,5333,1,生活似弹簧！你弱他就强！你强他就弱！此生若能安逸谁愿颠簸琉璃！_
950,0,音乐伴我行zh12345678,0,2447,13,0,0,3108,0,_
951,0,用户1419727335095,0,90,15,0,0,722,0,_
952,0,恍恍黄,54,133,22,5,5,222,0,_
953,0,莎莎今天也很饿,0,458,4,0,0,0,1,好好生活_
954,0,小瓶子,73,2060,64,7,9,6236,0,_
955,0,Ludy,32,455,21,4,4,453,0,_
956,0,打不死的小强,24,3778,131,0,0,0,0,_
957,0,用户3691432217787,0,333,1,0,0,2835,0,_
958,0,毕小毕,5313,2472,1233,31,31,4653,1,V453732020已满5000人V395389246可以加●免费安排工作我想突破2000粉丝人小目标哈加油_
959,0,Hayrilik Sahar🌻,572,934,130,33,46,0,1,热米娜的米是：米老鼠的米、米夏的米♥️_
960,0,曦宝麻麻,5,113,3,3,3,106,0,_
961,0,李晓艳,41,77,17,18,18,102,0,_
962,0,IuHongIng,3,266,12,0,0,0,0,_
963,0,柠檬糖～,79,309,36,9,10,2887,0,_
964,0,人生特殊旅程,116,1233,77,18,207,3711,0,_
965,0,用户1868044231459,0,17,7,0,0,10,0,_
966,0,゛❀ .,1329,231,106,0,0,0,0,_
967,0,清木,132,901,39,1,2,0,0,_
968,0,「徒兒」,0,26,12,0,0,0,0,_
969,0,我把星星✨捡起来,0,291,9,0,0,95,0,_
970,0,小期待💗,145,386,32,21,27,940,1,以前从不懂得坚持，节俭，生活不易这些字眼。现在懂得的同时，更懂得温柔，美好，付出这些字眼的力量！加油💪_
971,0,小福星,1782,1221,331,28,50,1368,1,让过去的过去，让未来到来！_
972,0,匪若思存,0,3981,20,0,0,7297,0,_
973,0,娇,286,312,119,25,25,73,0,_
974,0,不忘初心,0,267,55,0,0,331,1,不恋过往、不负当下、不畏将来！_
975,0,x.yee,0,36,1,0,0,73,0,_
976,0,用户941929,0,42,10,0,0,191,0,_
977,0,用户2157660846338,0,147,3,0,0,2056,1,[微笑]只昰个表情…、 与快楽无关。_
978,0,小田甜,0,3697,60,0,0,3436,0,_
979,0,星星之火33,0,138,5,0,0,171,1,温柔是黑暗世界里永恒的光_
980,0,Jared,12,1251,78,0,0,0,0,_
981,0,我又不胡来,0,409,2,0,0,0,0,_
982,0,好想喝奶油蘑菇汤,108,591,39,10,11,1119,1,👤该用户喜欢了你_
983,0,芳年花月🌹花艺馆,5575,4023,783,237,237,10065,1,开一家温暖的店遇到一群暖心的人谢谢朋友们的关注祝大家身体健康！笑口常开！_
984,0,妃儿,1179,549,130,15,15,757,1,家有两宝_
985,0,肥77,182,114,40,105,114,191,0,_
986,0,佳佳,168,785,32,0,0,0,0,_
987,0,梁啊梁ML,423,2095,46,93,96,0,0,_
988,0,小哪吒,168,124,78,21,21,2831,0,_
989,0,cat叮叮,0,8,16,0,0,12,0,_
990,0,金雨姗,0,1028,3,0,0,547,0,_
991,0,斌寶寶 🍭🍭🍭,311,1452,108,11,11,4308,1,简简单单 快快乐乐_
992,0,用户3757545771764,0,6,0,0,0,3,0,_
993,0,故事彡与他😂,131,346,41,22,22,4196,1,活一秒，算一秒。舒服一秒，是一秒。_
994,0,中邮旅.马玉,1348,2624,815,329,421,1880,1,爱旅游，找中邮_
995,0,星星 👼 麻麻,97,329,77,0,0,0,0,_
996,0,嘉伦的佳人✨,0,430,25,0,0,19683,0,_
997,0,@LD👿,121,1269,132,6,6,2284,0,_
998,0,元元,0,2,0,0,0,4,0,_
999,0,张温暖,644,509,253,25,26,7122,1,梦想是一种气质而不是目标！_
1000,0,FRANK&Tan,0,859,35,0,0,1484,1,勃艮第的酒腻子_
1001,0,Lzz老婆大人,0,1517,22,0,0,2172,0,_
1002,0,A化妆师林洁,827,912,80,101,102,1771,1,做自己，不留遗憾_
1003,0,kadirya,0,62,11,0,0,1381,0,_
1004,0,小时候饭盒烤肉,210,576,105,22,22,0,1,用老饭盒烤肉 ☞你吃过么?带你回到小时候★_
1005,0,用户4591669438002,70,1054,31,9,9,887,1,最幸福就是2019年2月24日🐷佩奇来到了我们身边。_
1006,0,练者,8,2875,29,1,3,1372,0,_
1007,0,大肛包子,60,318,23,9,10,401,0,_
1008,0,🐱小🐱,123,305,177,11,28,1297,1,不愿余生哭，只愿余生笑🐱🐱_
1009,0,笑～容,0,375,11,0,0,29,0,_
1010,0,可乐蛋挞,0,928,14,0,0,0,0,_
1011,0,安然,134,172,51,18,20,1481,0,_
1012,0,LQL™🍰,0,98,22,0,0,527,0,_
1013,0,爱是纯白的愿意,471,1272,350,51,412,2474,1,拥有和舍弃都很痛苦，既然无论怎样都会痛苦，我宁可选择守护他而痛苦。_
1014,0,艾米莉亚,0,772,6,0,0,1241,0,_
1015,0,暖风景,13,476,21,2,2,0,1,善修_
1016,0,给我一个wink,27,2002,49,0,0,0,0,_
1017,0,菲菲,3806,1525,1365,184,216,7770,1,欢迎关注v 15931273440_
1018,0,小芍,0,785,16,0,0,3608,0,_
1019,0,余生不将就,429,1177,74,32,32,1420,0,_
1020,0,王珍 WZ STUDIO,2165,289,387,32,33,372,1,身披盔甲而有温度❤_
1021,0,一点甜,531,406,53,336,337,9230,1,营养师、专注手工面包制作、儿童早餐营养搭配_
1022,0,我潇洒洒脱,104,2808,62,0,0,3889,1,"Doing the best myself, loving  myself!_"
1023,0,真善美的郑能亮☀️,708954,3197,21682,202,371,0,1,请关注：正能量的甄善美❤️传播正能量！分享真善美！懂点营销，会点运营；一个略懂摄影和剪辑的小白，一个不想当演员的导演不是好编剧。每晚7：00更新；周二、四六晚8：00直播。意不意外？惊不惊喜？感不感动？_
1024,0,淋漓尽致,0,184,1,0,0,518,0,_
1025,0,佐佑妈,267,681,24,0,0,0,0,_
1026,0,空城,422,241,77,20,20,120,1,顾及万人却没一人顾及，何时能有一个人一起走一辈子的她_
1027,0,勇敢的心,5,540,5,5,5,735,1,我劲自己所能去竟可能的能被我帮助到的人们_
1028,0,柏嫒,13,2582,24,9,9,434,0,_
1029,0,用户奔向幸福！(64年的),6497,665,576,82,88,0,1,市民_
1030,0,nini,0,927,20,0,0,1389,0,_
1031,0,wewwwww,3,2139,16,1,2,4826,0,_
1032,0,Angela-hung,249,41,58,18,24,165,1,WeChat : +85254105418喜歡買口紅的小螞蟻の搬運工💕_
1033,0,?,0,28,3,0,1,0,0,_
1034,0,✎﹏ 。唸 薇℡,32,1024,43,4,4,938,0,_
1035,0,@员か,50,3705,105,0,0,0,0,_
1036,0,用户14188178,0,479,9,0,0,211,0,_
1037,0,weirdo,12,118,4,2,3,1076,1,满眼都是n，余生也是n。_
1038,0,畅崽 🎹,0,889,15,1,1,290,0,_
1039,0,嘛哩嘛哩轰,801,821,58,291,291,0,1,你是我的精神支柱！_
