0,0,界石醉江湖（卖鸡和鱼）,16609,2459,1986,610,682,7685,1,诚实做人，诚信做事_
1,0,樱,161,22,27,17,17,60,0,_
2,0,小红,25,68,18,3,3,2237,0,_
3,0,小草,0,137,22,0,0,8575,0,_
4,0,゛Babyゝ机车女骑つ♠【苏宝宝】,280,444,74,49,50,1007,1,苏州♠余生有你不离不弃♠宝宝一辈子爱洲洲一个男人🌹谁都不要💑_
5,0,平安一身,6879,668,399,67,67,21178,1,重庆市合川区60的老老鼠_
6,0,安迪,1048,3770,388,111,112,0,1,玩抖音纯属自娱自乐🙏🙏🙏感谢关注➕感谢点赞❤️，人生需要正能量✊🏻✊🏻✊🏻💪🏻💪🏻💪🏻_
7,0,重庆小新,0,32,17,0,0,50,0,_
8,0,茂盛,0,15,10,0,0,36,0,_
9,0,用户6405791076398,1,113,4,0,1,42,0,_
10,0,用户4694329368157,3,193,8,1,1,3,0,_
11,0,醉酒_195578327,0,109,13,0,0,72,0,_
12,0,飚,0,96,2,0,0,60,0,_
13,0,熊熊车车,285,189,74,19,19,160,1,我的血管里面好像流的是汽油，喜欢参与汽车运动。_
14,0,農村🚶,208,484,127,17,79,1413,1,带着女儿生活，轻松独自快活，女儿是我的一切。_
15,0,静梦蔷薇,111,230,57,15,15,237,0,_
16,0,用户1339554064703,0,15,2,0,0,104,0,_
17,0,木剑游侠温华,0,15,1,0,0,24,0,_
18,0,用户6797943756147,0,22,0,0,0,21,0,_
19,0,佳鹏,785,3380,436,26,27,3884,1,平淡过一生_
20,0,晨曦2018,59,40,22,20,22,73,1,生命中的遇见，都是一种注定。其中，有些人是用来成长的，有些人是用来鞭策的，有些人是用来陪伴的，有些人是用来同甘共苦的，有些人是用来忘记的，有些人是用来刻骨铭心的。不管你多么优秀，总有人会不屑一顾；不管你多么平庸，总有一人视你为手中宝！_
21,0,下马念佛,2,341,28,0,0,0,0,_
22,0,风雨兼程,0,644,49,0,0,0,0,_
23,0,潼南原汤牛肉面,449,2853,361,32,34,565,1,潼南原汤牛肉面，秉承重庆小面50强大渡口福半天牛肉面二十年经营之精华，不添加任何添加剂色素，以健康饮食为宗旨，把原汁原味的美味牛肉面奉献给大家！_
24,0,鲶鱼,0,16,5,0,0,30,0,_
25,0,和照的清风,0,87,28,0,0,66,0,_
26,0,DPDD时尚商务男装邹霞,1357,1509,222,153,153,1822,1,内外兼修_
27,0,王东的田野,251,35,83,30,30,74,1,桃李春风一杯酒，江湖夜雨十年灯。_
28,0,长文华,97,23,19,23,23,14,0,_
29,0,邂逅,1491,382,112,73,73,2347,1,人生苦短，一切得失荣辱，不过是过眼云烟！从今往后，愿心中总有力量，活成想要的模样！不管输了什么，都不能输了心情！心情好了，一切自然都会好了。_
30,0,澜兮姐姐,182,89,216,1,125,2605,1,一个爱逗乐、爱唱歌、爱生活、爱学习的邻家姐姐。_
31,0,自由翱翔,268,42,25,18,18,89,1,奋斗，才是硬道理！_
32,0,晏小兰,0,1197,20,0,0,1806,0,_
33,0,诚诚,79,93,31,11,12,341,1,开开心心快快乐乐健健康康平平安安_
34,0,想你,105,98,49,12,38,1311,0,_
35,0,钓鱼人,565,318,103,44,45,837,1,大叔_
36,0,重庆→_→浩锅锅,103,38,29,7,7,93,0,_
37,0,柠檬不萌,1475,64,129,68,68,1027,0,_
38,0,小橘柑🍊,24,1107,36,11,11,4582,1,我自明月 向星空 向宇宙 向你_
39,0,微笑的笨男孩,886,101,78,160,160,4533,0,_
40,0,胡攀,16,22,13,4,4,421,0,_
41,0,重庆帅哥,0,1831,164,0,0,5129,0,_
42,0,王子,95,24,371,0,0,0,0,_
43,0,昵称是个什么,2,482,24,0,1,134,0,_
44,0,无奈,10,33,3,3,3,9,1,生活无奈_
45,0,啦啦啦啦啦111111111111111,7,45,2,3,3,11,0,_
46,0,王友兵,0,33,9,0,0,17,0,_
47,0,强强,257,376,44,165,165,125,1,真心实意，等待一个人_
48,0,白云朵朵,138,750,45,15,15,2787,0,_
49,0,徐传友,0,91,41,0,0,313,1,失去健康，你赢了世界又如何？_
50,0,用户860659,545,3531,277,36,36,19855,1,简爱_
51,0,我,0,373,83,0,0,51,0,_
52,0,一生平安,10,194,14,8,8,220,1,重庆渝中_
53,0,123,0,143,4,0,0,226,0,_
54,0,似水流年,70,69,64,5,5,41,0,_
55,0,房中华,38,963,60,4,5,414,0,_
56,0,爱是你我,1,97,24,0,1,26,1,送人玫瑰，手留余香_
57,0,张倩果果,14,139,28,10,10,745,0,_
58,0,一个半纯半白的人_,349,37,30,51,100,240,0,_
59,0,竇贰哥,23973,1202,2787,373,573,0,1,人生没有失败，自信创造精彩。_
60,0,用户243731941468,0,12,0,0,0,26,0,_
61,0,小林哥,1226,105,183,29,30,2861,1,发现生活中闪光的图片及视频，恢复传统文化自信，弘扬正能量！_
62,0,甘翠,441,74,73,45,45,0,1,生活就如一杯咖啡有苦也有甜_
63,0,爱在记忆中找你,0,19,0,0,0,1,0,_
64,0,家有宝贝女儿,1214,1492,74,296,297,3649,0,_
65,0,长江,127,47,142,3,6,3990,0,_
66,0,彬哥,1887,3724,444,118,120,28149,0,_
67,0,零度,52544,1259,3907,758,758,16810,1,简简单单平平安安健健康康快快乐乐一生便好_
68,0,用户3445363909374蓝天碧水,0,8,2,0,0,15,0,_
69,0,梦之蓝,1788,614,200,316,379,1187,1,开心快乐就好_
70,0,胡林,392,433,800,12,27,0,1,一生中最让人痛的不是受伤，已是爱，爱让人开心，也会让人痛一辈子_
71,0,想飞的鱼,4,96,17,1,1,552,0,_
72,0,刀剑如梦,38,127,24,8,8,126,1,世界苗乡养心彭水_
73,0,四爷,45,2647,227,1,2,45,1,改变_
74,0,用户998350221135,1,53,4,1,1,0,0,_
75,0,强仔,0,33,8,0,0,35,0,_
76,0,💃人生,20913,664,1619,435,468,0,1,难道你的良心真的被狗吃了吗？_
77,0,不是你认识方块3,37,340,6,0,0,0,0,_
78,0,下一站幸福。,3526,919,527,112,114,3144,0,_
79,0,用户4263491738271,0,593,33,0,0,37,0,_
80,0,蜀人,1128,1048,968,11,12,11466,1,皮具行业_
81,0,用户4972758368583,206,38,17,41,44,171,0,_
82,0,勤勤,0,8,11,0,0,44,1,:_
83,0,欧几里得,99,188,9,1,1,88,0,_
84,0,宋子豪,0,30,23,0,0,43,0,_
85,0,张懿车干,914,1064,177,271,271,1243,0,_
86,0,笑忘书,0,195,4,0,0,601,0,_
87,0,心如止水,0,14,2,0,0,117,0,_
88,0,Tong🍒,1,286,11,0,2,51,0,_
89,0,何祝,0,92,19,0,0,155,0,_
90,0,用户8452065848357,0,161,13,0,0,827,0,_
91,0,伽罗Cute,22,10,45,3,3,382,1,小时候说不清楚，长大了言不由衷_
92,0,车咪咪,0,342,21,0,0,188,0,_
93,0,用户7995747766782,0,192,21,0,0,927,0,_
94,0,太阳,851,392,96,16,19,6121,0,_
95,0,用户2543861154743,0,872,20,0,0,211,0,_
96,0,小猫,106,58,71,12,12,58,0,_
97,0,金田红白喜事一条龙服务,1,232,45,0,1,115,0,_
98,0,A美嘉锦品牌无缝墙布,882,500,333,56,57,1352,0,_
99,0,紫荆,38,49,13,9,9,196,0,_
100,0,用户1985971336039,0,123,5,0,0,3,0,_
101,0,用户4244525737252,0,40,11,0,0,36,0,_
102,0,用户495636271335,0,86,23,0,0,2035,0,_
103,0,曾经~爱你,1,30,2,1,1,33,0,_
104,0,飞,47,236,75,2,2,662,0,_
105,0,用户2587944144347,0,321,50,0,0,0,0,_
106,0,408528515653,4,245,11,0,0,0,0,_
107,0,淑姐,7190,1237,661,100,106,1870,0,_
108,0,80后的海哥,29,326,47,6,6,634,0,_
109,0,重庆邱HW,0,375,37,0,0,0,0,_
110,0,亚欧德（中国）运营中心,40,592,129,3,3,30,1,15102350888（李雷）_
111,0,大塝,0,24,3,0,0,126,1,天天开心万事如意_
112,0,Audin.W,0,69,12,0,0,109,0,_
113,0,自然,1,339,7,0,7,2476,0,_
114,0,小发哥,3,26,0,2,2,20,1,传播正能量，抵制丑与恶。_
115,0,人生更好,65,155,77,10,13,686,0,_
116,0,不忘初心农业,29086,86,3642,308,322,0,1,我是来自重庆的吴渝在海南澄迈长寿之乡做电商 销售桥头地瓜🍠和海南热带水果🥭🍍🥥喜欢我的请关注❤️点赞👍同时借助互联网 解决农户滞销的冬瓜 地瓜 西瓜 公益助农同时也让大家吃到新鲜健康环保的瓜果蔬菜_
117,0,用户6508878151368,149,1557,361,1,1,2597,1,人生如戏需伽演技！微18983291458_
118,0,（搞笑）彬鑫哥,66,522,72,8,8,0,1,少壮不努力，老大徒伤悲，感谢支持与厚爱！_
119,0,闲情_233342023,58,102,23,12,13,176,1,付出与获得能够成为正比吗？_
120,0,张氏果业,580,503,138,27,27,1387,0,_
121,0,(๑• . •๑),0,411,1,0,0,0,0,_
122,0,沧海一声笑,15,3082,306,2,2,262,1,方寸间，历数世上桑田沧海；时空里，细问人间暑往寒来；是朋友，星移斗转情不改；是知音，天涯海角记心怀。_
123,0,我来也,279,90,20,70,71,980,0,_
124,0,郑三少,0,35,19,0,0,232,0,_
125,0,笑看红尘,5315,333,294,67,69,0,1,心随意动，快乐无处不在_
126,0,用户587280091,0,22,0,0,0,1,0,_
127,0,用户2890461558154,24,372,62,3,3,92,0,_
128,0,重庆小面·江湖面·招收学员,804,2598,562,36,36,492,1,🌶️江湖面创始人·🌶️一生值得关注的男人·🌶️需要你的陪伴·gougou·_
129,0,用户76495580,0,29,1,0,0,4,0,_
130,0,大漠弧鹰,0,606,74,0,0,0,0,_
131,0,丢了幸福的猪,0,15,2,0,1,23,0,_
132,0,重庆隆衡建设蒲绍文专业拆除,4775,1051,980,65,65,10256,1,我是重庆专业拆除房子的，关注抖音里所有专业拆除的朋友，大家同行多交流13752914888_
133,0,有你更精彩,1,177,4,3,3,574,1,勇者無俱，無欲則刚！_
134,0,春田镇小宝剑,0,16,0,0,0,2,0,_
135,0,Q,1064,991,176,42,42,1276,1,要开心呀～哈哈哈🍧🌟🥤😋_
136,0,火红的Andaluz,9,90,15,3,3,250,0,_
137,0,重庆weixi_123_123,760,4018,714,148,148,416,1,重庆的山重庆的水丰都的鬼忠县的塞万州的楼云阳的庙奉节的城巫山的叶_
138,0,帅气老狼,8824,4897,885,212,214,26276,1,199236781_
139,0,笑看红尘向北,29,41,69,6,8,307,1,真心交友  V   15922816190_
140,0,为爱不放弃,1057,2510,852,19,19,5793,0,_
141,0,用户3673212090900,1,14,1,0,3,59,0,_
142,0,用户976262894290,15,21,15,7,7,32,0,_
143,0,❤️宋美丽❤️,2511053,338,531928,398,402,4364,1,❤️不忘初心，方得始终❤️胃❤️：542545848_
144,0,布丁妈妈,0,308,7,0,0,4441,0,_
145,0,昵称已重置,0,25,11,0,0,872,0,_
146,0,四🐔豆,81,187,79,13,14,1210,0,_
147,0,用户老佛爷,1132,177,61,95,96,5800,1,平安，健康，快乐_
148,0,Cam,0,237,17,0,0,144,0,_
149,0,如烟,0,72,15,0,0,149,0,_
150,0,开心,2849,3296,882,138,139,6946,1,未来不是梦_
151,0,重庆❤️晟亚得❤️统用,1818,2987,993,102,110,525,1,🌺诚实守信、重承诺。           🌺感谢家人们一直对我们的不离不弃🌺感恩🈶️你们❤️❤️☘️☘️🙏🙏_
152,0,谭四爷,954,320,128,74,74,1937,0,_
153,0,云卷云舒,0,201,70,0,0,0,0,_
154,0,代代,0,464,15,0,0,910,0,_
155,0,小阿志!,30,181,15,5,5,387,1,随便练练。。。。。_
156,0,用户895848,468,152,83,40,40,1316,0,_
157,0,LCH,0,7,2,0,0,23,0,_
158,0,彩虹，🌈,114,50,17,18,18,186,1,谢谢你的关注！_
159,0,成渝,21,233,40,1,31,632,0,_
160,0,啊泽,0,502,73,0,0,94,1,微信w1593534946_
161,0,夔牛,0,244,44,0,0,498,0,_
162,0,情有独钟,0,106,6,0,0,0,0,_
163,0,瓦哥哥,447,101,85,11,16,7500,0,_
164,0,健康快乐每一天,0,844,25,0,0,2988,0,_
165,0,汪先生,429,746,145,30,31,3065,1,爱好音乐_
166,0,刘祥,5174,2849,1549,46,54,44888,1,微669021981_
167,0,用户9671590122438,0,98,1,0,0,324,0,_
168,0,Kevin,17,32,9,2,3,87,0,_
169,0,张也,10,47,5,2,2,229,0,_
170,0,熊起油箱,0,153,23,0,0,82,0,_
171,0,carlocollodi,0,35,0,0,0,5,0,_
172,0,豊毓聯,0,1470,20,0,0,2364,1,豊毓聯_
173,0,小灰灰,1400,629,228,46,46,2328,0,_
174,0,天天开心,0,1,1,0,0,26,0,_
175,0,过客,0,76,77,0,0,155,1,流浪者，开心过好每一天😜_
176,0,老村长,402,246,57,29,29,5092,1,知足者常乐_
177,0,浪漫温心,6924,4133,2552,39,42,15329,1,感谢官方给我们时代的平台，让生活永不放弃。成就事业。_
178,0,用户563035060752,21,24,23,2,2,240,1,宇过添情_
179,0,用户7586076161439,0,47,14,0,0,206,0,_
180,0,用户779321443837,0,42,3,0,0,76,0,_
181,0,黎,105,67,30,12,12,630,0,_
182,0,ZL,8122,420,219,380,403,11225,1,实实在在做人，踏踏实实做事，友不在于多，而在于懂。_
183,0,给予你，仅有的坦然,16,82,22,0,0,12070,1,错过你，及你一生。_
184,0,敷衍了事,0,932,117,0,0,2041,0,_
185,0,用户1280085350749,0,1092,24,0,0,218,0,_
186,0,J  、 L,0,4,0,0,0,8,1,随遇而安_
187,0,用户6413522344474,333,262,109,73,73,219,0,_
188,0,晶森美晶,34,181,54,7,7,138,1,美晶LED美容镜——发现你的美_
189,0,久违的微笑,52,14,25,7,7,79,0,_
190,0,用户2797862489793,4,23,6,1,1,2903,0,_
191,0,不老松，87858,0,52,24,0,0,6,1,重庆_
192,0,Wish,11,216,33,2,2,299,0,_
193,0,hechangyong,162,438,84,34,34,1073,1,努力奋斗。_
194,0,桦哥,28,172,29,11,14,82,0,_
195,0,小程水果,181,704,95,20,21,4244,0,_
196,0,世哥,737,285,151,19,24,6375,0,_
197,0,独居山林！,186,176,66,15,15,5650,0,_
198,0,永远前进,49,229,45,11,11,1514,0,_
199,0,用户5084199624744,0,67,15,0,0,57,0,_
200,0,傲龙,7,66,19,1,1,120,0,_
201,0,人生如梦,7783,2597,1349,0,0,0,0,_
202,0,实哥,0,1174,567,0,0,6620,0,_
203,0,虹,20,15,9,13,13,1914,1,看那万紫千红，比江山风姿，江南烟雨，不过那小雨霏霏_
204,0,用户805031891131,0,145,1,0,0,118,0,_
205,0,军哥∮嘹亮⚓️,10,40,14,1,1,0,1,做一单业务⚓️交一个朋友_
206,0,雄关漫道,110,26,65,11,12,545,0,_
207,0,用户9932538772829,0,282,24,0,0,2549,0,_
208,0,陈希,1381,4528,2366,10,11,25286,1,伏牛山下陶朱村，才子佳人化烟尘。东钱湖水留俗客，千年相思到如今。_
209,0,俊,3,173,136,0,6,1187,1,天、地、水、云，四大皆空，望、观、听、闻，活在当下。_
210,0,用户🍎🥛🍌,23,44,9,48,48,0,1,「止于唇齿掩于岁月」_
211,0,老玩童😃😃😃,625,911,229,32,32,9020,0,_
212,0,用户3105539625459,8,75,11,1,1,34,0,_
213,0,WJ等30万人,0,1060,27,0,0,1292,0,_
214,0,用户3232240842629,0,25,2,0,0,38,0,_
215,0,用户2814817689851,0,2933,18,0,0,7679,0,_
216,0,小平,0,2326,254,0,0,14381,0,_
217,0,长沙回忆过去,433,2558,98,67,69,776,1,佳莱的世界，有爱有梦、我成功！佳莱的世界，德大梦大、成就大！_
218,0,戈,0,119,16,0,0,2,1,重庆市人，28.5公岁，身体亚健康！_
219,0,快乐一生538,7923,1149,1287,208,208,9075,1,网络人海茫茫抖音相遇是缘，爱你，么么哒😘_
220,0,用户5287116237451,118,63,33,12,12,160,0,_
221,0,用户9684066064466,0,192,2,0,0,27,0,_
222,0,我已还俗,14609,4915,4661,47,48,5060,1,平平淡淡才是真！_
223,0,陆成,0,84,11,0,0,5,0,_
224,0,用户40416630,0,27,0,0,0,82,0,_
225,0,亮哥美女,0,11,23,0,0,194,0,_
226,0,莫江涛,35538,2877,4554,111,117,114,1,莫江涛：       贵州向黔进影视公司总经理。       电视剧《二十四道拐》《突围突围》《星火云雾街》监制，电影《极度危机》出品人，电视剧《伟大的转折》联合出品人。_
227,0,无题,0,51,7,0,0,56,0,_
228,0,已重置,0,52,2,0,0,22,0,_
229,0,用户7098697283264,0,56,10,0,0,97,0,_
230,0,138****4369,0,943,5,0,0,3602,0,_
231,0,迈巴特,1132,2927,847,28,30,12489,1,重庆市壁山区思杰鞋材加工厂，13114052289_
232,0,开豪沃的80后,722,504,187,53,53,4588,1,接下来的日子努力做好自己想做的事_
233,0,刘二土,0,18,47,0,0,781,0,_
234,0,用户2160231664269,26,208,39,2,2,188,0,_
235,0,薄荷绿@,167,115,91,10,10,634,0,_
236,0,苇,0,220,25,0,0,727,0,_
237,0,情笛竹韵,188,63,61,16,22,365,1,从小喜欢竹笛，一支竹笛能抒发喜怒哀乐！我会发一些演奏视频，希望能给喜欢的朋友带来欢乐！_
238,0,陈教练,6,157,9,0,18,224,1,爱你我己不是当初那幼稚的少年；_
239,0,泡泡蛋花汤,10,21,11,2,2,26,0,_
240,0,转身是晴天,185,98,86,116,116,215,0,_
241,0,永不放弃,59,2902,33,0,0,0,0,_
242,0,蕾蕾,208,198,67,27,28,5578,0,_
243,0,美好时光🎈🍎,370,2587,213,15,18,0,0,_
244,0,用户158801348184,225,234,54,12,12,142,0,_
245,0,用户9802283512618,0,28,1,0,0,197,0,_
246,0,用户8026528712829,0,2588,29,0,0,0,0,_
247,0,用户1478933563288,13,82,30,2,2,717,0,_
248,0,不点赞把你抬走,0,4379,17,0,0,14628,0,_
249,0,头头,29,761,72,4,4,113,0,_
250,0,🍎安幸福伴余生💑,5929,198,483,196,205,13717,1,重庆美术学院。_
251,0,自强志在,1102,1530,299,34,35,619,1,高蹈世外桃源，坐忘回家路_
252,0,郑重,117,100,22,6,6,741,1,一脸茫然_
253,0,侯春学(苦尽甘来)重庆,0,1276,147,0,0,3065,0,_
254,0,长城,0,55,41,0,0,25987,0,_
255,0,用户7933280369312,0,5,0,0,0,1,0,_
256,0,往事随风,25423,2113,1448,341,344,26220,1,玩抖音的目的就是达到开心最佳_
257,0,共创包装材料曹灿召,115,157,85,9,10,1404,0,_
258,0,冬日暖阳,42,86,28,3,3,16567,1,策马扬鞭向前奔！_
259,0,A-独孤求醉。bo～bo,1946,3679,742,111,113,40255,1,vv：hb15310310338_
260,0,苏苏,1474,282,227,60,60,70,1,如果你不当我是宝，我就当你是草。_
261,0,明雪的铁憨憨,62,196,17,0,0,0,0,_
262,0,强仔,9,102,20,6,6,54,0,_
263,0,贵飞,3198,4266,2222,22,23,21714,0,_
264,0,贾儒洁,8387,139,1839,127,129,1409,1,香港卫视主持人公益励志访谈栏目《老总驾到》主持人_
265,0,🤪🤩mickey,234,640,122,32,81,1596,1,伴着曲艺行走世界找寻各国说唱艺术陪着小妞慢慢长大不定期更新…_
266,0,石源珠宝,2805,3738,649,254,255,9650,0,_
267,0,呵呵,0,95,3,0,0,23,0,_
268,0,彼夜的星空,3,377,8,1,3,1570,1,我就是我，不一样的烟火_
269,0,梅🌸,822,1449,139,74,75,10072,1,时光不经用 眨眼已半生_
270,0,李蛮蛮,0,26,1,0,0,389,0,_
271,0,闫光瑞,608,2715,263,0,0,0,0,_
272,0,练,0,13,0,0,0,13,0,_
273,0,用户2065183700455,0,9,4,0,0,7,0,_
274,0,1380米的云海秘境花园—“水泊凉山”！,113,1642,109,7,7,0,1,海拔1380米负氧离子5万个/cm3水PH7.2～7.6夏均21度距离主城168公里的天然秘境观山观水观天下避暑嬉雪上凉山_
275,0,飘雪,0,50,0,0,0,6079,0,_
276,0,哟哟哟,30,375,31,10,10,142,0,_
277,0,阿黑哥,0,192,1,0,0,49,0,_
278,0,《神经病》GG,6,34,13,1,1,35,0,_
279,0,钟爱你一生,0,40,4,0,0,28,0,_
280,0,冷面闫罗,6796,261,884,0,0,0,0,_
281,0,张志宏,99,724,213,13,16,394,1,触摸灵魂深处的爱_
282,0,宇眾心怅,0,265,12,0,1,46,0,_
283,0,王小哥,0,183,84,0,0,30,0,_
284,0,青山绿水,3,142,42,1,1,10,0,_
285,0,赵赵,0,200,22,0,0,291,0,_
286,0,狼道(拒私聊),3760,4056,522,0,0,0,0,_
287,0,666,14,3950,39,0,0,0,0,_
288,0,华哥,143,1472,107,17,18,1157,1,从头再来_
289,0,咕噜咕噜咕,0,10,0,0,0,35,0,_
290,0,@均,190,75,41,69,69,151,1,谢谢朋友的关注，点赞。_
291,0,国孝,0,68,13,0,0,41,0,_
292,0,巧@娃,76,244,101,5,6,127,1,唯有拼搏，笑看人生_
293,0,真正的梦魇之主。,0,3024,6,0,0,11598,0,_
294,0,活着才有明天,439,464,121,81,82,166,1,不顺心的事一笑而过。_
295,0,自由风,0,93,20,0,0,20,0,_
296,0,王甜甜,0,318,1,0,0,1054,0,_
297,0,信仰237916254,625,1610,151,43,47,7874,1,没有个性，没有签名_
298,0,海派热烫,442,231,73,49,50,684,1,海派免打理健康烫发_
299,0,环保孙工,1616,4155,1387,33,34,46,1,十几年如一日坚持用技术和温度服务客户的环保工程师！_
300,0,波波波,0,32,12,0,0,46,0,_
301,0,Allen-小站,0,2,1,0,0,12,0,_
302,0,用户8923954074563,0,40,1,0,0,605,0,_
303,0,合川,0,17,16,0,0,139,0,_
304,0,蒙蒙,555,149,41,99,99,5495,1,哆来咪母婴店_
305,0,用户6504771102593,0,385,22,0,0,22,0,_
306,0,李墨鱼,359,2246,697,21,21,42,1,李伟简介李伟，又名李成伟，李墨鱼，常浩轩主人，常浩居士，1970年出生于山东济南，自幼受家庭熏陶，酷爱书画，对八大山人、齐白石、吴昌硕、张鹤云、冯增木古今名人的画尤为崇拜，反复临摹，品读其作品，穷追其理，后又被张鹤云，冯增木等著名画家亲自点拨，实学其精髓，受益匪浅。_
307,0,霞妹儿,4,37,3,1,1,168,1,点看我的，谢谢！！！_
308,0,尧 舜 禹,40,259,35,2,2,418,0,_
309,0,用户3697940496571,1,222,56,0,1,14,0,_
310,0,用户518176014951,0,22,0,0,0,13,0,_
311,0,向往星空,23,1156,27,5,35,2824,0,_
312,0,Sakya,0,2,0,0,0,0,0,_
313,0,闭着等花敗,133,164,76,9,9,1366,1,信任很贵 别轻易浪费_
314,0,123456,0,449,10,0,0,2638,0,_
315,0,用户6587160370662,362,754,201,53,53,1450,0,_
316,0,🐌,7,123,25,1,1,51,1,学会用🐌的态度去面对生活_
317,0,项佳晨,0,74,7,0,0,248,0,_
318,0,fdai22,0,9,0,0,0,12,1,冥冥之中众生被命运指引着前行！_
319,0,正良,0,52,9,0,0,166,0,_
320,0,用户4387608664333,33,235,36,2,2,104,0,_
321,0,松月公子,0,47,3,0,0,54,0,_
322,0,小川美食,3,168,26,1,1,17,1,每个人都有自己的光茫，等待我们去点亮......_
323,0,荷包蛋,182,1196,264,7,7,5451,0,_
324,0,ALEXANDER10,121,1600,312,0,0,0,0,_
325,0,手机用户67zj0d,0,284,26,0,0,1196,0,_
326,0,换季,0,53,1,0,0,17,0,_
327,0,太原新大洲电动车,599,216,166,36,40,661,1,努力了就要大胆地要求回报_
328,0,何京蓉,0,43,1,0,0,31,0,_
329,0,🌻皮皮🍀,1571,316,107,150,171,0,1,加油！做最好的自己！_
330,0,宏图141319,23,781,113,3,3,6,0,_
331,0,A 邱先生,482,176,103,17,17,867,1,真不知道要写点什么才能吸引到你，_
332,0,旭,523,558,41,156,161,4008,1,奋斗 篮球爱好者 听歌 唱歌 电影 游戏_
333,0,初二,0,56,3,0,0,82,0,_
334,0,I Miss you,763,130,114,32,33,636,0,_
335,0,小丽头,10,3970,186,1,1,9303,1,你的真心很贵，不要浪费，不要留给那些疏远你的人，不要自欺欺人，不要纠缠不清！_
336,0,归舟放鹤,589,1527,181,62,68,5206,1,心之所向，便是阳光.心无所碍，便是远方_
337,0,用户932926958,0,7,12,0,0,38,0,_
338,0,wangyin,0,5,20,0,0,3,0,_
339,0,佛系文青,0,346,19,0,0,329,0,_
340,0,二爷,0,24,3,0,4,54,0,_
341,0,用户4028654948399,0,527,2,0,0,53,0,_
342,0,伟巴,0,35,67,0,0,11,1,奋斗．努力．加油吧！_
343,0,赵二筒,574282,384,65513,70,70,16,1,重庆版光头强_
344,0,用户5461965610540,913,489,104,61,62,3837,0,_
345,0,火🔥耳,0,1550,123,0,0,0,1,我若成佛，天下无魔！我若成魔，佛奈我何！_
346,0,詹姆斯·小熊,735,235,190,40,40,349,1,爱吉他 爱民谣～打篮球12年🏀有什么理由不喜欢篮球。商业 合作➕V  Love_1314520HL每天10点直播❤️交朋友我是认真的_
347,0,鱼摆摆,260,355,121,15,16,649,0,_
348,0,迁就你一生,12,70,21,5,5,37,0,_
349,0,嗨海哥,1024,180,88,251,251,1119,0,_
350,0,厨电二师兄,419,686,168,37,37,1253,1,上得了讲堂，下得了厨房。搞得了售后，扶得了市场！_
351,0,用户839651765876,0,11,0,0,0,152,0,_
352,0,嘻嘻哈哈,28,431,43,4,4,744,0,_
353,0,夜染星辰,0,93,9,0,1,423,1,站着不动，永远是观众_
354,0,鸿兴,609,342,126,37,40,5034,1,百善孝为先_
355,0,云览天下,0,63,6,0,0,1154,0,_
356,0,熟悉的陌生人,211,1870,321,8,8,3490,0,_
357,0,🌞,50,4031,47,9,9,9933,0,_
358,0,柏杨,22,193,46,3,6,204,1,简单的事情重复做就是专家，重复的事情用心做就是赢家。_
359,0,山还是那座山,11,441,71,0,3,3080,0,_
360,0,发狂的一休,110,237,87,15,15,273,0,_
361,0,旅游找我,109,60,65,24,25,173,1,独一无二的丫头_
362,0,保罗,0,57,2,0,0,928,0,_
363,0,爱心男人,803,759,1045,41,44,4544,0,_
364,0,風雲晨曦,5,153,21,4,4,723,0,_
365,0,DJH小  代,48,153,31,6,6,801,1,风雨同舟  一路相伴 感谢你的关注！谢谢你！_
366,0,T,0,73,45,0,0,235,0,_
367,0,汝立,28044,175,722,42,42,794,1,走得再远，也不忘记为什么出发！_
368,0,用户9953887269121,0,286,30,0,1,242,0,_
369,0,孤胆英雄,0,122,19,0,0,0,0,_
370,0,破、晓,0,94,17,0,0,5,0,_
371,0,千翻崽儿,20,48,18,2,2,25,0,_
372,0,林哥,0,300,57,0,0,1644,0,_
373,0,薰衣草,283,60,54,25,25,903,1,你曾经不被人所爱，你才会珍惜将来那个爱你的人_
374,0,乌江船长,0,86,7,1,1,1010,0,_
375,0,吊儿郎当(｀⌒´メ),4,887,85,0,7,564,1,十赌九输_
376,0,江津区牛嘎嘎餐馆,17,2220,93,0,0,0,0,_
377,0,用户2855196807610,0,40,2,0,0,46,0,_
378,0,平安快乐,98,83,25,8,8,1647,1,平安快乐！_
379,0,1997👯,1205,204,256,48,49,1162,1,人丑就该多读书_
380,0,江勇,0,578,430,0,0,5979,0,_
381,0,弄啥呢,257,177,125,25,25,0,1,平凡的一天，未来可期！_
382,0,大脸妹儿,210,378,61,0,0,0,0,_
383,0,堆堆儿,0,335,12,0,0,10931,0,_
384,0,静～～,436,515,102,33,37,8949,0,_
385,0,秋风落叶,451,828,382,9,9,89,0,_
386,0,Linda,10,116,23,1,1,366,0,_
387,0,春生,0,26,2,0,0,17,1,像春天的气息，重生。_
388,0,sunshinesy,17,54,6,5,5,141,0,_
389,0,纸玫瑰,465,265,106,27,27,12282,0,_
390,0,群,1,21,4,2,2,2,0,_
391,0,火箭,116,1212,153,9,15,4957,0,_
392,0,朕.,108,160,37,11,11,756,1,一只奔跑的蜗牛_
393,0,一纸繁华、燃尽年华往事,7,4,5,0,0,0,0,_
394,0,Q～㱳,6,481,60,1,1,1565,0,_
395,0,呆呆,0,35,15,0,0,121,0,_
396,0,天九自动化设备(陈俊伟),64,298,258,3,5,312,1,涂装  输送设备供应商15823285811_
397,0,陌-露_,330,229,65,31,31,0,0,_
398,0,渝人蜀事,177,1408,147,15,17,982,0,_
399,0,✨友久佳-专门做美蛙,773,240,204,30,30,3171,1,美蛙鱼头火锅以鲜 嫩 麻 香 辣著称来源于民间，升华于重庆无论达官显贵，红男绿女其消费群体，涵盖之广泛作为一种美食，美蛙鱼头火锅属于重庆餐饮江湖菜系的特色已成为重庆地区的代表性美食之一_
400,0,千稳,1641,125,205,9,9,22,1,千稳百当，v，17382257727，名下26家公司不同业务请不同对接落地_
401,0,润物,72,337,40,17,18,1366,1,谢谢一路有你🙏🙏🙏_
402,0,五花八门发,2006,4661,1608,0,0,0,0,_
403,0,用户1648233216706,0,5,1,0,0,4,0,_
404,0,幸福,76,18,17,17,17,1,0,_
405,0,nmp,7,1137,101,1,1,2059,0,_
406,0,小鱼妹子呀,758,501,134,42,42,374,1,勿忘心安_
407,0,最深的爱最沉默。,479,454,147,44,46,6538,1,看淡一点，在努力一点。_
408,0,善,171,298,113,12,12,95,1,联系电话15818331557王生_
409,0,空谷幽兰,318,311,50,27,28,2181,0,_
410,0,平安是福217327,75,1361,53,22,22,7326,1,平安是福向你们展示真实的头像_
411,0,金隆远服装店,1028,4253,375,81,83,2413,1,自主品牌设计师希望认识更多的小伙伴_
412,0,用户9876397165678,4,51,8,0,5,62,0,_
413,0,李闷登儿,123,1651,96,20,20,9441,0,_
414,0,主播三杯酒,2164,3916,3691,62,62,8458,1,万丈红尘三杯酒讲解中国白酒文化。抖音直播技巧！感兴趣的朋友关注我， 直播间见。1：浓香型白酒的酿造工艺2：浓香型白酒质量差3：美食与酒的结合中国白酒在四川，我在绵竹产区为你守候。v15982029951说明来意_
415,0,黑蜂,0,62,21,0,0,25,0,_
416,0,²⁰¹⁶₁₁.3 瀚霆จุ๊บ💋,114,214,36,29,30,184,0,_
417,0,龙涛,13,21,8,3,3,54,0,_
418,0,西有秋下,44,228,35,12,12,372,0,_
419,0,雨雨,164,618,66,15,20,2377,1,花开花落自有时_
420,0,沉默,0,336,39,0,0,1095,0,_
421,0,缪一格成长日记,9,72,8,10,10,11,0,_
422,0,缘分,1514,2293,191,103,103,9400,1,缘由天定，份在人为_
423,0,傲雪182,82,101,202,6,6,1442,1,"由于身体不好,直播暂停一段时间。_"
424,0,用户2269139790130,0,731,9,0,0,21,0,_
425,0,狂奔D蜗牛,48,408,18,11,11,664,1,桀骜不驯 放荡不羁_
426,0,品花人,68,247,29,9,10,477,0,_
427,0,芦苇,13,96,43,1,14,972,0,_
428,0,用户5557130188115,0,199,56,0,0,4674,0,_
429,0,下页,39,68,37,3,6,1330,0,_
430,0,三🌱生🎄三🌲世🍀十里桃花,83,643,120,27,27,550,0,_
431,0,用户990850040735,0,27,0,0,0,3501,0,_
432,0,‘地球,9,925,14,2,2,1349,0,_
433,0,瑜瑜,28,18,14,2,2,12,0,_
434,0,云淡风轻,0,264,12,0,0,3686,0,_
435,0,用户5534609387498,0,150,0,0,0,118,0,_
436,0,Amy,373,172,48,0,0,0,0,_
437,0,胡辣壳✘,773,4299,442,30,34,0,1,99年、一个爱折腾的90后女孩子没有人可以给你的梦想泼冷水_
438,0,资深哥1314520,0,190,425,0,0,1045,0,_
439,0,&咖啡,21160,985,224,9,12,225,1,人生很贵，请别浪费，加油哦！_
440,0,GY,39,118,22,24,24,91,0,_
441,0,一往无前,31,272,107,3,6,1321,0,_
442,0,用户40875426,0,51,5,0,0,19,0,_
443,0,从头来过,10,232,40,2,3,1957,0,_
444,0,马总,738,1354,66,0,0,0,0,_
445,0,用户511509396760,3,85,22,1,2,4375,0,_
446,0,用户22788858,0,4,0,0,0,50,0,_
447,0,C☆C,62,262,28,13,13,175,0,_
448,0,用户7844746156610,239,46,56,17,70,129,1,善待自己_
449,0,彼岸，依旧眷恋～～～,218,304,109,8,11,43048,0,_
450,0,不恭、,43,234,75,3,3,295,0,_
451,0,看稀奇,119,2163,15,0,0,0,0,_
452,0,媛,285,404,50,38,38,171,0,_
453,0,用户3859072262300,19,108,28,0,0,0,0,_
454,0,文崽兽,48,116,40,7,8,410,0,_
455,0,差生,0,13,6,0,0,0,0,_
456,0,用户5736942104784,9,29,7,2,2,24,0,_
457,0,怪咖,2,1936,51,0,1,0,0,_
458,0,骑马上成都,0,153,41,0,0,3763,0,_
459,0,用户761019,983,322,65,125,128,2504,0,_
460,0,沙拉嘿哟,152,306,1014,11,11,6897,0,_
461,0,庆哥哥🧍‍♂️,4082,260,2366,82,83,16321,1,你忘了回头，我忘了走。_
462,0,←★巧☆,28,115,28,0,6,758,0,_
463,0,谢茂渝,887,125,1039,18,18,11,1,👤他正在关注你南冥有渝，其姓为谢！_
464,0,💐  🍃  🌷,3747,2753,350,98,98,0,0,_
465,0,伍治霖霖霖霖,60096,138,2882,48,48,16441,1,求粉，求关，求个求！_
466,0,星星.灯,754,171,169,101,103,0,1,星星.灯  没有这这一点就不完美！_
467,0,娇娇,173,198,50,31,31,2469,1,记录宝贝的日常！_
468,0,赖平,0,285,81,0,0,67,0,_
469,0,谷雨,3690,1429,551,129,131,33898,0,_
470,0,小小,21,380,134,1,2,626,0,_
471,0,小黎☜,697,298,221,17,18,0,1,天行健，君子以自强不息，地势坤，君子以厚德载物。_
472,0,用户6894119859163果嘟嘟,111,69,23,37,41,0,1,没有说的_
473,0,用户140190,0,34,0,0,0,688,0,_
474,0,君莫笑,166,203,60,15,16,375,1,茕茕孑立 沆瀣一气_
475,0,沉梦昂志,285258,74,12371,29,34,23286,0,_
476,0,重庆风子,12,391,47,1,34,421,0,_
477,0,热心市民奚老师,1175,307,705,12,41,844,1,自嘲不是消极，而是认清真相之后，依然选择热爱。_
478,0,芒果酸奶,72,122,10,11,15,457,1,神游天地间_
479,0,松林,0,122,9,0,0,19344,0,_
480,0,🇹_🇹,0,85,8,0,0,0,0,_
481,0,用户8774116148272轩轩,412,180,25,28,31,3401,1,武汉加油中国加油_
482,0,少年,0,86,17,0,0,240,0,_
483,0,mapleFT,9,184,14,10,10,84,1,定义在那个维系里_
484,0,用户1849332663059,10,58,7,4,4,9332,0,_
485,0,小廖,0,28,0,0,0,3,0,_
486,0,用户7401964610075,0,555,24,0,0,322,0,_
487,0,用户11271837,0,14,0,0,0,4,0,_
488,0,仙妹,188,396,32,30,30,1025,0,_
489,0,重庆杰锐汽车 蔡勇,16,970,76,7,17,726,1,重庆杰锐汽车，18623542360_
490,0,小丸子,9180,178,937,139,140,2260,1,不要迷恋姐，姐只是一个传说！_
491,0,随和的人,1570,835,273,158,158,2685,0,_
492,0,包包1970,0,41,25,0,0,13,0,_
493,0,呆呆,1085,92,163,17,17,389,0,_
494,0,用户3674497717580,0,187,42,0,0,821,0,_
495,0,喜欢你,23,63,37,0,0,0,0,_
496,0,懂你，。，。,10,47,21,3,3,161,1,人生_
497,0,╰Mr.╭ァ静言,415,1583,116,54,54,2722,1,改变……_
498,0,宁静致远,0,22,3,0,0,4063,0,_
499,0,三环十三少,300,569,68,7,7,2823,1,别人笑我太疯癫，我笑他人看不穿_
500,0,刘师不锈钢装饰,889,216,42,254,259,1087,0,_
501,0,米奥,373,1450,62,22,251,3675,1,平平淡淡亦珍惜_
502,0,阿㒢,0,192,25,0,0,0,0,_
503,0,用户4898596765354,0,240,2,0,1,340,0,_
504,0,谭小宝,44,377,129,2,3,2144,0,_
505,0,重庆五洲钢结构任利波,172,4976,249,2,2,7153,1,本人专业制作，安装，钢结构，玻璃幕墙。及金属制品加工行业，愿交天下各行各业朋友？共谋发展17830246968_
506,0,用户3180487654054,189,28,42,34,35,93,1,永远海阔天空！永远光辉岁月_
507,0,Ro,0,298,35,0,0,285,0,_
508,0,（XY）：YANG  LI  JUN,80,686,39,6,6,39,0,_
509,0,阳光,18,66,16,7,7,284,0,_
510,0,时光依旧,124,278,48,9,9,417,0,_
511,0,哦,0,38,2,0,0,37,0,_
512,0,@肖肖,240,235,80,12,12,4101,0,_
513,0,悦瑞文化--包勇,7,370,73,1,3,313,0,_
514,0,用户8087481592901,0,60,4,0,0,17,0,_
515,0,涛艳依旧,0,39,9,0,0,0,0,_
516,0,用户5101674556353,0,190,8,0,0,366,0,_
517,0,🇨🇳浩🇨🇳哥🇨🇳,157,576,265,2,2,1171,1,本人单身，工作忙很少上，谢谢_
518,0,京城四少,0,118,27,0,0,26,0,_
519,0,sissi,67,1069,35,15,30,4097,0,_
520,0,静听松风寒,0,213,4,0,0,14860,0,_
521,0,亮亮,0,817,1,0,0,0,0,_
522,0,T  T,0,30,4,0,2,385,0,_
523,0,清醒的人糊涂的事,0,21,0,0,0,42,0,_
524,0,小小宝,6,128,70,2,3,89,0,_
525,0,豪,845,424,187,58,59,895,1,心存感激 加倍努力！_
526,0,用户7117339852544,0,100,7,0,0,1235,0,_
527,0,绿色水湳,0,233,48,0,0,163,0,_
528,0,用户808094,131,177,77,5,7,1167,1,少年强，中国强，少年富则中国富_
529,0,心想事成,0,1921,30,0,0,2103,0,_
530,0,执念,292,469,144,18,61,2891,0,_
531,0,李成飞,819,1437,209,89,98,14394,1,喜欢睡懒觉_
532,0,语馨,0,13,14,0,0,171,0,_
533,0,丹 仔,316,209,42,20,26,0,1,能让你长大的，从来都不是年龄_
534,0,轴承机械老中医,9,298,1053,4,5,190,1,亚洲机械CE认证教授级高级工程师科技进步奖电主轴专利国内知名轴承机械技术研究员交流合作♧_
535,0,赵娟,0,191,11,0,0,136,0,_
536,0,哈利路亚,61,837,77,0,0,0,0,_
537,0,、夏,24,455,54,2,2,12006,1,等到风景都看透。也许你会陪我戏水长流﹉_
538,0,杯杯香白酒,0,142,34,0,1,6309,0,_
539,0,汉堡包,236,57,111,8,9,0,0,_
540,0,欢 哥.,180,537,184,11,13,117,1,山水一程，三生有幸！_
541,0,曹武郎,0,850,1,0,0,0,0,_
542,0,忧郁,171,893,101,9,9,3291,1,变幻莫测_
543,0,铁憨憨,30,31,11,3,3,178,0,_
544,0,重庆小圆圈,779,108,82,13,13,123,1,重庆  江北 汇馆   水疗记录个人才艺和生活，感谢抖音平台！_
545,0,MY,0,122,39,0,0,196,0,_
546,0,寻,107,130,30,13,13,511,0,_
547,0,yaya,11,89,25,1,1,11252,0,_
548,0,烂番茄西红柿,0,50,1,0,0,10,0,_
549,0,中医疼痛康复中心,302,350,86,12,17,632,1,"一切都是为了爱！爱自己,爱家人,爱我今生相遇的每一个人！！爱我们的国家！！！_"
550,0,大伟哥哥,105351,358,9208,46,46,684,1,善守者敌不知所攻，没特色才最有特色！_
551,0,L   Y,0,49,9,0,1,46,0,_
552,0,李先生,47,506,90,2,4,37404,0,_
553,0,菲儿!,250,256,123,16,17,57,1,余生很长 多笑笑 爱笑的女生运气不会差_
554,0,手机用户17246034262,19,457,68,0,1,819,0,_
555,0,2018的夏天,0,117,0,0,0,348,1,玩第五和我的世界，第五暂退。想杠就杠习惯了。_
556,0,🔥绝缘体🔥,0,55,23,0,0,190,0,_
557,0,mao💋💋💋,0,52,0,0,0,852,0,_
558,0,像雾像雨又像风,0,2539,12,0,0,13931,0,_
559,0,长新制冷,0,133,26,0,0,315,0,_
560,0,随波逐流,0,121,30,0,0,155,0,_
561,0,筱wei,162,67,92,3,4,149,1,~😊_
562,0,飘渺,98,998,195,8,14,209,0,_
563,0,冀。,0,94,24,0,0,38,0,_
564,0,糖🍬,4855,78,1422,17,17,0,1,懂得珍惜！才配拥有💕💕_
565,0,鈊隨ωο動,9,30,38,3,3,135,0,_
566,0,烟为寂寞而生จุ๊บ,112,73,25,13,13,849,1,走自己的路，在苦在累自己扛_
567,0,阿昆,4,190,28,1,1,104,0,_
568,0,雨相,75,327,22,30,30,3293,0,_
569,0,靓仔哥,678,3549,722,27,27,98,1,承蒙厚爱，感谢有你，一路相伴，今生和你相遇，是我莫大的关怀与支持！_
570,0,奋斗-豪,0,129,22,0,0,5445,0,_
571,0,李二妹_224331,280,83,52,38,38,249,0,_
572,0,just for U,2,189,55,0,1,3072,0,_
573,0,用户8007912543409,19,10,5,3,8,141,0,_
574,0,用户60529888,0,28,1,0,0,34,0,_
575,0,陈仙聲,61,628,98,4,4,0,1,爱抖音，爱交友，爱生活。_
576,0,倦意,308,168,87,14,14,114,0,_
577,0,@坏毛病,0,5,0,0,0,5,0,_
578,0,用户6661522623451,0,41,2,0,0,40,0,_
579,0,燕子,24,131,45,2,7,642,0,_
580,0,香堤澜湾：吴彦祖,0,69,28,0,0,22,0,_
581,0,实在人,55,68,52,6,6,66,0,_
582,0,最美的相遇,6966,140,674,53,53,6105,0,_
583,0,这么巧，刚好遇见你,220,3477,154,31,36,21613,0,_
584,0,蜜桃🍒🍒🍬,86,39,28,6,6,154,0,_
585,0,我是你雪儿姐,1183,140,114,51,54,28569,1,起床困难户_
586,0,哼哼哈嘿，,0,50,8,0,0,153,1,浪里个浪_
587,0,用户3552656942731,0,57,6,0,0,85,0,_
588,0,春盛通讯,690,138,146,66,70,1029,0,_
589,0,欢欢,1090,232,191,45,47,559,0,_
590,0,爱的路上只有我和你,95,698,38,0,0,0,0,_
591,0,辣妈,55052,2055,1513,2133,2142,20844,1,辣妈潮休闲服装_
592,0,天道酬勤,22,3444,23,9,9,0,0,_
593,0,悦悦~越,0,114,19,0,0,919,0,_
594,0,胎   神,12,116,15,2,2,84,0,_
595,0,烦人的小幺精,348,261,177,60,60,4782,0,_
596,0,苹果,36,81,23,11,11,1297,1,平平淡淡就是幸福！_
597,0,余意超,291,201,18,47,47,2772,1,所以，生活的理想就是为了理想的生活☀️_
598,0,开心了就好,0,13,9,0,0,15,0,_
599,0,四强电器,1369,379,291,5,11,0,1,专注家电行业20余年～分享好物，分享快乐～感恩遇见，不负信任～_
600,0,缝隙里的阳光,0,250,58,0,0,151,0,_
601,0,用户2665177950659,0,66,6,0,0,14,0,_
602,0,用户3575818965311,0,3103,8,0,1,4440,0,_
603,0,小哥,147,108,220,4,4,106,0,_
604,0,Louis,12,41,25,0,0,191,0,_
605,0,正東,1913,785,74,210,210,0,1,☀☀☀好好学习，天天向上！所有分享一切资源皆来自于网友大家分享，转发传递欢乐！❤🎵若有雷同，纯属巧合！分享快乐！🙏🙏🙏感谢抖音大平台，谢谢大家！🌻🌻🌻_
606,0,chen,1019,105,58,94,96,1723,1,60后_
607,0,孙炜,400,1515,300,41,48,0,1,你只管努力🗣！结果由天☝定_
608,0,用户3011746052699,0,81,1,0,0,207,0,_
609,0,含蓄的晴天,0,130,11,0,0,0,0,_
610,0,👏👏小书包🎒💋💋💋,45,66,11,14,14,48,0,_
611,0,淑途,103,772,52,9,9,731,0,_
612,0,金钱至上,5,332,14,0,0,2022,0,_
613,0,雏儿,10,427,46,1,2,1210,1,我就是我、看自己都上火👫👯为什么上火吃碳火烧烤上的🔥欢迎来食烧烤👍……_
614,0,没有你的城市,93,574,69,31,33,974,1,到处都是孤独，_
615,0,荣昌区美的空调王②娃,656,354,230,26,26,398,1,志不立天下无可成之事，地狱不空誓不成佛！发挥自己的专长，顾客满意才有收益！_
616,0,淡泊.,0,58,10,0,0,142,0,_
617,0,地主...;.???,0,186,32,0,0,175,0,_
618,0,都市宝贝,0,520,61,0,0,68,0,_
619,0,远嫁滴菇凉,1025,184,129,92,93,290,0,_
620,0,微,6,14,17,2,2,927,1,珍惜_
621,0,风中沙,29,81,23,17,17,43,1,人生如戏，戏如人生。_
622,0,用户9739278508311,4,95,21,1,1,112,0,_
623,0,和我聊,93,72,25,12,12,271,0,_
624,0,用户9207659715075,9,37,6,7,7,66,0,_
625,0,pfk9,40,176,91,11,11,342,1,只要努力，一切皆有可能，承接室内外装饰，v壹叁陆七捌肆零捌零玖七。_
626,0,用户1736389703820,0,18,0,0,0,18,0,_
627,0,用户484615,0,29,7,0,0,443,0,_
628,0,有氧呼吸,23,84,42,4,4,52,1,一个调皮娃儿的妈_
629,0,(๑•॒̀ ູ॒•́๑)啦啦啦,7,31,2,1,1,76,0,_
630,0,vencent,0,35,4,1,1,8,0,_
631,0,徐妹家的江湖菜,5736,239,865,37,45,0,1,重庆石桥铺科园三街徐家院子江湖菜馆68610163_
632,0,农民跳田坎,57,513,77,7,13,1041,0,_
633,0,装修达人,26,219,36,4,5,300,0,_
634,0,*🌸 解毒,4,232,78,0,0,0,0,_
635,0,榴莲,150,285,12,19,19,6442,0,_
636,0,岁月_星辰,5,108,7,2,2,205,0,_
637,0,海棠香🌺,43,81,23,3,4,484,0,_
638,0,冬约夏至,738,944,234,17,17,4000,0,_
639,0,如梦,154,228,38,17,21,2553,0,_
640,0,谢滴,4,76,22,1,1,723,0,_
641,0,用户4000843011662,0,70,3,0,2,91,0,_
642,0,乡村,0,609,101,0,0,67,0,_
643,0,雷德全268,136,3470,248,4,4,8589,0,_
644,0,重庆火锅底料厂商，蓉儿,3238,58,579,128,129,0,1,有需要各种底料的朋友可以联系我哟，随时欢迎V:15123257695_
645,0,东哥,84,262,99,3,3,3395,0,_
646,0,李木子李果子,24,114,54,4,4,66,0,_
647,0,Ak,0,195,46,0,0,3500,0,_
648,0,可可西西,270,156,29,37,37,713,0,_
649,0,Wq,0,366,29,0,8,8652,0,_
650,0,贝壳找房全哥,3406,4770,1799,141,174,12972,1,人一生一定要有一套属于自己的理想房子！避风港湾！贝壳找房帮你匹配最合适的房源！让你少操心买的放心！_
651,0,用户5925681488126,4,3,2,1,1,2,0,_
652,0,晶晶哥,334,489,79,24,26,104,1,"石油工人一声吼,地球也要抖三抖_"
653,0,圈圈,582,605,73,127,127,1920,1,D调的华丽_
654,0,用户4546598574336,0,154,54,0,0,17,0,_
655,0,✨嚎哥🎤,2704,884,1097,53,71,4372,1,兴趣唱歌，哪怕五音不全也要嚎两曲🎤_
656,0,情的付出,19,188,29,0,14,6097,0,_
657,0,双双,144,69,21,22,22,2520,1,心想事成_
658,0,啦啦啦，，，,207,360,68,30,36,4871,1,健康，平安，简单，快乐，幸福，，，，，，_
659,0,丫丫Enya,1582,200,257,48,48,595,1,心若浮沉，浅笑安然。_
660,0,用户6398114992910,0,15,2,5,5,5,0,_
661,0,潘先飞,0,148,104,0,0,24,0,_
662,0,嘿,1,300,37,1,1,0,1,自驾游_
663,0,用户751011975294,0,116,5,0,0,21,0,_
664,0,用户87738475,0,66,3,0,0,11,0,_
665,0,杉芯宝贝♥,4340,447,225,106,112,14308,0,_
666,0,春天绿叶,5369,2569,1003,109,110,12869,1,春天绿叶_
667,0,。。,0,37,9,0,0,62,0,_
668,0,袁哥585,0,92,27,0,0,54,0,_
669,0,很严重,502,1599,39,41,41,0,0,_
670,0,胡先生<颜值高才华骚>,118,79,35,8,8,174,0,_
671,0,@晴天💕,16851,141,33243,7,7,73,1,✨人生不易、且行且珍惜✨_
672,0,我是昱麒呀,1600,29,24,467,467,1299,0,_
673,0,渝北曹崽儿,0,178,0,0,0,4129,0,_
674,0,商标达人,350,827,338,4,4,738,1,人无远虑，必有近忧VX15696141188_
675,0,缘来有你,54,20,31,11,11,626,1,@缘来有你_
676,0,秋风扫落叶,607,564,116,131,131,3835,1,不亏待任何热情，不讨好任何冷漠。你给我一份信任，我还你一个奇迹。_
677,0,婷浩建材空调安装家电维修,143,272,65,13,21,1971,0,_
678,0,"按,抓,哦,",51,724,33,8,8,677,0,_
679,0,ღ Ms.Lꦿএ᭄ɞ,294,228,49,0,0,0,0,_
680,0,小巴东,35,427,7,18,18,991,1,这辈子，活着就是胜利，挣钱只是游戏，健康才是目的，快乐更是真谛！_
681,0,侯,37,91,131,3,3,25,0,_
682,0,用户4738072180886,0,679,31,0,1,563,0,_
683,0,羚羊123,0,18,6,0,0,18,0,_
684,0,天下第一刀,373,4589,764,6,13,10481,0,_
685,0,辛勤劳动,146,311,173,4,4,625,0,_
686,0,用户2019773786031,0,81,10,0,0,19,0,_
687,0,重庆西部公交806车长,0,271,10,0,0,96,0,_
688,0,夜猫子,256,192,34,47,47,528,0,_
689,0,请客吃饭,0,9,6,0,0,6,0,_
690,0,GQ,0,93,47,0,0,372,0,_
691,0,何力,54,124,44,2,2,67,0,_
692,0,Zhang玮玮,634,3217,196,0,0,0,0,_
693,0,重庆男神,0,558,62,0,0,40,1,纯高梁酒_
694,0,天天耍泥巴,0,7,10,0,0,67,0,_
695,0,@.@渡,251,249,40,24,55,1100,0,_
696,0,靁剛,4331,379,361,236,239,4969,1,货运石子河沙。真正的朋友是一生的风景。我们各自忙碌，又互相牵挂。不用刻意想起，因为从未忘记。_
697,0,a梦想,31,129,20,11,12,61,0,_
698,0,氵木木-书瑶,1282,1992,101,0,0,0,0,_
699,0,Monica,0,134,28,0,0,4135,0,_
700,0,于我而言是可爱,26,163,26,7,7,5888,0,_
701,0,乐乐,70,200,37,7,7,1253,0,_
702,0,韭菜叶,7,139,41,1,1,2547,0,_
703,0,风云🌷人生🔥🔥,364,4662,420,17,17,27060,1,凡事别太在意，看淡世事方得宽心。_
704,0,用户68543620,0,299,9,0,0,47,0,_
705,0,大鼻毛,19,166,168,2,2,59695,1,做个快乐的单身狗_
706,0,Moon🌟,538,103,50,108,110,833,1,生与死·一瞬间.爱与恨·一念间.且行且珍惜♥︎_
707,0,卯塔坝,0,455,10,1,1,54,0,_
708,0,燕南飞,1673,507,190,109,111,5149,1,尽一生_
709,0,渝乐源,0,199,5221,0,0,77221,1,暂不更新_
710,0,铁憨憨ing,0,18,4,0,0,6,0,_
711,0,亮,1176,485,124,33,51,675,1,自娱自乐，天生乐天派_
712,0,春光乍泄,4,299,151,0,1,2994,0,_
713,0,我,0,50,7,0,0,359,0,_
714,0,石安星宇,0,59,20,0,0,26,0,_
715,0,农村鸿哥,264,1024,146,24,24,246,1,中医养身先养心_
716,0,夏少爷,0,5,5,0,0,172,1,昨天已经过去！所有的伤心和烦恼已离去。要相信明天，天空会更蔚蓝。_
717,0,长寿磊哥,640,398,207,46,64,4428,1,我是一位残疾人，在家无聊，没有事，开一下直播，感谢支持_
718,0,胡青松,138,324,111,11,13,1221,1,在学习中进步_
719,0,苦瓜炒蛋,860,2903,71,103,209,5393,1,女人多对自己好点_
720,0,用户70043473,12,102,12,3,3,7,0,_
721,0,啉蓒瑞,21,229,34,3,3,693,0,_
722,0,kitty,4,183,15,0,0,78,0,_
723,0,光头强,427,410,40,64,64,7563,1,问问你佛.爱情打不打脑壳_
724,0,AAA硅藻泥保温涂料,3014,508,276,359,361,10357,1,岳悦_
725,0,用户762019855,0,41,11,0,0,2179,0,_
726,0,飞一👻,0,143,3,0,0,336,0,_
727,0,傲娇的猫🐱,79,231,21,19,19,1003,1,做挖机的女子一枚！_
728,0,幸福的瞬间,256,264,74,32,32,4613,0,_
729,0,叮叮,0,3,0,0,0,47,0,_
730,0,路露user3484537525297,166,212,93,14,16,1922,0,_
731,0,郭公子,3,21,2,3,3,45,0,_
732,0,愛不释手，一生守护,1330,610,190,0,0,0,0,_
733,0,手机用户13217696177,0,220,24,0,0,552,0,_
734,0,子健408,0,2964,127,0,0,2693,0,_
735,0,一个人安静,22,397,190,2,2,1325,0,_
736,0,风雨人生,80,1529,192,0,0,0,0,_
737,0,大魏是也,591,501,93,1,1,0,1,最新最新的精彩视频_
738,0,刘渝光0721,516,137,253,31,32,375,1,巨蟹座细心暖男_
739,0,以太,23,129,17,1,31,65,1,这世间的一切，都值得体味参详。_
740,0,雾都搏行者,499,770,1337,1,3,0,1,都市搏行者新号作品六月份首发各位老铁   多支持下健身  励志  传播正能量_
741,0,用户34178523,0,2,0,0,0,0,0,_
742,0,浪子浩哥,0,361,17,0,0,32,0,_
743,0,石龙中学,114,159,118,11,11,114,1,😊😊_
744,0,小披风vs小蝴蝶,162,1100,72,9,14,3050,0,_
745,0,装修老唐hx85,0,652,79,0,0,86,0,_
746,0,人在江湖,479,809,79,55,58,1932,1,奔跑吧_
747,0,用户8724708963427,0,11,0,0,0,29,0,_
748,0,文君,113,231,69,6,6,707,0,_
749,0,INTER1908520,34,50,30,2,2,32,1,建筑电气 重庆大学 长厦安基_
750,0,青丝@☆如梦,719,281,64,88,105,9048,1,我就是我_
751,0,💦 雨雨 💦,455,274,169,35,35,1283,1,柔美情歌🎤沁人心扉💕总有一首歌打动了你总有一首歌走进你心心中有爱你就是最美的风景_
752,0,灿烂阳光,6867,1568,1080,110,111,10045,0,_
753,0,°小阿熏,2,66,4,1,1,0,0,_
754,0,昨天越多 明天越少,0,171,48,0,0,662,0,_
755,0,💋I'm ok💄,251,195,36,68,72,0,1,重庆女汉子_
756,0,小李,0,157,30,0,0,383,0,_
757,0,报告会,0,664,2,0,0,363,0,_
758,0,xl0099,0,11,1,0,0,0,0,_
759,0,小可爱,18,277,10,4,4,0,0,_
760,0,想不出来网民,127,297,14,129,129,3628,1,我是四年级的学生_
761,0,千载难逢,19,123,21,2,2,65,0,_
762,0,自勤,16,70,76,1,2,893,0,_
763,0,◎,98,97,55,10,10,2229,1,坚韧的毅力终将会使人远行 看遍世间烟火_
764,0,甜甜妹、,7106,5001,1818,368,432,22314,1,"○о  做一个吃货无忧无虑, 当一个痴货无牵无挂。 σ.ˇ﹎_"
765,0,杨开心🥳,5445,304,155,151,181,21237,1,心有多远，你就能走多远，做一个温暖的人，浅浅笑，轻轻爱，稳稳走。一个宝妈分享有爱的故事❤️❤️❤️❤️❤️_
766,0,爱我所爱,366,562,89,18,19,2239,0,_
767,0,吴💊可救,97,825,1780,1,1,2,1,劳资是宝，丢了难找_
768,0,清淡,52,67,26,7,18,0,0,_
769,0,独享你的温柔,0,240,25,0,0,56,0,_
770,0,指尖的星光,24,778,102,8,12,590,0,_
771,0,用户4484369292402,0,215,21,0,0,1921,0,_
772,0,邓伦王俊凯王一博,21,211,83,4,4,355,1,王源王俊凯易烊千玺赖冠霖赵今麦李现杨紫关晓彤马可_
773,0,张阿兰,260,162,44,37,38,182,1,别和别人比 好好做自己_
774,0,矿西西,5,215,560,0,1,0,0,_
775,0,铃Ling,83,70,18,20,20,10,0,_
776,0,晨曦冬月初八,26,103,48,2,2,35782,0,_
777,0,寂寞难耐,0,98,14,0,0,1776,0,_
778,0,癫疯状态,51,168,49,4,4,62,0,_
779,0,四哥l，,5075,540,1341,280,280,0,0,_
780,0,小城红姐,0,36,3,0,0,5,0,_
781,0,__偷听你的心,0,30,28,0,0,6,0,_
782,0,〆靈魂嫚荹鍺,75,102,22,23,25,263,0,_
783,0,健哥，酷💋,216,115,28,117,117,3357,0,_
784,0,云烟成雨,72,157,43,0,0,0,0,_
785,0,火山8582332,21,149,22,10,10,273,0,_
786,0,了吧唧,2067,61,248,40,43,1975,0,_
787,0,村长,0,211,168,0,0,351,0,_
788,0,路人（过路猎人）,23,656,76,0,0,0,0,_
789,0,SS,2,393,15,0,0,0,0,_
790,0,小羊,3,36,25,5,5,1,1,hi～～_
791,0,阿官,242,291,86,21,22,207,1,原创歌者_
792,0,青春无悔,11,23,38,2,2,13564,0,_
793,0,～Stride～,254,1475,745,21,22,3897,1,～根本停不下来……_
794,0,ZHOU~二妹,139,107,99,10,10,11743,0,_
795,0,川💋哥哥,832,2258,559,14,14,3434,1,💝世界自然遗产🌹🌺👉中国重庆武隆🎉💎👉世界的武隆💑🌹欢迎您🌺🎤感谢抖音平台🙏让我们相识👌🙏感谢一直支持和关心我的朋友😊💑爱上抖音💝爱上你💎🙏🙏🙏感谢您们的关注💞🙏🌹🎉谢谢您💝🙏🙏_
796,0,易生生,474,523,121,67,85,0,1,易生生：欢迎加入创服系统，共筑品牌®³梦。🌈万千项目联 创 品234567三大平台共 服 牌345678两方流量入 系 集 全球品牌文化一个创服系 统 散 顶级团队智慧                         地 商业价值合一_
797,0,用户1164333301070,3,225,14,0,2,4968,0,_
798,0,嗷卵犟,318,224,104,18,20,139,0,_
799,0,红装素裹,87,330,32,7,8,456,0,_
800,0,大兵哥,89,369,69,14,14,178,1,诚信是基石，虚情假意坑蒙拐骗请绕行。_
801,0,东,46,302,144,8,15,1270,0,_
802,0,最爱的胖哥哥,119,1253,201,2,2,6919,1,没有什么太多的文化_
803,0,用户1200870230980,0,20,15,0,0,88,0,_
804,0,用户1521759516515,0,122,18,0,0,201,0,_
805,0,分飞燕,0,668,77,0,0,54,1,生活源与真诚！而不失自我！_
806,0,释然&Lance,0,609,59,0,0,201,1,释然放怀  无复蔕芥_
807,0,宋理,0,69,11,0,0,35,0,_
808,0,用户8880133007484,126,328,103,5,5,336,1,能在茫茫的网络中相识也是朋友！朋友多了路好走，你我都是地球的过客，人生只有今生那有来世，朋友好好珍惜吧！过好每一天！_
809,0,用户2673756266766,0,5,0,0,0,8,0,_
810,0,带着快乐和你去旅行,101,723,114,12,12,4937,0,_
811,0,兰雪儿,315,303,54,22,22,13766,1,因为简单，所以快乐！_
812,0,ＮｉＮｉ,421,429,117,34,34,7854,1,不负流年  不负自己_
813,0,果果妹,2134,469,244,89,99,14798,1,没有做不好的事，只有做不好事的人！_
814,0,桃子🍑,259,244,111,0,0,0,0,_
815,0,姢孑,1489,136,75,31,32,731,0,_
816,0,青青子衿,0,286,12,0,0,1192,0,_
817,0,汤圆,162,152,30,22,22,185,0,_
818,0,Wzy,0,567,1,0,0,0,0,_
819,0,刘美女,430,279,64,36,36,238,0,_
820,0,开心果,520,905,448,48,48,2806,0,_
821,0,用户9877353878732,16,242,38,5,5,7935,0,_
822,0,缘份的天空,14,3051,95,12,12,777,1,工作联系：邮箱：miaowenjuna@163.com.                     QQ：514709859._
823,0,魑魅魍魉~~,77,1216,83,6,6,215,1,😎_
824,0,刘召见,307,304,39,38,38,596,1,现在的努力是为了小时候吹下的牛B_
825,0,Jack,0,143,59,0,0,190,0,_
826,0,霜儿,2670,757,354,122,124,151,1,爱情和婚姻不能相提并论_
827,0,有点甜。,165,104,29,62,62,507,1,你不用多好，我喜欢就好，我没有很好，你不嫌弃就好。_
828,0,隔壁老王888,7,128,24,1,1,351,0,_
829,0,农民,0,46,30,0,0,452,0,_
830,0,AAA  dream,464,337,123,29,34,16748,0,_
831,0,Beats,7,509,36,2,2,6,0,_
832,0,加菲爱旅行,278,901,88,52,71,1727,1,行走在路上的旅者_
833,0,"..........,,",0,526,0,0,0,2463,0,_
834,0,c,0,11,2,0,0,18,0,_
835,0,乐乐乐乐,33,66,35,0,0,0,0,_
836,0,旧街巷里的少年、,3,359,50,0,5,702,0,_
837,0,Yangliu,817,67,329,0,32,0,1,遗忘过去 展望未来_
838,0,昵称已重置,103,41,20,17,17,555,0,_
839,0,￥海星520,9,89,64,1,6,10443,0,_
840,0,夜神565,0,77,27,0,0,70,0,_
841,0,用户5826026412779,0,53,1,0,0,2,0,_
842,0,悦悦,781,402,94,32,32,1993,1,余生很长，我们一起加油_
843,0,艾比,48,226,70,4,4,779,0,_
844,0,玲玲璧山九味现捞,214,171,31,15,15,606,0,_
845,0,吃货宇的麻麻～,105,177,33,23,23,201,0,_
846,0,月 初,177,239,62,9,10,427,0,_
847,0,od啟连,486,2550,891,7,9,482,0,_
848,0,用户8398586952816,0,12,1,0,0,9,0,_
849,0,用户9240830090348,0,153,10,0,0,14,0,_
850,0,海宇,0,401,27,0,0,324,1,装修•装饰从业30多年，愿为你提供适合你的—快乐•环保•健康之家。_
851,0,軷耨,0,336,72,0,0,627,0,_
852,0,楼前场后骑马走,0,2416,491,0,0,106,1,大道至简    是非成空。_
853,0,买的dou号,78,887,42,12,12,422,0,_
854,0,皓燃,0,37,3,0,0,48,0,_
855,0,A💫伟,36,583,55,0,0,0,0,_
856,0,281,29,245,27,4,4,10178,0,_
857,0,音仔,0,73,7,0,0,67,0,_
858,0,焕蓝.三小只手里的啵霸奶茶.快去投权利榜,1577,3641,223,62,79,0,1,川川要开心嗨✨本命TFBOYS这✨有时会发18楼和大虞海棠和迷你世界里✨冲200粉，200粉时也会有福利是✨宝贝：王俊凯王源易烊千玺小宁波✨不定期更新，但是一周肯定会更一次霸✨焕蓝社团  fairy魔法学院呀✨欢迎来我的小天地  QQ：2157665851_
859,0,Jim,3,19,3,1,1,934,0,_
860,0,顺哥,0,75,17,0,0,47,0,_
861,0,周哥影像,135,98,41,17,17,223,1,自由职业 爱好影像纪录_
862,0,波先生！,328,449,251,33,33,0,1,寻优质主播合作，我们做新媒体运营！我们有酒有茶有白瓷，高分成！四川美天成传媒诚信相约！_
863,0,自多情空余恨,114,199,106,7,8,0,1,不求辉煌，但求自在_
864,0,冰筱雪,13,255,5,7,7,1177,0,_
865,0,用户5986289991371,0,799,58,0,0,3307,0,_
866,0,LYL158,0,0,0,0,0,0,0,_
867,0,夜猫子,0,39,25,0,0,129,0,_
868,0,我们不一样,49,1646,147,5,5,1906,0,_
869,0,一杯浊酒敬青春,0,1780,43,0,0,1570,0,_
870,0,重山$9俊林,0,23,7,0,0,151,0,_
871,0,刘老表,100,730,230,9,9,13440,0,_
872,0,豁得我青痛,127,259,125,14,14,1054,1,过 随遇而安 的生活_
873,0,霖辰,10,388,22,3,3,309,0,_
874,0,时光荏苒,816,686,280,53,53,0,1,为什么明明相爱，到最后还是要分开_
875,0,娟,4960,4371,2608,52,53,4264,0,_
876,0,珍藏妳的好,106,1641,54,20,26,12577,0,_
877,0,超级宝宝,34,110,29,5,5,840,0,_
878,0,晨曦皓月,43,137,18,6,6,228,1,时光荏苒_
879,0,小楷,297,139,57,20,20,482,0,_
880,0,XSYWEHL,0,37,5,0,0,195,0,_
881,0,翁铁人,99,70,91,2,3,48,0,_
882,0,你的愿望实现了吗,0,171,8,0,0,53,0,_
883,0,陈大翔,0,54,0,0,0,10,0,_
884,0,不会水的魚,20,50,16,3,4,777,0,_
885,0,浩浩,0,36,1,0,0,10,0,_
886,0,生态绿色食品,0,13,0,3,3,5,1,🍀🌱🍀健康从每一餐做起。。。_
887,0,骆驼,0,568,57,0,0,969,0,_
888,0,萝卜藤,17,2266,177,1,1,6,0,_
889,0,是他是他就是他,0,3,0,0,0,1,0,_
890,0,重庆市渝韵艺术团,3997,124,536,14,22,4773,1,🌈川剧世家🌈不定时更新戏剧唱段🌈中国非物质文化遗产传承人🌈戏剧演员&川剧变脸吐火演员🌈渝韵艺术团重庆梨韵文化传播有限公司☎:18182354325(微信同步)_
891,0,寶寶💋亲个,493,45,81,81,82,3532,1,人生的道路都是由心来描绘的，所以，无论自己处于多么严酷的境遇之中，心头都不应为悲观的思想所萦绕_
892,0,李小杰,17,300,78,1,1,14860,0,_
893,0,勇攀高峰,0,43,27,0,0,1486,0,_
894,0,★快乐一拍★,7802,642,652,29,62,30962,1,业余手机视频剪辑爱好者 记录美好生活_
895,0,美食专注,40052,30,3599,18,19,4009,1,用心创造美味，时刻关注健康，做菜我们是认真的！_
896,0,Hail,0,12,16,0,0,0,0,_
897,0,和和睦睦,605,54,238,26,27,626,1,王强_
898,0,碎碎念52334,0,109,25,0,0,2143,0,_
899,0,花香隨風,0,304,66,0,0,669,0,_
900,0,85后的,1,119,4,0,0,0,0,_
901,0,晴轩杰,0,1414,126,0,0,3547,0,_
902,0,库库丿丶,1,284,34,0,4,39779,1,I keep up with the guys。_
903,0,艾奇Tweeg,0,20,6,0,0,8,0,_
904,0,吉祥久久,1605,3228,1406,145,146,1706,1,🌇  Good  Morning人生像是一场马拉松，到了下半场，拼的都是毅力。觉得坚持不下去的时候就告诉自己，再坚持一下，都已经走到这里了，再坚持一下。希望我们都能挺过眼前的挑战，成为更好的自己。💪加油！_
905,0,青山绿水,1172,671,213,105,115,3546,1,坚守梦想信念_
906,0,俊俊,0,750,58,0,0,1666,0,_
907,0,用户5405072801916,0,729,12,0,0,467,0,_
908,0,重庆的友友,75,1660,65,42,42,3412,1,"我就是我不一样的我微信号是zwy13011,手机号码是18628308606。_"
909,0,刘洋,99,78,33,18,18,433,0,_
910,0,搞到手,0,36,1,0,0,459,0,_
911,0,夜,227,270,214,13,15,2316,0,_
912,0,三刀,0,37,4,0,0,1,0,_
913,0,用户450580962909,37,149,28,9,9,2798,1,我是一个脾气不好的女人，惹到我了，你会后悔的！_
914,0,艳阳,0,121,11,0,0,475,0,_
915,0,曾经突然的自我,252,1741,471,11,11,14088,1,垫江县经营新中源陶瓷/宏宇陶瓷_
916,0,空空如也,0,115,9,0,0,91,1,现实才是梦想的初衷_
917,0,敬哥哥,8,21,18,3,3,69,0,_
918,0,重庆肉娃,0,535,62,0,0,1469,1,重庆肉娃，吃肉到重庆_
919,0,晴雨,0,163,43,0,0,105,0,_
920,0,✨四阿哥✨,980,129,121,36,36,0,1,不赌天意，不猜人心；顺其自然，随遇而安！_
921,0,大欢欢,1148,294,105,0,0,0,0,_
922,0,徐《大头》,0,7,2,0,2,18,0,_
923,0,一生所爱,779,346,127,42,44,3262,0,_
924,0,杏林新童,643,2224,369,18,20,2296,1,有时，去治愈；常常，去帮助；总是，去安慰。微信Z583216002电话15803690521_
925,0,刘刘刘刘刘刘,0,251,5,0,0,10354,0,_
926,0,sunny三个晒,1,90,3,0,0,313,0,_
927,0,七友,0,12,2,0,0,69,0,_
928,0,阿白,0,1,0,0,0,1,0,_
929,0,用户716554604570,0,37,2,0,0,373,0,_
930,0,一叶知秋,26,70,21,3,3,2973,1,过了而立之年，才慢慢醒悟！以后多努力，多奋斗_
931,0,洪升门窗,0,11,0,0,0,29,0,_
932,0,幽默恋爱聊天工作室,308,251,80,29,31,0,1,客服微信💑17671729921_
933,0,Danny💬潇🌱,0,114,21,0,0,1004,0,_
934,0,用户1955140089140,0,777,2,0,0,12,0,_
935,0,23：59,1,399,69,0,1,219,0,_
936,0,|▍ 高富帅,32,72,17,7,7,49,0,_
937,0,用户9738474436393,7,7,5,3,3,9,1,非礼勿视，非礼勿听，非礼勿言 。。。。_
938,0,L♥ˋ文╮婷,1198,278,114,114,121,1205,1,我是地地道道得重庆妹仔，谢谢大家的关注➕！_
939,0,秀色可餐,0,4,1,0,0,1,0,_
940,0,用户6997445127659,0,83,7,0,0,9460,0,_
941,0,🇦🇺奶茶不甜,117,805,24,21,21,5692,0,_
942,0,m大妹子,0,50,3,0,0,46,0,_
943,0,抚琴绘长歌,0,105,12,0,0,2673,0,_
944,0,谷小样,15,623,113,1,1,0,1,我需要  最狂的风  和最静的海。。。_
945,0,帅气法海的小公举,119,1012,801,10,15,4071,0,_
946,0,用户265753518854,0,8,0,0,0,0,0,_
947,0,迷你世界ğrıır,6,1010,538,2,2,3967,1,永远必胜♡_
948,0,淡定人生,1126,1514,438,50,51,469,0,_
949,0,–,0,204,23,0,0,7120,1,回来_
950,0,陪伴是最长情的告白`,238,735,179,23,48,11930,1,你我的相遇，就是缘分的开始！希望余生都是你、_
951,0,怪怪,0,1135,36,0,0,0,0,_
952,0,原生态无公害,2,81,13,1,2,3546,0,_
953,0,丹喽³√,0,272,14,0,0,39,0,_
954,0,芭芭拉和,318,256,177100,0,1,1190,0,_
955,0,艳子,350,2341,212,17,17,15851,0,_
956,0,柳玉,4500,3448,1360,113,123,4700,0,_
957,0,贺张江,0,5,4,0,0,8,0,_
958,0,80后两宝妈,34,473,105,3,4,403,0,_
959,0,用户4324639085603,0,69,16,0,0,0,0,_
960,0,别拿无知当个性,2549,547,318,93,95,6318,1,不想做别人的公主，就要努力的做自己的女王！_
961,0,sw,0,119,29,0,0,2875,0,_
962,0,用户8790855527157,196,91,46,15,16,200,0,_
963,0,杨金南,0,39,9,0,0,161,0,_
964,0,。Alex,5,397,49,1,1,10,1,哥的自信与信心，你是学不到的_
965,0,一路春风,0,2,0,0,0,0,0,_
966,0,楼梯小王子,71,191,82,1,1,0,1,幸福生活只需向上一步！楼梯小王子一直伴随你！有关于装修的任何问题都可以咨询！_
967,0,淡,0,84,10,0,0,64,0,_
968,0,到家了津南花园分店,24,62,24,9,11,62,1,我们不生产房源，我们只是房源的搬运工_
969,0,周大人的胖胖,24,1045,13,6,6,1566,0,_
970,0,黑夜的梓,0,80,8,0,2,34,0,_
971,0,仁,2,48,23,0,4,11,0,_
972,0,Magic.花心少女吖（暂退）,364,2491,226,0,0,0,0,_
973,0,娟娟236788019,816,4278,362,81,81,16953,1,我是宝妈，有缘的可以加个好友哈😊_
974,0,卟离不弃,99,162,66,19,19,987,0,_
975,0,花开半夏967,0,74,0,0,0,0,0,_
976,0,用户7045298022134,0,79,4,0,0,254,0,_
977,0,我很强，我知道,0,100,1,0,0,0,0,_
978,0,逆袭的老鹰,445,149,125,17,17,0,0,_
979,0,iyoyo,0,44,2,0,0,11,0,_
980,0,糖糖好甜,2101,1289,130,179,464,80304,1,余生很贵，和让你笑的人在一起_
981,0,TD 小王子จุ๊บ,77,695,172,2,11,3877,0,_
982,0,奔跑的蜗牛🐌,0,214,10,0,0,680,1,努力到感动自己，竭尽全力到无能为力!_
983,0,二路渝,11,31,31,1,1,31,0,_
984,0,信仰,2014,362,274,25,25,4353,1,这一生的温柔要记得留给父母一份_
985,0,周瑞,0,4071,63,0,0,236,0,_
986,0,用户7628422676574,0,24,0,0,0,55,0,_
987,0,颖,0,92,11,0,0,91,0,_
988,0,伟伟,0,321,19,0,0,209,0,_
989,0,用户8212422016786,0,18,3,0,0,287,1,金沙落雁_
990,0,听风的歌,7,135,21,1,1,251,0,_
991,0,输给地球,10,201,9,4,4,15,0,_
992,0,哈哈大笑,0,24,27,0,0,33,0,_
993,0,Fluoxetine,24,2555,112,1,1,26896,1,底线:苏烊，TFBOYS一个满眼失望的女孩_
994,0,宝宝贝贝一起长大,0,143,7,0,0,160,1,努力奋斗！_
995,0,碧月绣花,8,1927,24,1,1,1292,0,_
996,0,浅浅,832,170,68,69,69,516,1,V:z1219143225_
997,0,两个人有余,0,140,45,0,0,1192,0,_
998,0,燕子,460,266,42,86,86,14239,0,_
999,0,小白菜,0,311,36,0,0,17543,0,_
1000,0,大伟哥哥,40,234,25,14,14,315,0,_
1001,0,小刀,15,226,118,8,9,205,1,在我最无助最落魄的时候她还能陪在我身边，我以后出人头地了一辈子都会记得她的好！_
1002,0,清晨的光,45,128,103,3,101,3412,0,_
1003,0,小倩,41,106,65,4,4,300,0,_
1004,0,孤枕难眠,0,16,3,0,0,50,0,_
1005,0,桃子,6,315,6,11,11,33,0,_
1006,0,重庆七哥（小七）,0,6,2,0,0,2,1,重庆崽儿讲的是耿直闯出一片新天地请大家多多关注_
1007,0,用户434339422464,0,115,6,0,0,1015,0,_
1008,0,用户4035110170550,0,36,3,0,0,1625,0,_
1009,0,山城夜猫子,20,44,19,2,2,73,0,_
1010,0,用户2208504907688,0,33,1,0,0,67,1,从头再来！_
1011,0,夜见罗刹,25,149,7,6,6,0,0,_
1012,0,譚石雲,194,58,79,26,28,228,1,活得潇洒，行得坦荡。_
1013,0,喜巴蜀-小康,921,1301,513,12,12,0,1,喜巴蜀火锅串串创始人_
1014,0,田幺小,11,367,35,1,1,226,1,你可能不认识_
1015,0,缠中说禅,0,82,9,0,0,2,0,_
1016,0,时光若止,14,128,59,5,8,299,1,生来便是平凡的命 却染上不愿将就的病_
1017,0,orange   sister,0,33,7,0,0,359,0,_
1018,0,老腊肉,0,1857,335,0,0,582,0,_
1019,0,🌾 Tang👉 @(・●・)@,37,109,38,8,9,514,0,_
1020,0,五彩缤纷,11,32,6,4,4,105,0,_
1021,0,诸葛村夫,6,102,11,4,4,3132,0,_
1022,0,余余,175,310,80,23,23,334,1,余生很长 活得像自己_
1023,0,琳琳,1028,1204,266,68,69,9328,0,_
1024,0,情深似海。,1013,335,81,270,270,764,0,_
1025,0,💋肉多多💋,39872,92,3335,0,0,0,0,_
1026,0,啊啊啊,0,791,11,0,0,72951,0,_
1027,0,bill,0,227,25,0,0,90,0,_
1028,0,忘记了,0,107,3,0,0,96,0,_
1029,0,Megatron,0,30,36,0,0,2012,1,勇往直前。_
1030,0,fSQ,8,966,7,1,1,1202,0,_
1031,0,厌恶恋爱,25,78,22,12,13,164,0,_
1032,0,雨雨,0,120,1,0,0,946,0,_
1033,0,艾莎,0,69,19,0,0,19,0,_
1034,0,jun,0,157,19,1,1,135,0,_
1035,0,苏紫悦,403,369,46,213,213,568,0,_
1036,0,L。,34,159,26,8,8,1115,0,_
1037,0,你到底是谁,0,66,13,0,0,46,0,_
1038,0,张剑锋,0,1025,22,0,0,0,1,滚滚长江东逝水，浪花淘尽英雄。是非成败转头空。青山依旧在，几度夕阳红。_
1039,0,已重置,24,38,22,1,1,143,0,_
1040,0,小公主,153,188,28,22,22,291,1,我们家的宝贝快5岁了_
1041,0,伟志莲心菲,0,404,71,0,0,0,1,无奋斗.不青春_
1042,0,女人，要善待自己,44,418,17,9,9,211,0,_
1043,0,用户2500646217849,0,23,5,0,0,64,1,果园自产自销，，，，柑子_
1044,0,80后老腊肉,49,103,6,0,0,0,0,_
1045,0,💥怒💥,0,5001,128,0,0,201,0,_
1046,0,dyu9fpgnukts,19,228,11,0,0,0,0,_
1047,0,小心情,0,54,6,0,0,67,0,_
1048,0,🏀篮球过了火,415,703,113,0,0,0,0,_
1049,0,回忆，。，,37,37,6,3,3,164,0,_
1050,0,開元,0,4977,91,0,0,0,0,_
1051,0,没有脚的鸟,21,57,12,4,4,27,0,_
1052,0,盲盒小姐,112,339,39,21,21,2613,0,_
1053,0,325Li,5,35,1,2,2,221,0,_
1054,0,假如我不在了你会不会想起我？,333,242,78,65,66,208,1,感谢大家的关注_
1055,0,ゝ808 bass,0,3112,106,0,0,0,0,_
1056,0,孤少,0,32,14,0,0,67,0,_
1057,0,用户7434156729378,0,10,4,0,0,28,0,_
1058,0,蜀山哥哥,2,216,25,1,1,38,1,青岛不倒我不倒纯生不熟我不服雪花不飘我不飘😜_
1059,0,云天联盟,145633,35,10015,12,13,0,1,演员介绍:   导    演——唐老鸭                    女演员——张星星                    男演员——左眼镜_
1060,0,往事埋风中,30,70,26,2,2,124,0,_
1061,0,叁横壹竖,735,481,254,32,41,4096,1,严律于己   宽以待人_
1062,0,蒋小梦,0,18,2,0,0,105,0,_
1063,0,百無禁忌ほし,114,764,43,21,21,395,1,回不去的是从前，看不透的是未来_
1064,0,用户9714774589395,0,1,0,0,0,2,0,_
1065,0,用户8514211164104,0,14,1,0,0,18,0,_
1066,0,user8887100584327,0,234,15,0,0,7092,0,_
1067,0,怎么玩呢,0,6,0,0,0,3,0,_
1068,0,浅笑痕,153,45,42,8,8,13,1,自在的活着_
1069,0,用户9927745687532,0,584,6,0,0,89,0,_
1070,0,🅾️neDay💋,152,241,77,13,13,137,0,_
1071,0,月月,318,379,50,83,134,4334,1,喜欢吃水果的朋友们有需要可以找我额！都是现摘现发，新鲜又可口，没有任何添加剂防腐剂，生活用品有额😜😜😜😜_
1072,0,用户4917971018582,47,172,8,30,30,314,0,_
1073,0,彬彬侑妳,73,47,30,6,6,61,1,顺其自然，一切随缘_
1074,0,CoCo娜,1077,863,224,33,38,9909,1,乖乖_
1075,0,西域fw情人,208,166,82,0,0,0,0,_
1076,0,用户8888321035453,0,17,1,0,0,74,0,_
1077,0,一个有温度的贰手车手艺人,2484,434,385,64,72,0,1,不忘初心方得始终_
1078,0,佐脸,9991,2981,3348,40,40,0,0,_
1079,0,飞,16,52,17,3,3,69,0,_
1080,0,别理我,0,36,39,0,0,4075,0,_
1081,0,猪🐷不是小笨蛋,0,131,1,0,0,7,0,_
1082,0,小鱼儿,58,169,14,22,22,35,0,_
1083,0,日白区黑娃儿,90,745,98,25,25,1570,1,来抖音裹个婆娘_
1084,0,老友,897,136,222,53,53,898,1,既然选择远方 那就风雨兼程！_
1085,0,🌚Minecraft🌝   撒斯给给,156,98,53,12,12,36518,0,_
1086,0,๓°童童এ⁵²º᭄,142,174,65,21,21,41,0,_
1087,0,兜兜🐶🐶,176,31,18,31,50,1464,1,别人对我如何是我的因果_
1088,0,鱼鱼,0,94,28,0,0,56,0,_
1089,0,沙粒,195,76,23,29,29,298,0,_
1090,0,渝A,50,211,34,7,7,6392,0,_
1091,0,爱你已晚年,15,193,61,0,0,0,0,_
1092,0,人狠I话不多,0,97,9,0,1,429,0,_
1093,0,龙龙久,30,192,46,3,3,261,0,_
1094,0,VAN,0,96,2,0,0,110,1,我_
1095,0,啊啊啊,0,9,2,0,18,26,0,_
1096,0,用户1409268143989,0,29,1,0,0,63,0,_
1097,0,梦回旧景_140146082,2,16,11,1,2,0,0,_
1098,0,小杜,0,17,0,0,0,56,0,_
1099,0,余洪忠,19,207,38,1,1,444,0,_
1100,0,手机用户84067352374,194,466,119,21,21,520,0,_
1101,0,浩哥,14,197,30,7,7,333,0,_
1102,0,名人    黄精基地,2698,599,408,67,72,3814,1,容易受伤的人_
1103,0,张总来了大家给个关注，谢大家给我点关注,192,228,48,45,46,3881,1,希望把段子拍的更好我希望成为一个专访家_
1104,0,Juju,0,214,0,0,0,0,0,_
1105,0,重庆崽儿,40,27,11,6,6,616,0,_
1106,0,anthliu,0,14,3,0,0,2,0,_
1107,0,海盗在磨刀,63,506,43,7,7,13384,0,_
1108,0,Duncan,0,113,1,11,11,243,0,_
1109,0,丑八怪,0,12,0,0,0,32,1,做任何事都非常执作，对自己喜欢的女人也同样的专一，直到永远都不会改变。_
1110,0,这个不是我的,81,57,44,0,0,0,0,_
1111,0,浪够了再回來,6,41,9,2,3,13128,1,从今天起 做一個簡單而幸福的人 不沉溺幻想 不庸人自擾 不沉迷過去 不畏惧將來 如此 安好_
1112,0,重庆商业地产小刘,132,93,32,61,63,77,1,重庆专业1手门面   如果需要商业可以咨询我！13883383346 微信同号_
1113,0,刘豆森,0,4013,88,0,0,45191,0,_
1114,0,悲伤逆流成河,0,82,15,0,0,696,1,在男女感情的世界里，男人的誓言，女人的谎言，都是一把无形的剑，总在你毫无防备的时候，给你致命的温柔一刀。_
1115,0,Frank,28,129,2,0,0,0,0,_
1116,0,忆苦思甜,0,4274,36,0,0,49529,0,_
1117,0,轩辕日白,5,416,189,1,2,0,1,只要我是个废物，就没有人可以利用我_
1118,0,好大的鱼,0,197,35,0,0,12129,0,_
1119,0,人间社畜小赞兔_,86411,129,1398,99,142,3607,1,热爱可抵岁月漫长._
1120,0,Lester Huang,490,550,82,48,131,13610,0,_
1121,0,_2181488,4,258,21,1,1,609,0,_
1122,0,信仰,45,140,59,4,5,23,1,什么样的人生才配得上这一路的颠沛流离_
1123,0,关注平安就是关注健康,739,4543,1521,33,33,1649,1,VX15202156202_
1124,0,冬日奶球,35,3031,68,2,2,6259,0,_
1125,0,人生,1,52,7,1,1,77,0,_
1126,0,戒&空,83,178,38,16,17,508,1,要想人前富贵，必须人后受罪。_
1127,0,沧海,0,414,23,0,0,609,0,_
1128,0,安怡宝贝,197,130,44,17,18,758,1,爱自己所爱，想自己所想！_
1129,0,小浩然,3,4540,774,0,4,3626,1,我的店铺每天都上新，我卖得有女装、男装，有喜欢的我们可以私聊一下，每天都会给你们上新，有喜欢的我们可以谈合作，来👆👆👆👇👇👇_
1130,0,kai,0,21,5,0,0,299,0,_
1131,0,Chengchengmami,11,179,53,2,2,0,0,_
1132,0,安静平凡少年心,0,51,5,0,0,181,0,_
1133,0,小乖乖,0,13,7,0,0,48,1,有你我知足了_
1134,0,yy,0,85,1,0,0,1160,0,_
1135,0,时光还在，你还在！,0,1,0,0,0,0,0,_
1136,0,曾家—张姐,96,307,54,27,27,879,1,曾家镇租房热线15213255777-18225045519临时房30-50/天_
1137,0,赞哥,1,130,13,1,1,0,0,_
1138,0,死水微澜,0,130,5,0,0,244,1,生活在第四维空间的我们，开启不一样的人生。_
1139,0,用户5550996757533,7,70,11,1,1,7,0,_
1140,0,霖静,326,649,147,32,45,12901,1,从前车马很慢，一生只够爱一个人！_
1141,0,穿越人海,5,68,3,2,2,21,0,_
1142,0,用户7551579971761,0,31,8,0,0,13,0,_
1143,0,cloris tan,2995,1047,157,232,234,3583,1,人生如茶_
1144,0,用户4182087070251,17,65,31,4,4,293,0,_
1145,0,我是一个无情的大喷子,0,3574,291,0,0,0,0,_
1146,0,用户8461455754339,12,109,10,5,5,6865,0,_
1147,0,看过的,3,27,2,4,6,55,0,_
1148,0,刘楠,327,667,90,65,66,903,1,刘楠_
1149,0,黑暗深林的骑士,0,50,4,0,0,124,0,_
1150,0,飞扬,40,33,18,5,6,261,0,_
1151,0,与你同行,13,989,63,1,1,2008,1,你只管努力，剩下的交给天意。_
1152,0,Torres 🐠,0,393,13,0,0,0,0,_
1153,0,陈大爷,6122,4801,2111,161,207,8965,1,一个人，一个wif. 一个手机_
1154,0,星星妹,196,603,32,37,37,3608,0,_
1155,0,胡汤圆,3970,58,629,0,0,0,0,_
1156,0,修罗_225399876,33,1047,57,2,2,1215,0,_
1157,0,三阳,0,171,64,0,0,32,0,_
1158,0,chen,81,1138,20,16,21,2588,1,记录生活的美_
1159,0,涌有未来,0,101,10,0,0,0,0,_
1160,0,随心,32,283,11,0,0,0,0,_
1161,0,独守空城待佳人,228,139,34,32,33,4046,1,我觉得你真的不是个合格的朋友，你还是改行做我老婆吧_
1162,0,BO波,0,66,42,0,0,249,1,夜夜难敖夜夜敖，事事难忍事事忍，关关难过关关过。🇨🇳🇨🇳🇨🇳加油_
1163,0,友,0,60,4,0,0,95,0,_
1164,0,L,427,1988,85,57,64,4414,0,_
1165,0,为爱改变,19,49,18,2,2,44,1,生活太苦   爱情太累    以后太迷茫_
1166,0,欢天玺弟,686,2798,596,75,75,43,1,我陪你长大，你陪我变老！_
1167,0,malaohu,0,86,5,0,0,1217,0,_
1168,0,笋行者,29,78,15,4,4,123,1,修行路上，劫难皆为福报沉淀！笑看世事、心存善念、脚踏实地、顺天而为待竹笋破土之时厚积薄发，仍能谈笑风生！_
1169,0,新奥尔良烤鸡毛,30,514,65,4,4,1294,0,_
1170,0,evol亮,0,14,2,0,0,80,0,_
1171,0,vv　独一先生°,184,591,201,11,11,1731,0,_
1172,0,用户4117458231590,0,5,0,0,0,6,0,_
1173,0,永川区熙妍美容美发,40445,322,10959,26,26,0,0,_
1174,0,小熊妈咪,19,158,25,3,3,518,0,_
1175,0,知心大叔,252,3746,492,38,39,31053,0,_
1176,0,娘家土碗菜,6529,307,546,42,43,2866,1,你若安好便是晴天_
1177,0,🌷欣怡🌷,2497,67,78,89,89,1848,1,记录一下宝宝成长记👧💋_
1178,0,用户823002294857,0,418,4,0,0,818,0,_
1179,0,面罩哥,34,101,64,2,2,615,0,_
1180,0,柏滟,1656,245,127,12,16,1775,0,_
1181,0,why ?淋雨又何妨？,754,852,110,133,138,21043,1,努力改变自己☆_
1182,0,顺其自然,0,164,13,0,0,0,0,_
1183,0,猫咪的梦想,39,849,74,3,3,457,0,_
1184,0,飞儿,0,186,8,0,0,606,0,_
1185,0,阿宝,375,293,123,15,96,58795,1,错乱的城市到处都是迷路的人。_
1186,0,1541593208,12,92,2,4,4,355,0,_
1187,0,承蒙时光不弃,18,70,17,10,11,6166,1,青青子衿，悠悠我心。_
1188,0,9627,1,235,41,0,0,4873,1,莫待花败盼花期_
1189,0,ღ᭄执念้ꦿ᭄࿐,190,140,54,19,26,356,1,有没有那么一刻，你心疼过我的执着。_
1190,0,火米子干饭1,84,3040,168,5,5,753,0,_
1191,0,Lucky🌴,83,58,20,1,1,4742,1,爱是积累不爱也是_
1192,0,陈,0,243,46,0,0,10643,0,_
1193,0,辉哥,0,802,7,0,0,125,0,_
1194,0,LS七月,5,656,3,0,0,0,0,_
1195,0,安安他爸,23,141,15,6,6,237,1,爱篮球，爱跑步，爱生活_
1196,0,人在江湖,0,3792,128,0,0,5327,1,随缘_
1197,0,爱寒果,318,1728,75,13,276,4832,1,珍惜……_
1198,0,佳佳,18,333,101,3,3,172,0,_
1199,0,重庆曹疯子老火锅忠县店,1065,2774,974,22,22,3518,0,_
1200,0,自游,245,717,21,74,74,2240,0,_
1201,0,妮子,0,36,26,0,0,0,0,_
1202,0,用户7597976715806,0,80,4,0,0,0,0,_
1203,0,嘟嘟妈妈,252309,595,9100,485,486,21346,1,金毛嘟嘟  2岁  活波 帅气_
1204,0,手机用户63961986040,15,55,25,1,1,2093,0,_
1205,0,人心、,0,85,38,0,0,5097,1,..._
1206,0,快乐一生,1415,533,205,61,61,761,0,_
1207,0,用户7180201326361,977,162,47,208,209,947,0,_
1208,0,Amoy,0,222,23,0,0,318,1,自己跌倒自己爬_
1209,0,半天云,7,434,80,1,1,294,0,_
1210,0,维,209,173,59,14,14,372,0,_
1211,0,😎ི😎ི,40,639,75,7,7,72,0,_
1212,0,会飞的石头,5,183,9,0,0,0,0,_
1213,0,@小姨夫,65,865,186,2,2,2100,0,_
1214,0,人傍凄凉立暮秋,1241,280,287,0,0,0,0,_
1215,0,不再见🎸,0,4901,437,0,0,1756,0,_
1216,0,云岫有点想凯凯,102,775,39,12,14,8671,1,时代峰峻高级玩家一代凯唯，凯唯，凯唯看清哦自行避雷二代团，cp大乱炖🉑️三代张极_
1217,0,T¥N¥Y¥G,212,151,79,77,77,1005,0,_
1218,0,李千金土货铺,45679,4989,1761,161,198,31597,1,彪悍的人生，不需要解释_
1219,0,辉哥哥,31,120,112,4,6,0,1,123521345613896635530_
1220,0,肖姑凉,9,63,12,3,3,238,1,开心就好_
1221,0,双😺,0,154,3,0,0,705,0,_
1222,0,潇洒哥,0,131,34,0,1,52,1,我一般别人都坑不了我，一般都是我坑別个_
1223,0,用户546181764557,0,591,25,0,0,13,0,_
1224,0,帅猪儿,0,31,2,0,0,1001,1,闲来无事刷着玩_
1225,0,Metoo.,39991,301,2406,5,6,2757,1,谢谢你的关注_
1226,0,cat 44,4,22,26,0,23,107,0,_
1227,0,@龙兴宇,283,4515,43,19,19,1685,1,猪八戒🐷_
1228,0,用户4310517414049,0,110,13,0,0,1,0,_
1229,0,小爱同学,126,736,86,7,22,4664,1,喜欢美食，旅游，喜欢美女！_
1230,0,半世倾城い只为一人醉°,30,952,34,14,14,346,0,_
1231,0,流云,183,334,63,8,8,27250,0,_
1232,0,朱儿,6,17,5,1,1,50,0,_
1233,0,用户405477259625,0,47,0,0,0,0,0,_
1234,0,👣冷sē系里の⒈抹暖sē调,2,120,5,1,1,15,0,_
1235,0,东哥,138,714,74,13,13,1843,0,_
1236,0,关于我们的故事,13,81,22,2,6,450,1,人生太多东西需要学习了_
1237,0,花.源,22,243,19,3,4,0,1,生.活_
1238,0,燕燕,56,98,40,4,4,81,1,．懂我的人，不必解释。不懂我的人，何必解释。_
1239,0,宏,11,26,19,1,1,53,0,_
1240,0,一家三口🍀四季三餐🌄,834,83,122,154,194,18529,1,"时间为你留下了对你最好的人,学会珍惜和感恩 ！_"
1241,0,用户1051919128844,0,34,2,0,0,20,0,_
1242,0,小董,332,297,102,40,40,747,0,_
1243,0,岁月,307,220,45,22,22,2062,0,_
1244,0,TYX,0,70,88,0,0,110,0,_
1245,0,甜甜,123,104,30,13,13,5221,0,_
1246,0,小伙可爱一生所爱,8,3527,23,0,0,0,0,_
1247,0,勒是重庆,5,108,26,1,1,257,1,来重庆撒，带你吃喝玩乐！_
1248,0,曾经我们都是少年,160,107,24,6,8,0,0,_
1249,0,小郭,57,683,140,9,9,1406,0,_
1250,0,源宝,1772,1457,204,0,0,0,0,_
1251,0,Tg爱你没有余地,930,242,438,61,62,3053,1,TUGUI等你那么久你还好吗 亲爱的17361210888_
1252,0,Mr. Lone,1,29,0,4,4,40,0,_
1253,0,一生无悔,180,212,75,9,9,124,0,_
1254,0,明,23,401,29,6,8,2253,0,_
1255,0,用户4325684149201,0,80,0,0,0,414,0,_
1256,0,为二十环而战,24,142,24,22,22,17,0,_
1257,0,右脚下的蝴蝶,955,413,135,18,19,2057,1,爱过方知情深，醉过方知酒浓。很多人学会珍惜，是从失去开始的_
1258,0,江枫渔火OO,0,32,3,0,0,0,1,枫叶红了，还是那个夜，那条河，还有那个渔夫……_
1259,0,✘本菇娘、卜缺伱✘,177,192,62,19,20,3059,0,_
1260,0,嗨，你好。,0,198,5,0,0,1946,0,_
1261,0,用户6722861743949,0,11,1,0,0,102,0,_
1262,0,朱显祈,0,73,14,0,0,6,1,我是广东的。已交足30年公粮，现在享受。170元退休金，生活得很幸福。_
1263,0,真与假,125,4437,473,5,5,5576,0,_
1264,0,总有些人想害朕,48,466,70,12,15,844,0,_
1265,0,喝喝酒,6,21,1,2,2,4,0,_
1266,0,龙头寺彭于晏,53,2502,63,9,35,144,0,_
1267,0,执拗是场凉薄病@_@,704,268,58,47,48,16897,1,谁也不是谁的谁_
1268,0,谢林,11,13,81,1,1,35,0,_
1269,0,玖溪小姐姐,476,215,60,27,34,882,1,等一场风来_
1270,0,扯,2,46,18,1,1,367,0,_
1271,0,小人物,1,64,21,1,2,256,0,_
1272,0,用户7071979003614,24,304,23,3,3,163,0,_
1273,0,微笑过后—-,124,1368,112,8,33,938,0,_
1274,0,天涯,206,47,30,15,15,1076,1,天涯_
1275,0,四面山,16,96,22,2,2,1162,1,来大家玩_
1276,0,春歌,1600,307,66,336,337,2418,0,_
1277,0,今晚打🐯💋,249,149,54,45,45,397,1,视频制作中，敬请等待....._
1278,0,合川小伙,0,15,0,0,0,18,0,_
1279,0,执着用户7317704846678,244,162,67,17,17,611,1,不要期待，不要假想，不要强求，顺其自然，心安，便是活着的最美好状态_
1280,0,邓儿,167,1402,132,17,17,5173,0,_
1281,0,用户8189908067995,0,74,4,0,0,7,0,_
1282,0,ʚ慢冷ɞ,0,97,13,0,0,36,1,C'est la vie～_
1283,0,伟大的燕子,822,234,314,34,36,8482,1,懂得珍惜_
1284,0,我不愿让你一个人,0,204,22,0,0,69,0,_
1285,0,好聚好散,0,200,9,0,0,0,0,_
1286,0,东东哥哥,307,567,278,0,0,0,0,_
1287,0,展艺书画会长岑佳峰，中国著名特色画家,498,3713,1022,31,31,1382,1,广东省美术家协会会员，广州市美术家协会会员，_
1288,0,○Rou●,0,41,32,0,0,61,0,_
1289,0,瑞,0,82,35,0,0,19,0,_
1290,0,最后一滴泪,3,35,0,16,16,541,0,_
1291,0,萧哥,11,138,15,3,3,227,1,自强不息_
1292,0,用户4169958175808,0,59,1,0,0,0,0,_
1293,0,追梦赤子心_259200696,0,328,48,0,0,2035,1,健康第一_
1294,0,用户264380,139,508,89,9,9,3409,0,_
1295,0,来风之一,668,1944,98,219,219,3988,1,这是鲸鱼留给大海最后的温柔_
1296,0,Kistin,987,181,281,25,25,1085,1,给一点时间，让过去的过去，让开始的开始！_
1297,0,天空海阔,39,20,67,0,0,0,0,_
1298,0,回首，已陌然,0,32,3,0,0,0,0,_
1299,0,徐健,24,1522,385,1,2,395,1,你能承受多大的委屈。以后就有多大的格局。_
1300,0,燕子,176,41,28,0,0,0,0,_
1301,0,用户8859358786058,0,1326,49,0,0,364,0,_
1302,0,心如止水sss,614,218,139,10,17,903,1,懂得珍惜才配拥有_
1303,0,黑妹儿,137,1415,58,37,41,2285,0,_
1304,0,梦颖,147,637,81,14,14,5778,0,_
1305,0,春季,0,75,2,0,0,53,0,_
1306,0,泛泛之辈,0,78,11,0,0,5,0,_
1307,0,南岸君,7374,56,82,7,9,343,0,_
1308,0,依梦,61,30,29,16,16,18339,0,_
1309,0,꧁心若꧂,17585,725,393,243,243,4400,1,人生若只如初见！_
1310,0,TNT吻文,0,46,130,0,0,26693,1,哈哈哈哈哈_
1311,0,门柜安装鲁师傅,0,1362,17,0,0,975,0,_
1312,0,玲妹妹,0,296,5,0,0,0,0,_
1313,0,安安,698,29,49,11,11,126,0,_
1314,0,用户3387731567530,0,2195,27,0,2,23539,1,曲婉婷的song_
1315,0,秋天,0,246,1,0,0,348,0,_
1316,0,倔,0,346,12,0,0,4385,0,_
1317,0,拼搏男儿,1043,362,110,14,15,528,1,助农，你我同行！谢谢各位爱心人士的支持！_
1318,0,我是安小妹,413,206,134,42,42,651,0,_
1319,0,重庆姑娘在东北！💋💋💋,3868,124,248,214,216,3240,1,三生只为遇见你，往后余生都有你！🌹🌹🌹🌹🌹_
1320,0,💋回忆再好🌹都是回忆📿,1315,215,90,167,170,755,0,_
1321,0,🥑＊萌萌~小仙女ฅ🐾,36,906,90,3,3,32,1,喜欢粉色，就像迷恋夏天旳风_
1322,0,(Love  yourself),195,422,24,46,46,154,0,_
1323,0,哥老官,0,70,31,0,0,452,0,_
1324,0,阿淼淼,5,841,71,9,9,1850,1,Derrick_
1325,0,王小二,52,63,16,12,12,406,0,_
1326,0,ff,30,56,14,4,5,2165,0,_
1327,0,文啊🌹,2,26,12,0,0,0,0,_
1328,0,高冷如我,0,59,0,1,1,24,0,_
1329,0,o,0,217,0,0,0,0,0,_
1330,0,付启文,0,44,24,0,0,323,1,重庆_
1331,0,大yd,0,109,12,0,0,316,0,_
1332,0,江湖论酒,9,46,20,3,3,18,0,_
1333,0,用户7703486262481,0,701,7,0,0,49,0,_
1334,0,小不点(˶˚  ᗨ ˚˶),86,17,42,6,8,0,1,锦上添花我不要，雪中送碳你做不到_
1335,0,小白快跑,0,1098,41,0,0,6366,0,_
1336,0,Vision丶Team,45,138,57,0,0,0,0,_
1337,0,血魂米,0,80,18,0,0,111,1,上善若水_
1338,0,自古江东多骚年,0,194,4,0,0,20,0,_
1339,0,💗琪琪宝,204,329,69,30,30,2949,1,。。。_
1340,0,花漾,5,974,0,0,0,0,0,_
1341,0,大乐,106,187,49,20,22,90,0,_
1342,0,梦已逝，莫相思,23,131,25,8,12,724,1,我这个人就这样_
1343,0,dave,0,90,16,0,0,54,0,_
1344,0,梦,79,77,11,17,17,1070,0,_
1345,0,笑容常在,38,54,13,6,6,103,0,_
1346,0,周悦,144,170,94,18,19,464,1,确认过眼神，你遇上对的人_
1347,0,yqs888,0,38,0,0,0,0,0,_
1348,0,对李何止一句钟意,207,270,164,0,0,0,0,_
1349,0,〖玖昊仓〗TEA,51,1008,142,29,30,10,1,【玖昊仓】TEA：重庆老同志昊展体验馆_
1350,0,亮点房产，小韩,337,503,92,37,49,0,1,先做人后做事！_
1351,0,已重置,319,280,26,94,94,2714,1,让你更美丽，是我的荣幸。_
1352,0,明天会更好,20,291,13,3,3,2557,0,_
1353,0,月半,1673,655,141,94,95,0,1,不看！_
1354,0,怼～怼,473,424,44,105,105,1182,1,我_
1355,0,一灯,0,83,0,0,0,166,0,_
1356,0,然姐✨涵妹✨,662,447,101,66,66,7744,1,你关注我，我就关注你，萌萌哒❤️❤️_
1357,0,娟姐,19,146,31,2,2,2876,0,_
1358,0,Amiya,676,271,157,38,38,755,1,1+1=4分享一家四口的日常点滴生活_
1359,0,0456,1718,659,220,60,62,9855,0,_
1360,0,🎀LA徐小娇💋,253,1139,171,8,8,6199,1,后来才发现、爱到习惯才会长久🍀🍀_
1361,0,一见倾心,264,90,37,41,41,1428,0,_
1362,0,Mei变身!,153,434,111,14,14,2395,0,_
1363,0,yyxx,15,950,20,2,2,8777,0,_
1364,0,爱吹笛子的公元小蝶,105,326,86,10,10,98,0,_
1365,0,江南皮革厂厂长,10,215,40,2,2,593,0,_
1366,0,饕餮少女🌻,266,73,49,10,10,503,0,_
1367,0,大象,60,1334,87,14,15,1375,1,新店开业净水器、空调、地暖、新风系统_
1368,0,沉默,4063,721,480,113,262,12061,1,“半生寻找前世之旅，半生疼爱今生的你。”半生寻找入口，半生寻找出口。_
1369,0,超级潮妈,86,3708,51,9,9,18241,0,_
1370,0,RAN,266,1464,28,8,694,4065,0,_
1371,0,玫瑰花🌹,502,802,222,53,54,3404,0,_
1372,0,手机用户92934180396,0,35,19,0,0,1,0,_
1373,0,rainhoo,184,156,67,20,20,218,1,重庆老胡渔具_
1374,0,不再显示,71,302,24,6,6,11375,1,愿得一人心！白首不相离_
1375,0,霞妹儿,81,196,50,3,6,1828,0,_
1376,0,为心无愧,8,32,4,4,8,356,0,_
1377,0,Re_Live,0,72,15,0,0,266,0,_
1378,0,云淡风轻,175,1267,154,23,24,1310,1,巧做千人食－一一调合百味香_
1379,0,月儿,0,180,7,0,0,3512,0,_
1380,0,风雨清清，健康相伴,0,169,32,0,0,179,0,_
1381,0,英子,0,583,30,0,0,1677,0,_
1382,0,幸福😁,77,47,25,15,15,533,0,_
1383,0,@木木,82,124,18,30,31,609,0,_
1384,0,Kevin.y,16,214,44,1,2,147,1,色彩.空间.生活美学_
1385,0,用户8161751759188,0,417,15,0,0,0,0,_
1386,0,✨F,2590,332,196,150,163,15898,1,失去才会回想曾经的点点滴滴_
1387,0,手机用户64869885211,0,50,10,0,0,88,0,_
1388,0,家有三宝,576,1475,855,0,0,0,0,_
1389,0,用户7600574951526,0,25,6,0,0,25,0,_
1390,0,已重置,41,3060,204,2,2,71127,0,_
1391,0,手机用户68990805267,0,100,5,0,0,22,0,_
1392,0,小简,57,361,21,8,12,1171,1,心跳呼吸正常_
1393,0,YU Ki,159,412,72,20,20,0,1,一生只做一件事把人生的路走好🌱WeChat:18381100737_
1394,0,苏曼,125,107,38,15,16,1604,1,人生一辈子吃好三碗面_
1395,0,晴空万里,129,2396,135,13,14,4404,1,往后余生我们一起去看晴空万里_
1396,0,珂珂,228,148,39,0,0,0,0,_
1397,0,口天吴,421,172,180,20,20,0,1,人间不值得_
1398,0,郑宇,0,17,4,0,0,80,0,_
1399,0,星哥哥。,0,135,13,0,0,44,0,_
1400,0,陈小米,0,1199,13,0,0,32628,0,_
1401,0,到家了小柒,0,20,5,0,0,33,0,_
1402,0,用户2433022864692,5,22,1,4,4,30,0,_
1403,0,冉某某,133,399,32,26,26,509,0,_
1404,0,歌手菲琳,6803,207,488,24,24,275,1,音乐给了我一双腾飞的翅膀，载着我的梦想去看世界！_
1405,0,有点东西,0,69,1,0,0,830,0,_
1406,0,大白兔,228,894,120,28,28,4211,1,间歇性踌躇满志，持续性混吃等死_
1407,0,春哥哥☜,18,6,23,3,3,0,0,_
1408,0,彼岸花,25,622,22,5,5,2109,0,_
1409,0,海总,0,4998,105,0,0,4302,0,_
1410,0,运动男孩,399,306,125,50,85,2436,1,做自己人生的No.1_
1411,0,胡敏,1014,30,202,29,31,549,1,若爱就别分开_
1412,0,Sophia,0,25,6,0,0,7,0,_
1413,0,淡紫色,62,339,40,20,25,150,0,_
1414,0,用户8410655114070,0,15,1,0,1,22,0,_
1415,0,雪儿,513,172,81,62,63,4773,1,自由职业_
1416,0,雨路,1284,1084,191,45,184,19246,1,"你若盛开,蝴蝶自来;你若精彩,天自安排_"
1417,0,💗张小小,4011,69,373,157,159,80,1,。_
1418,0,船长。,0,42,6,0,0,218,0,_
1419,0,bailin5588,0,33,8,0,0,61,0,_
