0,0,用户659929193663,0,221,25,0,0,1909,0,_
1,0,谎言°,0,43,0,0,0,16,0,_
2,0,小盆友,20,1568,20,2,2,5549,0,_
3,0,西,0,100,0,0,0,50,0,_
4,0,糖果精灵,7,113,7,1,1,240,0,_
5,0,桃芷,0,65,6,0,0,245,0,_
6,0,熙嘻,0,813,5,0,0,0,0,_
7,0,仮面ライダー,169,4343,59,56,56,0,0,_
8,0,王鹤棣的女朋友💕,2521,48,259,19,19,16946,1,王鹤棣喜欢他的都赞都关注谢谢_
9,0,孟堂堂呀（一个平平无奇的小pw）,39001,81,2808,23,25,11934,1,德云社_
10,0,其实.,0,232,10,0,0,13843,1,Fun_
11,0,林执,28,537,18,3,10,71823,1,绝不放松，与众不同_
12,0,承承的小粉丝,0,199,5,0,0,170,0,_
13,0,祝何糯糯小朋友生日快乐！,0,56,4,0,0,5177,0,_
14,0,陈彤彤💫,1,87,8,0,0,0,0,_
15,0,葵橘🍊,27,82,46,2,2,13485,1,🧀🧀🧀_
16,0,冷女王,0,10,0,0,0,0,0,_
17,0,小六六🍦🍮🍭,565,456,70,104,105,391,0,_
18,0,北笙,0,7,0,0,0,3,0,_
19,0,拜拜,0,17,35,0,0,0,1,拜拜_
20,0,雨琦姐姐,0,127,3,0,0,0,0,_
21,0,浅夏🎉✨(生日6:22),879,1076,298,35,36,1505,1,💜-干干净净-💙-与世无争-💚-这里是浅夏吖-💛-应暖色:粉色-🧡-交朋友吗-❣️-闺蜜:夕颜💓合作伙伴:1113300976(我不在的时候找他)_
22,0,张有龙1283,4,26,5,7,7,69,0,_
23,0,用户9405219235040,3,13,11,2,2,62,0,_
24,0,一小只李憨憨,13,82,3,6,6,2206,0,_
25,0,酥糖,0,1245,35,0,0,2682,0,_
26,0,薰衣草之夏,0,357,7,0,0,0,0,_
27,0,一个字，帅,100,159,21,12,12,25170,0,_
28,0,偏执i,0,687,25,0,0,0,0,_
29,0,梅溪湖间一嫩的,0,89,0,0,0,233,0,_
30,0,用户540189665136,0,16,0,0,0,6,0,_
31,0,贝诗语,78,186,45,3,3,1932,0,_
32,0,你的小可爱哟,177,2492,30,90,91,6669,0,_
33,0,Z ～,352,531,37,0,0,29099,0,_
34,0,你的布丁糖呀~~~,15,291,10,4,4,6619,0,_
35,0,水蜜桃🐶🐱🐱,1,290,2,1,1,2779,1,你爱大海，我爱过你_
36,0,Haha ZzYuan(已黑化）,764,863,233,1,1,27743,1,04wb:腿粗就要穿棉裤_
37,0,用户739896,0,20,7,0,0,0,0,_
38,0,🍇酸甜的葡萄🍇❕,524,48,51,67,67,201,1,谢谢大家的关注➕小红心♥️_
39,0,瑶瑶,0,680,38,0,2,3194,0,_
40,0,亮哥,26,211,33,4,4,125,0,_
41,0,用户7190631002713,0,6,0,0,0,42,0,_
42,0,爱而不得,0,406,12,0,0,0,0,_
43,0,...,191,1291,54,0,0,0,0,_
44,0,等等。,3,799,15,0,0,0,0,_
45,0,E川,7,975,63,2,2,7976,1,和平精英：低调的杀手E(微信铂金)。  人机52A（QQ白银)迷你世界：叶孑不定期发部第一个作品哈～设备：苹果ip-ad10.2英寸做我粉丝好吗？❤️💫_
46,0,时光静好,320,77,34,64,66,1358,1,嗨_
47,0,智障儿童欢乐多,3,21,3,1,1,276,0,_
48,0,♡宠爱,0,60,3,0,1,78,0,_
49,0,艺宁,6,10,2,3,3,0,1,12_
50,0,一只汤圆🍡呀噜,75,206,49,11,11,2248,1,清柠工作室总创～徒儿：柠檬_
51,0,飞龙,1027,880,68,182,182,32644,1,好处费了就是回复积分好烦躁盒饭_
52,0,小肉团丫😘,292,146,44,48,48,414,0,_
53,0,爱吃寿司的寿司🍣,0,95,0,0,0,18,1,(*•̀ᴗ•́*)و ̑̑。_
54,0,笑笑上线了,2935,804,389,81,84,6065,1,我来自由太原，是个小仙女_
55,0,←_←,0,209,0,0,0,580,0,_
56,0,1130,0,355,2,0,0,13,0,_
57,0,玖染Ya✨,67,426,11,27,27,388,1,❤️我有闺蜜，@斯涵宝宝💛不喜欢勿喷💚我很宠粉💙感谢关注💜我们认识一下吧！_
58,0,小ying,0,32,5,0,0,3605,1,Not  crave far because is so far_
59,0,匆匆《娜》年,1659,488,279,41,41,5597,1,做更好的自己💍💍_
60,0,幸福的伊伊,247,672,89,24,24,604,0,_
61,0,章馨月,69,2346,108,48,48,2554,0,_
62,0,肥肉给我走,0,646,16,0,0,0,0,_
63,0,花花华晨宇,297,3486,204,53,53,8654,0,_
64,0,只是想看海而已,6,2821,59,2,2,28495,1,TFBOYS_
65,0,ha🥑,4,552,35,0,4,16847,1,🌫🌫🌫🌫🌫🌫🌫🌫🌫🌫🌫🌫🌫🌫🌫🌫🌫🌫🌫🌫🌫🌫🌫🌫🌫🌫🌫🌫🌫🌫🌫🌫🌫🌫🌫🌫🌫🌫🌫🌫🌫🌫🌫🌫🌫🌫🌫🌫🌫🌫🌫🌫🌫🌫🌫🌫🌫🌫🌫🌫🌫🌫🌫🌫🌫🌫🌫🌫👋👋👋👋👋👋👋👋👋👋👋👋🌫👋👋_
66,0,峥～,5,295,12,0,0,0,0,_
67,0,Cardia.,0,46,17,0,0,346,0,_
68,0,水晶宝石,45,67,16,31,31,588,0,_
69,0,杂七八拉啦,0,104,10,0,0,19971,0,_
70,0,W一社会你段姐姐妹帮,17,773,37,4,4,5883,0,_
71,0,我是个大好人,0,103,3,0,0,1355,1,脾气一点就炸，时不时还是个小仙女_
72,0,ZANG🐰YI,0,129,0,0,0,64,0,_
73,0,迷你世界兔染染🦄🍬,4,487,34,2,2,1041,1,闺蜜叫喵染染_
74,0,GJ,0,75,3,0,0,9,0,_
75,0,初心,42,117,22,6,6,248,0,_
76,0,陈静雯。,0,472,0,0,2,2149,1,陈婧雯_
77,0,林玖噗,0,615,15,0,1,3933,0,_
78,0,落墨．,5,12,0,7,7,9,1,粉丝破500露脸，我是一个学习博主。也会发一些零食吃播，下午茶☕️拆快递，出去游玩，自己做盲袋盲盒等等。谢谢你的关注。_
79,0,芝士奶盖biu～,0,46,26,0,0,7608,0,_
80,0,宋小宝☜,95,522,150,5,6,618,0,_
81,0,草莓🍓果冻,1,206,18,0,0,551,0,_
82,0,郭咏兴,0,119,27,0,0,37,0,_
83,0,231,35,489,25,6,7,2687,0,_
84,0,拾意,108,258,59,17,26,2422,0,_
85,0,少女贩卖机,204,2085,24,76,77,20978,1,我就是我_
86,0,用户7690524932600,0,2,0,0,0,5,0,_
87,0,小琉璃,0,537,0,0,0,1509,1,人不犯我，我不犯人_
88,0,留守大人,93,294,22,32,32,941,0,_
89,0,妮小妞,660,1423,98,185,185,2359,0,_
90,0,きずな,0,108,4,0,0,706,0,_
91,0,(^～^) 压呼,0,193,19,0,0,13300,1,lxr_
92,0,小铠鸭,0,358,1,0,0,154,0,_
93,0,大老龚,398,142,48,69,70,791,0,_
94,0,星辰⭐️,267,54,18,98,99,288,0,_
95,0,兔染染,0,729,12,0,0,7894,1,谢谢你关注我_
96,0,依依诺,16,192,45,4,4,21,1,疲惫着维持好现在的人际关系_
97,0,亮俊,0,240,0,0,0,33,0,_
98,0,Pluto,0,1397,9,0,0,7716,1,😊😊😊😊😊_
99,0,晨晨晨晨晨橙子,0,982,27,0,0,0,0,_
100,0,波波奶茶⌯'ㅅ'⌯,0,113,16,0,0,0,0,_
101,0,星辰,8,30,59,1,1,668,0,_
102,0,xiao微微,9,47,10,36,36,122,0,_
103,0,柠檬🍋味的QQ软糖软萌软萌（暂退）,0,503,59,0,0,0,1,网名🦄柠檬🍋味的QQ软糖软萌软萌  暂退破壳日🐣2009.0327爱豆🍭易烊千玺   🍬Lisa   🍫虞书欣爱好🌈手帐愿望💳变有💰玩具👗芭比娃娃讨厌😭写作业偶尔分享🏝️vlog粉丝名🍋柠檬希望大家多多支持我呀_
104,0,用户1000955064906,0,384,14,0,0,6286,1,累的时候，好希望有肩膀可以靠_
105,0,博客家纺2,0,243,2,1,1,321,0,_
106,0,凯夫人,101,334,10,17,17,4453,0,_
107,0,少女怪物。,0,5,4,0,0,28,1,互关你关注我也会关注你，你点赞了我的作品，我也会给你们作品。_
108,0,水晶,1355,341,122,130,130,2986,0,_
109,0,小可爱,4,148,5,2,2,193,0,_
110,0,优优,655,347,137,45,49,4501,1,幸福就在身边💗_
111,0,文帆！,4548,869,226,127,127,0,1,感谢抖音绿色交友平台拿图➕❤️13226617227作图不易，尊重原创！欢迎投稿，文字、图片都要_
112,0,用户1064610075353,24,539,11,5,5,633,0,_
113,0,一真一峥,3,315,10,1,1,80,1,Hello，大家好我会尽量拍好更多视频请大家多多关注我哟_
114,0,[吐彩虹],1545,52,51,0,0,0,0,_
115,0,纯子．,25,663,6,0,0,0,0,_
116,0,佳小佳🖤,9,132,10,3,3,1954,1,温柔一点可爱一点_
117,0,杨小静,110,52,19,14,14,457,0,_
118,0,白浪,0,757,40,0,0,2147,0,_
119,0,🌸🌸🌸花🌸🌸🌸,77,364,46,16,17,516,0,_
120,0,黄子韬的海浪,2448,1863,479,632,633,11424,1,也是孙怡和杨颖的粉丝最好不要随便把我拉进别人的群里。_
121,0,可爱联盟。,0,1818,3,0,0,2754,1,苦中作乐_
122,0,清宁小甜味,191,458,23,72,78,2316,1,平时就是给大家一些乐趣_
123,0,雨菲家优选童装,37,356,36,8,8,1013,1,别动，你一定要关注我哦_
124,0,佳一的日常,0,370,10,0,0,5525,1,这是佳一日常的号喜欢就点点关注吧不经常更唯一大号:@杨佳一啊_
125,0,家你的小宝贝,53,459,3,25,25,64,0,_
126,0,萌萌的初音,125,350,34,100,100,605,1,宝贝儿_
127,0,毛绒球球。,4,70,2,3,4,117,0,_
128,0,ベ断桥烟雨ミ旧人殇,0,299,2,0,0,966,0,_
129,0,Summer.,16,486,6,0,0,0,0,_
130,0,无常,6,229,9,4,4,82,0,_
131,0,🍋🍋儚竒🍋,21344,2064,690,370,371,0,0,_
132,0,ZYHOW,0,53,21,0,0,576,1,寒来暑往 秋收冬藏_
133,0,一个没人的夜晚,0,256,2,5,5,186,0,_
134,0,🍬大白兔奶糖🍬        🕷️,3644,768,61,679,681,9474,1,本人10岁，五年级💗💗💗加速，我超甜🍬，想交友的关注我哟！本人现在加入慢动作联盟。嘻嘻！脾气不好勿惹！！！❤️❤️❤️三岁学习中国舞。❤️🧡💛💚💙💜大家(不喜勿喷)本人现在已经退出慢动作联盟。🐶想组团的关注我🦀🦀🦀🦀本人的粉丝并不多，(现在也有四位闺蜜)😘😘😘我不是我丶糖果仙儿、甜心女孩、林星雨。小号奶糖🍬，大号🍬大白兔奶糖🍬。好了，就这样了，灰灰🐰🐰(嘻嘻！)❤️❤️❤️_
135,0,没有爪子的猫,0,72,2,0,0,82,0,_
136,0,🌸樱花小祖宗🌸,0,45,1,1,1,210,1,世界上最美的，难道不是自己吗？🌹_
137,0,德语课,0,110,0,0,0,57,0,_
138,0,幸福人生，，,54,171,14,10,11,3734,0,_
139,0,猫七学姐『Morbid』,50,78,78,0,0,0,0,_
140,0,小草莓🍓仙女。,208,239,46,76,79,819,0,_
141,0,琦沫,0,19,1,0,0,0,0,_
142,0,阡@浅陌,0,17,0,0,0,313,0,_
143,0,悦小姐,0,320,12,0,0,62,0,_
144,0,奶瓶児🦄,0,59,11,0,0,0,0,_
145,0,燃,0,1621,18,0,0,38307,0,_
146,0,伟娟前洋村,487,168,40,88,88,1154,1,洗洗做个面膜_
147,0,用户7611179776873,0,36,1,0,0,399,0,_
148,0,抖音~章瑛😜,290,281,13,0,0,0,0,_
149,0,奇奇,394,400,99,33,34,963,0,_
150,0,沐熙宝宝🍭,62,538,44,6,6,2809,1,这里是沐熙宝宝🍭可处关系🍭本人有两个号🍭_
151,0,蜂蜜柚子茶,63,611,14,29,29,20801,0,_
152,0,彩虹小宝石👑月月,208,3518,41,36,38,9211,1,2013.9月的小月月，每天更新视频，你愿意见证月月的成长吗？关注我吧！_
153,0,顾㛓㜣,11,278,1,7,7,3926,0,_
154,0,精灵梦厨房,6,90,3,2,2,586,1,每周星期一、星期三、星期五更新_
155,0,晕染了月亮🌙,442,2887,27,92,92,10894,1,💃💃💃💄_
156,0,用户4880436838494,0,1092,0,1,1,1037,0,_
157,0,小胖儿🎀,4732,5001,575,281,286,16063,1,爱老公😘爱家人😘幸福快乐每一天👪_
158,0,..,34,748,24,0,0,0,0,_
159,0,君泽笑笑家的祭司,3,177,16,2,2,202,0,_
160,0,双子座,974,420,78,156,157,3405,0,_
161,0,软糖呀的小号。,649,742,106,549,549,513,1,可爱美少女阳阳萌萌哒_
162,0,星野✨,136,40,76,9,9,8394,0,_
163,0,海啸,2,271,2,2,3,0,0,_
164,0,十染~❤️,94,33,5,49,49,389,0,_
165,0,妮妮111,0,1172,10,0,1,197,0,_
166,0,鲸落要自律( ﹡ˆoˆ﹡ ),1,285,2,1,1,17,0,_
167,0,（九九）👋👋,13,798,209,5,5,2246,1,我又改行啦，这回不会变了🤗我现在呢，改行成玩泥的主播👏别动啦，我现在要关注你。💏你关注我，我就关注你啾咪💋💋_
168,0,嘿嘿,0,14,0,0,0,70,0,_
169,0,小松鼠,1067,1131,266,135,135,3671,0,_
170,0,爱乔乔,334,2322,198,31,32,3994,1,休闲运动aj潮牌鞋V:q15853251700_
171,0,一同學,2,14,0,2,2,11,0,_
172,0,仔仔呀～,0,205,1,0,0,9033,0,_
173,0,……,0,583,10,0,0,13031,0,_
174,0,流过指尖的幸福,570,1378,60,168,175,29025,1,一个美伦美幻的宋代少女_
175,0,萌萌公举,651,2258,114,108,108,775,0,_
176,0,嗨你好,0,84,4,0,0,127,0,_
177,0,张老师的乖学生😜🌹🔥,0,41,0,0,0,1,0,_
178,0,伊,0,28,0,0,0,44,0,_
179,0,∵,678,171,47,0,0,0,0,_
180,0,Move,0,156,19,0,0,495,1,💦一枚六年级的学生⭐⚡喜欢打篮球🏀和各种球类运动⚽✌                  💤喜欢听歌🎤舞蹈☁！☀学习不好🌙QQ:1370055900_
181,0,锦镕小可爱已有闺蜜(任蕙),1144,529,58,619,620,5700,0,_
182,0,飞哥很棒,1,944,15,4,4,482,1,我也想像其他主播一样。露脸。和你们玩。和你们说话，但是我怕我露脸了之后，丑到你们了！_
183,0,嚣张✨,0,76,1,0,0,133,0,_
184,0,我是个猪猪女孩呀,0,111,1,0,0,6,0,_
185,0,仙女甜甜。,586,2220,67,233,233,8867,0,_
186,0,用户247833,248,1125,39,30,30,2887,1,.l_
187,0,月语,0,219,0,0,0,1438,0,_
188,0,缪星尘缘,3,39,1,1,1,182,1,樱桃π_
189,0,千纸鹤❤️,281,299,38,51,51,8825,1,我是千纸鹤_
190,0,随便,0,54,14,0,0,654,1,不更新_
191,0,奈何,22,15,43,2,4,433,0,_
192,0,限流小玖☆ಠ_ರೃ,8871,1717,1322,82,83,27593,1,众口难调，请用你的眼睛认识我❤️🤐️💥有一个已经认识了11年的闺蜜👯‍♀️有一个明星梦🤗粉丝名：糖兮🍭德云女孩一枚☁️也是一只ikun哇❤不要再掉粉了哇…冲2000粉吖！🌈(到了2000粉有福利的！！！）_
193,0,长安有故里,410,412,44,81,82,8515,1,承诺已过期今后便无人唏嘘_
194,0,Aa居居女孩,15,3265,21,0,0,0,0,_
195,0,钰Han钰,948,94,261,17,18,0,1,请您爱我这个宝藏女孩😋_
196,0,🦈y,47,1926,41,9,10,19438,1,家人 朋友 自己都不要感染冠形病毒 一定要身体健康_
197,0,星夜1590,83,420,16,33,35,1648,0,_
198,0,康妮,5,311,10,2,2,817,1,关注我，带你看一个会跳拉丁舞，腿长，会唱歌的小姐姐和平精英的决胜之路哦！   每天分享我的和平精英精彩片段！❤_
199,0,小高,80,239,30,25,25,485,0,_
200,0,hzy,68,1495,17,9,9,383,1,……_
201,0,月.,3,33,3,1,1,111,0,_
202,0,用户3547880164483,0,37,1,0,0,64,0,_
203,0,好吃,0,96,2,0,0,89,0,_
204,0,古怪小公主👸,1,131,4,0,1,365,1,一次失败，就是一次磨练，也是一次完善自我的机会。_
205,0,变装哥哥,524,2093,48,143,143,21689,1,不要动，先关注再走。_
206,0,梦的源头,65,458,96,10,10,399,0,_
207,0,张子烨。,14,466,27,1,1,21351,0,_
208,0,完美家庭,915,15,80,199,199,561,1,完美家庭，_
209,0,知己hspy,79,112,38,20,20,742,0,_
210,0,雷雅婷是个人💥,0,787,70,0,0,0,0,_
211,0,你们的小乐乐呀💖,91,3177,68,23,23,7144,1,本人特懒_
212,0,lilac7777777,0,90,12,0,0,339,0,_
213,0,一支沬,39,329,12,14,14,3242,0,_
214,0,哈哈,26,1144,10,0,0,0,0,_
215,0,用户457918284097,0,458,0,0,0,890,0,_
216,0,李诗涵🐯🌹❤️😄（没粉中）（李家）,28,945,65,4,4,304,1,本名：李诗涵粉丝名：草莓无闺蜜今年10岁希望粉丝到20w射手座为爱千玺，热巴❤️我也会努力请大家多多关照😝以后爸爸妈妈会买狗狗🐶，以后会拍视频的谁关注我我就关注谁，我拍的视频，不喜勿喷_
217,0,晨晨，阳阳。,526,967,92,35,42,9916,1,谢谢你的关注。_
218,0,蓝叨叨,0,268,0,0,0,18,0,_
219,0,晨曦下的小溪,15,503,6,20,20,72,0,_
220,0,！！！！,0,323,12,0,0,219,0,_
221,0,〃陌殇、怀素。,0,75,4,0,0,2606,0,_
222,0,素言无心,0,11,2,0,0,8,0,_
223,0,麻花,22,441,14,1,1,38,0,_
224,0,爸爸爱你,6858,1156,378,3,3,16932,1,一直可爱 偶尔被爱_
225,0,歪了个歪,0,5,0,0,0,0,0,_
226,0,888,0,26,0,0,0,725,0,_
227,0,失心疯,6,20,6,5,5,47,0,_
228,0,冬天里的雨,0,33,0,0,0,43,0,_
229,0,用户6119801269228,0,15,17,0,0,1266,0,_
230,0,小宝贝,0,41,0,0,0,212,0,_
231,0,用户9588966161761,1,61,2,1,1,172,0,_
232,0,随随便便了就，,0,47,3,0,0,0,0,_
233,0,星卅,0,349,3,0,0,119,0,_
234,0,蜡笔没有小新,0,43,1,4,4,1162,0,_
235,0,用户7155853078406,1,1035,2,3,3,2446,0,_
236,0,和平精英~妍姐,1,79,1,0,0,485,0,_
237,0,Beloved ,0,867,50,0,0,928,1,🎃🤡_
238,0,晶灵公主,6,45,1,1,1,817,0,_
239,0,去银河偷燃料,0,21,8,0,1,5,1,ˢᵘⁿᵈᵃʸ天气晴 宜收集快乐 ° ᐝ把鸡毛蒜皮~换成风和日丽_
240,0,淡定,181,409,38,18,18,1381,0,_
241,0,骄傲女王♀℡,52,461,16,5,5,19442,1,TA在关注你_
242,0,璃楚,0,112,12,0,0,2953,0,_
243,0,春暖花开,651,240,61,209,211,886,0,_
244,0,青柠微凉,0,165,1,0,0,10,0,_
245,0,野,0,26,0,0,0,36,0,_
246,0,爱你哟,149,444,21,47,47,1048,0,_
247,0,🍥,0,159,3,0,0,0,0,_
248,0,潘小姐,160,244,63,76,76,4521,0,_
249,0,傻傻的小白羊🍉🍑,0,3271,19,0,0,17669,1,奶味潮汐_
250,0,季作＆ 霭,141,58,60,25,27,62585,1,用心、耐心、尽心的培育15359694077_
251,0,biubiubiu🔫,501,1245,125,78,80,0,1,07年的天蝎💜会唱歌会跳舞💃有闺蜜特别亲👩‍❤️‍👩凭实力宠粉❤️视频不好看，勿喷^ω^😂_
252,0,❤️推脱~海浪💙💙💙,98,934,24,8,9,37910,1,海浪💙💙💙本人♏️女or♎️女_
253,0,果果,890,1174,44,390,391,2471,0,_
254,0,猪猪呀,0,157,2,0,0,965,0,_
255,0,12,0,271,12,0,0,7732,0,_
256,0,恋,0,35,0,0,0,64,0,_
257,0,小樱桃🍒,16,228,90,1,3,15723,0,_
258,0,沈爷❤️北电,651,45,253,0,0,0,0,_
259,0,三月排骨精,30,22,17,3,3,2,0,_
260,0,友谊长存,9,129,18,1,1,2910,0,_
261,0,（鞠家）蜜橘,1129,593,159,38,39,14080,1,鞠鞠鞠鞠，，，，婧婧婧婧婧，，祎祎祎祎鞠，，，，，，，，，，婧，，，祎，，祎鞠鞠鞠鞠，，，，，，婧，，，，祎，，祎，，，鞠，，，，，婧，，，，，祎，，祎鞠鞠鞠鞠，，，，婧婧婧婧婧，，祎祎祎祎江山不换韩芸汐，此生不复鞠婧祎💝💝赞一回二_
262,0,用户6677299359084,0,453,8,0,0,1018,0,_
263,0,阳光(sunshine),0,301,11,0,0,0,0,_
264,0,刘大哥,60,139,40,6,6,379,0,_
265,0,张晓蓓,3,67,11,1,1,140,0,_
266,0,小可爱(๑• . •๑),0,47,0,0,0,2,0,_
267,0,燕,73,12,18,24,24,223,0,_
268,0,R1SE家的十二⚡️(5月4日)洛洛生日,32,133,25,6,7,6457,1,兰兰_
269,0,@→_→,0,36,0,0,0,3,0,_
270,0,清玖玖玖玖🐷ིྀ,57,661,15,13,13,1037,1,窝窝头，一块钱四个，嘿嘿✨✨_
271,0,自律的童童呀🦄,687,361,42,121,125,3400,1,我最大的心愿是我的视频能有人为我点赞_
272,0,盈宝,184,210,27,14,14,1682,0,_
273,0,佳琪,290,264,18,94,95,4750,1,一个拍摄vlog的三年级小朋友，喜欢就关注一下_
274,0,一起逛街吗？,2,115,1,1,1,111,0,_
275,0,岁月不挤你,0,369,2,0,0,768,0,_
276,0,踩了牛奶的猫咪,0,143,0,0,0,250,0,_
277,0,童年仙女,138,547,46,25,28,0,1,自己看吧，没什么好介绍的！_
278,0,pixie💓,41,1867,121,2,3,1819,1,愿你听说我时眉眼带笑，愿你见到我时不管不顾给我个拥抱♡。_
279,0,用户274774331913,0,183,2,0,0,246,0,_
280,0,七七,74,12,11,35,36,715,0,_
281,0,靓女舒婉,2,104,1,2,2,86,0,_
282,0,你今天,0,67,11,0,0,1364,1,😀😀_
283,0,漫步时光。,594,75,31,101,102,810,1,武汉加油，中国加油！_
284,0,云颖✨,189,1031,83,27,32,13043,1,这里是na姐.唯昊只喜欢黄明昊和baby请好好善待黄明昊和baby如果他们开始避嫌的话我就不客气了劳子tm也是有底线的本人现在是一名blink_
285,0,迪士尼爱好者,2,99,1,6,6,43,0,_
286,0,吉祥三宝,278,2521,160,73,73,4905,0,_
287,0,虞书欣C位出道,3,90,39,0,0,62111,1,翟潇闻宝贝🐧张紫宁宝贝🍯_
288,0,Eternity,0,376,5,0,0,1135,1,陈立农脑残粉_
289,0,草莓味的千玺,0,17,2,0,0,10,0,_
290,0,李，，，,0,369,4,0,0,415,1,花开我陪你花落我消失。_
291,0,菠萝小可爱&i gti,24,2029,16,1,7,0,1,每星期的周六周天会更新以后会吐槽沙雕小枝巧也会拍Vlog_
292,0,付俞霖.,22,29,14,5,5,1378,1,一句话介绍不了我._
293,0,微痞女孩,15,194,20,3,3,394,0,_
294,0,可爱,383,196,36,471,471,210,0,_
295,0,微光奶茶,21,117,14,11,11,0,0,_
296,0,沐晴姐姐,954,1081,119,102,108,33627,1,🌺️介🌺️一个12岁的女孩👧🌺️里🌺️可盐可甜，沙雕女孩🌺️是🌺️喜欢玩和平精英，大家可以找我来玩🌺️沐🌺️马上就要破100粉了，福利是你们定🌺️晴🌺️希望我的视频可以给大家带来快乐🌺️姐🌺️有微信，有Timing，没有QQ🌺️姐🌺️大家有需要可以加我🌺️的🌺️有私信哦！🌺️主🌺️Timing上只有一个号，可以加道友🌺️页🌺️双鱼座♓️，属牛_
297,0,欧尼酱.,0,241,3,0,0,0,0,_
298,0,雅歌,90,29,26,11,11,982,0,_
299,0,顾苒,0,220,120,2,2,1654,1,可爱的表情包分享给可爱的你表情包家薇  guranjiayou_
300,0,曼珠沙华,10,1188,174,0,0,9678,0,_
301,0,💏,0,88,7,0,0,43,0,_
302,0,-头像库/小葵.,2,8,2,1,1,4,0,_
303,0,可爱的小桃子。,4,803,15,1,2,2136,1,甜品我的最爱。_
304,0,256🍡你们的小老鼠🐭,2077,565,159,268,270,6341,1,粉丝突破500 ，我在粉丝列表里面 抽五个宝宝送起泡胶_
305,0,メ◇懒散公主ら、,1,371,20,0,0,1111,0,_
306,0,豪,0,117,17,0,1,126,0,_
307,0,呵呵,0,70,1,0,0,155,0,_
308,0,牛伽伊,458,4059,121,83,83,465,0,_
309,0,姜太公钓傻子--愿者上钩,0,141,32,0,0,5531,0,_
310,0,可心,2,423,5,2,2,108,0,_
311,0,cocktail,13,498,75,1,2,20562,1,热爱学习_
312,0,小黑妞,21,385,7,7,7,1120,0,_
313,0,草莓汽水,83,407,5,26,26,12850,0,_
314,0,星元,45,277,19,12,12,22,1,喜欢的明星:邓伦、罗云熙、李易峰_
315,0,❤️爱你的怡怡吖✨,197,2246,52,27,28,19911,1,星星总有一天会没有价值_
316,0,好孩纸 kimi,0,1009,14,0,0,52795,0,_
317,0,10x.,201,949,89,1,1,25979,1,1⃣0⃣号_
318,0,九离,55,1884,230,2,2,3775,1,就不告诉你_
319,0,可爱的小璠璠,86,68,13,17,17,164,0,_
320,0,学习的🐷,24,1873,10,6,6,31023,1,用成绩碾压别人，是一件很爽的事情😎_
321,0,ZYYベᶫᵒᵛᵉᵧₒᵤ 💕,0,28,60,0,0,21267,0,_
322,0,.......哇,0,100,2,0,0,127,0,_
323,0,💝有你又如何💝,315,368,49,121,121,711,0,_
324,0,jjswlg,0,43,0,0,0,70,0,_
325,0,🌸٩(๑^o^๑)۶,0,82,4,0,0,93,0,_
326,0,肖兔兔,1,166,3,1,1,365,0,_
327,0,树精灵 🦄,456,1169,50,142,142,1287,0,_
328,0,澄潞,1744,2300,175,391,403,0,0,_
329,0,彤彤🌸,150,37,236,0,0,0,0,_
330,0,小美系列《铭》,1106,1308,84,180,186,1954,0,_
331,0,简落水,10,115,10,2,2,37,0,_
332,0,此生若相见,19,161,43,4,4,12408,0,_
333,0,雨,0,51,5,0,0,71,0,_
334,0,魔佛霄,6,660,178,1,2,877,0,_
335,0,暴躁紫葡萄,0,10,4,0,0,7,0,_
336,0,奈奈生,0,46,0,1,1,54,0,_
337,0,午后白茶,3,115,5,3,3,16,0,_
338,0,简单生活,506,366,58,35,39,5745,1,喜欢的可以点一下红星💋💛💚💜还有关注哦，谢谢啦😜_
339,0,柠檬(*^ω^*)不萌（顾家）,374,309,287,24,24,1180,1,谢谢你的关注粉丝破500有福利你们定什么都行但不要不现实_
340,0,蛋黄卷,193,306,48,20,23,669,1,有人喝了酒眼睛闪闪和你讲浪漫✨✨_
341,0,梦辰ya[芽家]（小螃蟹）,1649,971,662,0,0,0,0,_
342,0,用户4157191735939,0,507,3,0,0,364,0,_
343,0,Runin.筱 雨_♡,0,2040,7,0,0,0,1,与其做个无途的归人，不如做个有梦的游客。_
344,0,弥枳,9,2528,6,3,3,839,0,_
345,0,开心白饭。,37,537,8,44,44,1398,0,_
346,0,Queen👑,0,18,0,0,0,261,0,_
347,0,张心碟。。。带单,0,30,6,0,0,35,1,谢谢关注_
348,0,钱,0,49,0,0,0,66,0,_
349,0,焦糖拿铁蛋糕,31,108,6,7,7,432,1,感谢你的关注，么么哒_
350,0,西瓜芥微,2,27,4,2,2,94,1,正在努力中。。。。_
351,0,梁凉,0,104,1,0,0,429,0,_
352,0,闫懒懒🐷,11,1258,21,3,3,23089,1,🔒100🔒200🔒300🔒400🔒500🔒本人超宠粉❤️               来了就不要走了❤️沙雕博主🦅                    学习博主🔓300粉有福利_
353,0,草莓陪妮妮,10,136,4,14,14,211,1,粉丝是草莓，二年级学生10岁_
354,0,旧麋鹿,0,9,0,0,0,0,1,哈_
355,0,凉爽的风,33,162,19,12,13,580,0,_
356,0,用户1089124298008,5,1499,25,1,1,6793,0,_
357,0,软熊熊,0,465,0,0,1,41,0,_
358,0,软糖酱仙女🍓,2503,1316,69,165,168,44917,1,屏幕前的小可爱应该颜值很高，因为只有小可爱会打开我的主页😜，关注哟，点赞哟，评论哟，之后我们就是一家人了！！！_
359,0,可爱的胖胖熊,12,570,0,7,7,14624,0,_
360,0,沫涵真消遥🦄🍀,225,1439,139,0,0,0,0,_
361,0,By.,0,233,161,0,0,2254,0,_
362,0,Passer-by,0,1162,12,0,0,742,0,_
363,0,张桂珍18279031161,46,133,26,3,3,456,0,_
364,0,板桥我的时尚女友,7885,1392,1106,1015,1018,5377,1,承蒙厚爱，感谢关注！线下实体，美容养生、护肤、面膜、彩妆、眉眼唇、美甲美睫！_
365,0,（s）,0,3120,99,0,0,173,0,_
366,0,万丈光芒叶叶叶,0,214,44,0,0,2044,0,_
367,0,睿睿,318,197,39,98,101,1436,0,_
368,0,橙子味的风🍊,802,326,112,154,154,2329,1,K_
369,0,绿豆☁️,671,187,28,212,212,1364,1,一个白羊座小可爱😛有闺密绿豆永远爱你们_
370,0,君芮安,0,20,9,0,0,33,0,_
371,0,萌音小软妹,322,391,36,34,35,1717,0,_
372,0,爱丽丝们,3,1699,15,0,0,0,0,_
373,0,沙雕之子,101,1454,26,23,23,1155,1,不管世界怎么样爱李永钦最重要_
374,0,西瓜很冰,34,275,2,28,29,502,1,游戏_
375,0,真彩,60,2989,46,0,0,0,0,_
376,0,全幼儿园最可爱,5,276,18,2,2,4055,0,_
377,0,V型不大V个,0,15,1,0,0,113,0,_
378,0,星紫辰迪🔮,156,2661,37,81,81,8717,0,_
379,0,婷,0,67,4,0,0,94,0,_
380,0,柒柒在人間販賣可愛w．,13,289,19,3,3,6597,1,一个中立不日常更拍迷你和MC或拍日常还有玩泥视频反正是个杂博没了灰灰_
381,0,忆忆,0,2431,7,0,0,16939,0,_
382,0,QQ的忠粉,15,61,17,5,5,1929,0,_
383,0,鹏 吴,0,6,0,0,0,0,0,_
384,0,昕诺[梦家],189,498,48,83,83,1483,0,_
385,0,张艺馨,513,1103,44,114,114,2015,0,_
386,0,哦，天呐,60,233,132,11,11,6780,1,❤️ (  ⚫︎ー⚫︎  ) balalala~💓亲爱的小可爱们，不要取关💓　／　　　   ＼  /　　　  ○  　\/　 /  　　    ヽ   \大白|　/　 　　　  \　| \Ԏ　　　　     Ԏ/　卜−　　   ―イ　  \　　/\　   /　　 ︶　   ︶_
387,0,一家亲,133,55,14,64,64,0,0,_
388,0,用户6104693438714,21,318,7,1,1,1388,0,_
389,0,糖豆,107,250,5,34,34,795,0,_
390,0,❤黎落♪(^∇^*)星耀💔（已开学）,3900,1536,1192,249,249,3870,1,因为要开学了，我所以会暂退一段时间，但不过有时间我还会来看你们的。但是不要掉粉呀！_
391,0,是珊珊呀!,580,640,153,93,94,173,1,感谢大家的关注_
392,0,ジ烟雨霓裳ベ,72,87,18,17,17,820,0,_
393,0,用户166805317159,0,63,1,0,0,17,0,_
394,0,l ling,0,100,0,0,0,10,0,_
395,0,柠仙儿,0,18,2,0,0,0,0,_
396,0,阿丽呦,84,199,36,43,43,5227,0,_
397,0,九星,0,160,2,0,0,1,0,_
398,0,啦啦波~,56,2209,85,1,1,4354,1,是个坏妞妞(ﾟOﾟ)还是个憨憨...<(｀^´)>没啥可说的了额...emm_
399,0,王俊凯的小迷妹,6,178,42,2,2,0,1,一生只为王俊凯，我就是王俊凯的小迷妹_
400,0,墨沫。,26,187,50,3,6,0,1,天若赐我辉煌，我定比你猖狂…_
401,0,冷美人,170,219,18,40,41,1319,1,我若成佛天下无魔，我若成魔佛耐我何！！！_
402,0,用户2430514578455,0,124,0,0,0,361,0,_
403,0,仙阙,0,277,11,0,0,22929,1,学习中等不玩游戏不恋爱不可交友目标中学：中澳_
404,0,夏栀铁粉,477,3380,261,140,140,9001,0,_
405,0,草莓饼干,0,263,9,0,1,361,0,_
406,0,龙行天下,0,116,47,0,0,232,0,_
407,0,丧....,0,230,14,0,0,3098,0,_
408,0,用户6716696817073,0,20,0,0,0,202,0,_
409,0,大白😳,6779,4709,1341,46,46,6799,1,第几个道具赛僵尸国度好想回家啊那不会吧好方法弧长公式vu接触过v歇会吧v喜欢我不宝宝小背心关键是vv不会v的酒店v我不帮你八点半宝宝巴士关系更好嘘嘘不喜欢吧不许走你抱着v直播吧帮徐灿VS_
410,0,秋怡,256,1717,24,82,82,12360,0,_
411,0,旧人,0,66,8,0,0,21,0,_
412,0,赵三岁.,9,1133,24,1,1,2162,1,5201314_
413,0,summer. 夏天,6,370,13,3,3,17965,1,嗨，我是夏天呀闺蜜@Grapefruit ．柚夏关注我哦会拍一些我的学习日常哦不定时的更新爱你们💜💛💙💚❤_
414,0,麦子片,514,509,120,23,23,1061,0,_
415,0,一抹阳光,0,175,19,0,0,1064,0,_
416,0,·图图· ♥ ·多多·,362,2287,85,0,0,0,0,_
417,0,小慧,0,261,0,0,7,2,1,我叫他_
418,0,Aningy,11,92,31,0,21,8492,0,_
419,0,神奇小智,27,93,13,6,6,2424,0,_
420,0,珺珺呀,0,262,0,0,0,675,0,_
421,0,为什么，会让人痛心。,158,516,21,58,58,1539,1,我是，为什么，让人痛心。你们答应的要求都能完成。只要你看你们听不听话。🍀只要你们关注我。😏你也可能变主播。😋_
422,0,望断归来路,0,133,6,0,0,66,0,_
423,0,雪姨鸭💝,11,306,8,3,3,240,0,_
424,0,zjr是美女,0,2344,16,0,0,0,0,_
425,0,柠檬萌萌哒,0,17,0,0,0,0,0,_
426,0,🌟凯雯🌟@,330,597,43,52,54,434,1,來了就看一看吧☺️😝贊破100出一期Love📷1000按你們说的做😝1万⋯⋯（是个大惊喜哟❗️😋😝😘关注➕一下吧！🤗可忴一下孩子吧粉丝少得很☺️☺️☺️☺️☺️☺️☺️🥳🥳🥳🥳🥳🥳🥳🥳🥳🥳🥳🥳🥳🥳🥳🥳🥳🥳🥳🥳🥳🥳🥳🥳🥳🥳🥳🥳🥳🥳🥳🥳🥳🥳🥳🥳🥳🥳🥳🥳🥳♡_
427,0,心鱼阿,0,20,0,0,0,143,0,_
428,0,刘最可爱,24,118,24,1,2,443,0,_
429,0,小张中意赵甜甜.,2,362,54,0,0,0,1,我将永远偏向你._
430,0,不听话的小宝贝,852,1830,173,414,418,9227,0,_
431,0,一个猪猪🐽女孩,5,631,7,2,2,12438,0,_
432,0,雪妹妹,4,103,6,2,2,2601,0,_
433,0,萌果小号😜,55,1037,10,45,45,2485,1,本人是萌果小号。@萌果没有徒弟。闺蜜@梦染_
434,0,bxq.,0,280,6,0,0,0,1,。_
435,0,星河$,0,1764,11,0,0,1062,0,_
436,0,涵涵,0,7,0,0,0,8142,0,_
437,0,用户3183216411038,2,61,2,1,1,223,0,_
438,0,星寡,0,2174,6,0,0,9720,0,_
439,0,狗头学姐🐶,87,244,38,0,0,0,0,_
440,0,天天开心😘😘,572,34,54,19,19,1386,0,_
441,0,零度.,0,160,6,0,0,249,0,_
442,0,~☆浅蓝,0,8,0,0,0,198,0,_
443,0,Lily baby🧚🏻‍♀️,0,4818,103,0,0,33128,1,一个小吃货🦄🦋🩰🤩🏳️‍🌈🔮🐋🦢🎐💿🧚🏻‍♀️💫🎊🪐💎👼🏻🦩🥳🎠🥰🥳🎏🎎🇨🇳💸🕯🧸🌌我把好看的都选粗来了_
444,0,孙新泉,56,73,23,10,10,134,1,32032119621218165x_
445,0,萌趴趴,0,37,1,0,0,942,0,_
446,0,Little pipiqiu,388,196,37,95,97,867,1,Pikachu 是我的小号。只有一个小号哦！_
447,0,蜜桃柠檬,635,722,49,0,0,0,0,_
448,0,蔡徐坤的林一梁.,1580,498,446,26,26,0,1,蔡徐坤官宣女友就是我蟹蟹列\/七七/梓梓1lover1柚柚/玖玖/最爱的婆娘(你给我动试试)🖕别拉我进群 除非我同意列0.&蔡徐坤&杨颖&Blackpink好感:迪丽热巴蔡徐坤的情人🌞_
449,0,小蕊很乖哦❤,0,52,3,0,0,238,1,彼此保护从来不是说说而已。_
450,0,柠檬超萌✨雪糕（掉粉中）,103,288,34,48,48,995,1,已有闺蜜。不喜欢和小孩玩。有时暴躁有时温柔，很冷酷。（不喜勿喷）（已有闺蜜）_
451,0,王小聪明🔆,4,164,2,1,1,36,0,_
452,0,山鹤、,0,676,65,0,0,0,0,_
453,0,枫桥听雨,0,29,5,0,0,18,0,_
454,0,柠檬超萌,0,53,31,0,0,0,0,_
455,0,彩虹夏🌈,0,15,0,0,0,0,0,_
456,0,清风与明月,0,133,9,0,0,804,0,_
457,0,ANGLE杨佳鑫｡◕‿◕｡可盐可甜🍓,334,47,14,34,34,503,1,我_
458,0,关盈鑫,181,807,65,31,31,34609,1,一位古灵精怪的美少女🥳_
459,0,时尚老太,32,86,24,1,1,424,0,_
460,0,美丽。,0,79,0,0,0,48,0,_
461,0,Px依.,18,259,3,20,20,573,1,学过跳舞喜欢唱歌制作视频黑份请绕行 出门左拐 慢走不送未成年 不接任何广告笔芯❤️_
462,0,墨水宝贝,26,91,1,10,10,101,1,小可爱墨水_
463,0,林晨妍🐻,0,64,14,0,0,2,1,林晨妍20081018破壳的小鸡承蒙喜欢🐻记录美好生活(๑•॒̀ ູ॒•́๑)_
464,0,诗呓,97,511,53,7,7,0,0,_
465,0,倪林根,116,283,19,44,44,330,0,_
466,0,欣儿,1,162,4,10,10,3745,0,_
467,0,ltr❤ wt,0,151,1,1,1,374,0,_
468,0,୧⍤⃝～୧⍤⃝。୧⍤⃝！,0,53,0,0,0,26,0,_
469,0,用户3935644531253,60,133,11,22,22,600,0,_
470,0,芒果布丁萌嘟嘟耶！,0,247,8,0,0,1116,0,_
471,0,( •̥́ ˍ •̀ू ),0,1376,13,0,20,2757,1,最好的人，像孩子一样，真诚。像夕阳一样，温暖。像天空一样，宁静。_
472,0,失忆,49,1579,100,3,3,27,0,_
473,0,多田多美,3060,325,194,154,154,11420,0,_
474,0,我妈说我昵称太长不好记,212,124,66,19,25,376,1,黑胖丑一只_
475,0,用户9681615563436,29,105,6,8,8,292,0,_
476,0,祭雨(已有闺蜜)《沫家》,1418,3628,2163,26,26,25998,0,_
477,0,ᴄɪɴᴅᴇʀᴇʟʟᴀ.互大厂，blink,218,3251,1401,11,13,1820,1,#SLOMO#玩家喜欢BLACKPINK，大厂，NPC_
478,0,野原美牙❤💞,0,177,25,0,0,523,0,_
479,0,龙,551,1353,66,119,120,5079,1,猪猪侠_
480,0,河南安心精神病院李院长,0,4997,73,0,0,36953,1,爱豆：四字弟弟、孙可乐、道枝骏佑、朱贝贝、王一博_
481,0,可爱霞,140,249,38,15,15,842,1,👿_
482,0,萱萱,3,479,15,1,1,634,0,_
483,0,蜜桃奶昔🧚‍♀️💫,168,1813,94,38,38,16302,0,_
484,0,A萍萍,203,491,47,40,40,2634,0,_
485,0,茜茜,179,684,49,36,37,31424,1,看完必须点赞哦🐒🤔🤝😘😘😘😘_
486,0,彤彤很NICE✨,85,3198,352,2,2,0,1,五年级.08.女孩纸.山东.临沂. 陈立农.农糖.不爽可以滑走没逼宁看.木有.斑马.百乐.木有好看的桌面.木有支架.可以交友._
487,0,阿莲,0,576,8,0,0,2160,0,_
488,0,超爱她的我❤️❤️,0,54,12,0,0,491,1,虞书欣一Esther❤️天真可爱的她表面上是一个不爱学习的女孩子，💕💕💕💕💕但是他又很用心的学❤️❤️❤️❤️😘😘😍😍这样的女孩值得我们珍惜❤️❤️❤️❤️❤️❤️❤️❤️❤️❤️❤️❤️❤️❤️❤️❤️❤️❤️❤️❤️❤️❤️❤️❤️❤️❤️❤️❤️❤️❤️❤️❤️❤️❤️❤️❤️❤️❤️❤️❤️❤️❤️❤️❤️❤️❤️❤️❤️❤️❤️❤️❤️❤️❤️❤️❤️❤️❤️❤️❤️❤️_
489,0,可爱小女孩,13,139,5,19,19,224,0,_
490,0,瑶瑶拥有大门牙,67,496,9,19,19,98,0,_
491,0,用户1052311708863,0,30,2,0,0,33,0,_
492,0,✨顾清学长(顾家）有女朋友了❤️,327,208,73,41,41,1144,1,快开学了学长学姐加油_
493,0,🐠,27,69,14,2,2,688,0,_
494,0,:Z:,87,49,68,6,6,782,0,_
495,0,冬冬,131,288,42,13,13,14144,1,我还只是个孩子_
496,0,清新,792,734,62,258,259,8898,0,_
497,0,齐天大圣。,45,1591,69,0,0,0,0,_
498,0,BOboxs,268,299,67,13,20,1359,1,🈚️简介_
499,0,如果没有你,23,231,8,13,13,934,0,_
500,0,用户4019859335330,0,118,0,0,0,7,0,_
501,0,小宋,0,39,1,0,0,1565,0,_
502,0,鸡臭。,30,57,16,6,6,260,0,_
503,0,雨儿姐姐,4064,2028,348,829,829,16443,1,小雨儿_
504,0,开心每一天,401,1595,530,37,37,2543,1,迷你世界，万茜_
505,0,可乐,42,2630,60,9,9,0,0,_
506,0,用户7079951860395,8,346,19,1,1,2382,0,_
507,0,暗舞者和短发姝纸🖤🖤,1349,402,55,298,298,22318,1,1.当一扇门关闭时，一定有一扇窗为你打开              2.经历了所有最坏的事情 ，那么从现在开始，生活只会更好，永远不会再坏了😊。_
508,0,赵有小赖,14,180,8,22,22,37,1,闺密:赖有小赵爱豆:杨幂_
509,0,小可乐,22,50,5,5,5,801,0,_
510,0,小草莓🍭么么哒😘,276,257,59,370,370,9513,1,名字：俞慧雅年龄：8岁性别：女十二生肖：龙星座：双子座求你们就给个小心心吧！😡😡🤬🤬希望可以给我一个关注吧！🤗我会好好给你们录视频的，😽😽爱你哦！么么哒😘_
511,0,涵,11,1504,5,9,9,3720,1,粉丝10露脸😜😝接下来是正式的自我介绍，不会唱歌是个歌痴，从六岁开始跳民族，十岁转爵士。一个实实在在的胖姑娘。有个亲弟弟，头像是弟弟。还有我的粉丝们，我爱你们。_
512,0,婉辞,0,317,0,0,0,1704,0,_
513,0,爱你小娇娇,1,17,13,1,1,91,1,不懂我   就别应多余  的   评价来评价我_
514,0,呃,0,78,2,0,0,371,0,_
515,0,思阳非梦,343,1475,241,15,15,209,0,_
516,0,多行不义必自毙835,0,56,1,0,0,0,0,_
517,0,奶油,0,58,0,0,0,93,0,_
518,0,沈千初,0,4417,49,0,0,17148,0,_
519,0,KRJSS,0,85,8,0,0,299,0,_
520,0,我还小🌸,5,641,0,5,5,2589,1,④好( ¯ᒡ̱¯ )و_
521,0,肖兔子,49,2201,42,9,9,14548,1,唯爱肖战硝烟四起，为战而来。*(੭*ˊᵕˋ)੭*ଘ_
522,0,七月的风,0,99,12,0,0,52,0,_
523,0,爱弹钢琴的鑫鑫啊,2,455,14,0,0,0,0,_
524,0,梓晨,373,1554,38,0,0,0,0,_
525,0,陶陶,750,831,54,109,109,2959,1,走自己的路，让别人说去吧_
526,0,Lonely,42,810,19,4,4,12645,0,_
527,0,天使的梦,13,54,19,2,2,2574,1,学习第一，玩耍第二_
528,0,用户2805944810025,1,29,1,2,2,47,0,_
529,0,乐.,1,389,6,1,1,1652,0,_
530,0,百分之六十,0,90,18,0,0,0,0,_
531,0,自由你我,0,42,0,0,0,26,1,我是一个活泼的女孩_
532,0,星河不入眼,128,1231,19,18,18,32099,0,_
533,0,原来是兄弟大人。,13,157,9,1,1,511,1,有一个保藏女孩就是小夏。他有帅气的路川哥哥和路枫哥哥。谁也欺负不了他。_
534,0,麦,515,423,91,254,291,20994,1,就是爱你呀_
535,0,新之助,18,625,9,6,6,0,1,喜欢：野原新之助    李现     迪丽热巴_
536,0,肉丁,124,212,31,0,0,0,0,_
537,0,用户6235732240331,0,105,0,0,0,103,0,_
538,0,建筑工人1979,890,259,287,44,44,12559,0,_
539,0,一只熊🐻,31,134,27,0,0,0,0,_
540,0,永远的红,37,333,16,7,7,1943,0,_
541,0,sjbxbc樱雪🌸🌺,4,4143,79,2,2,18350,1,没有闺蜜，有人要跟我做闺蜜吗_
542,0,宝藏🎉女孩→欣怡,523,407,333,21,25,1226,1,谁关注我，我就关注谁，永不骗人。_
543,0,是妙琦呀！,0,38,8,0,0,0,1,此人十分懒，什么也没有留下😆😆_
544,0,遇见💝,199,1634,110,55,56,9450,0,_
545,0,社会你唐爷,5,14,19,3,4,199,1,别在我作品里面瞎逼逼我的底线：父母.粉丝谁要是动这些人的话？我TM跟你没完懂？_
546,0,可爱小女孩,10,219,2,14,14,62,0,_
547,0,小龙猫,0,146,9,0,1,0,0,_
548,0,淼淼是个可爱鬼,6,114,6,4,4,347,1,无敌是多么寂寞_
549,0,糖雪球,51,183,14,8,9,582,1,女_
550,0,用户579329,4,539,17,0,0,6747,0,_
551,0,，一一,812,437,75,464,464,15654,0,_
552,0,海底爬的小螃蟹,6,254,7,1,1,3646,0,_
553,0,莲儿,2702,1434,195,304,304,3333,0,_
554,0,牛奶💕面包💕果酱💕,1572,907,116,125,128,0,1,越努力越幸运 467270248_
555,0,小雨,130,3701,77,15,15,6322,0,_
556,0,奶盖儿 ❤（已有闺蜜：奶瓶儿❤）,3009,1063,173,0,0,0,0,_
557,0,小凡,10,26,14,0,0,109,1,无联系_
558,0,梦梦,28,106,11,5,6,487,1,:不知道_
559,0,安颜,8,95,22,1,1,435,1,谢谢关注_
560,0,倾尽一生残梦,0,79,1,0,0,0,0,_
561,0,诺宝,1852,1932,154,183,187,33463,1,《我爱你中国》_
562,0,小宋小宋特别有用,212,508,78,3,3,0,1,被播音耽误的厨子_
563,0,小笑笑🐣,12,665,11,0,0,0,1,爱你们哟，么么哒ヽ(*´з｀*)ﾉ🐣_
564,0,！,2,33,5,13,14,83,0,_
565,0,柠檬小软糖。,264,3640,20,52,52,26307,0,_
566,0,德云女孩👧🏻&胡一天,20,1692,13,8,8,12776,0,_
567,0,永不退缩,11,1469,9,6,6,2143,1,人生靠自己_
568,0,小婷睡醒了,41,180,132,1,1,0,1,干净的页面主播只喜欢李子园💞💞私信会看被限流的n天仙女宝贝:Smile_星星🐣（星儿）阔以处关系（CP不处）看完了还不快关注👀_
569,0,王昕彤,9,132,1,6,6,4091,0,_
570,0,沫忆失忆,42,1750,33,6,6,4978,0,_
571,0,颜沫慕兮,8,413,7,3,3,1968,0,_
572,0,凯丝,0,240,9,0,0,0,0,_
573,0,黄玉瑶,23,233,5,6,6,426,0,_
574,0,拜你所赐87,0,97,2,0,0,150,0,_
575,0,钱多多🍓👑,162,69,22,47,47,1502,1,记录小四月的每一个瞬间_
576,0,Sweet ～,182,483,37,9,10,1136,1,Kobe_
577,0,🌸,222,846,33,35,35,3701,1,做自己的太阳，无需凭借谁的光_
578,0,🍇🍇🍇,94,936,21,1,1,311,0,_
579,0,蓝莓果汁(冲2000),6242,1735,1543,132,134,0,1,你关注我，我也关注你你赞我一个作品，我赞你两个作品不信的话试一下不骗人最多五天内回5000粉唱歌10w粉露脸(我觉得不可能还是算了😋)_
580,0,＃ 越心动越心痛,13,83,15,2,2,523,1,。_
581,0,似仙女,0,33,0,0,0,181,1,我没有什么特别的，只有_
582,0,用户7069768868640,0,47,0,0,0,1,0,_
583,0,r上课十块钱,10,511,11,12,12,419,0,_
584,0,翱翔在蓝天,1320,909,175,60,63,0,1,你有你的502，我有我的520不是很黏，但是是很甜，安排！_
585,0,光少,1,107,3,0,1,0,0,_
586,0,一只大鱼,0,317,5,0,0,1482,0,_
587,0,用户5435673676927,34,128,8,12,12,767,0,_
588,0,瑶瑶宝贝,240,798,23,35,35,1888,1,脾气情况_
589,0,AUG,0,13,2,0,0,30,0,_
590,0,圆子🌸,788,355,115,81,82,4491,0,_
591,0,是谁的宝宝呀,9,172,13,2,2,5188,0,_
592,0,bb,18,2669,36,0,0,11481,0,_
593,0,代替哈哈,0,61,1,0,0,45,0,_
594,0,我是吴姥姥,5333,29,181,169,169,16804,1,天蝎座，巨蟹座_
595,0,林林呀。,2904,685,889,62,64,1665,0,_
596,0,月樱暮雪(布丁),15,1589,16,6,6,6649,1,可可爱爱，莫得脑袋。大家好😊我是布丁喜欢我的就关注，不喜欢我的取关，我的闺蜜：蓉儿、燕铃儿这也是我的底线哦🙃_
597,0,涵涵，小号。,0,1030,59,0,0,6518,0,_
598,0,海盐布丁,0,23,2,0,0,0,0,_
599,0,王若茜,0,64,0,0,0,0,0,_
600,0,［白桃］小飞侠,28,269,25,9,9,8526,1,师傅：冷曦学姐。_
601,0,柠檬有点酸,13,1034,5,33,33,3335,0,_
602,0,牛乙璇❤❤❤❤❤❤❤🎂🎂🎂🎂🎂,3014,239,320,110,112,1585,1,想中五百万可以加我微13835740259_
603,0,🌵,222,298,27,0,0,0,0,_
604,0,你的周周‼～,0,100,8,0,0,1432,1,不去努力 你永远都不知道自己有多强大‼ ‼ ‼_
605,0,活出女王范,1102,433,107,117,122,2184,1,还是做个平平凡凡的普通人啊！_
606,0,倚月,157,512,65,9,9,24127,1,机会是一个区别英雄与狗熊的台阶上一步什么都是下一步什么都不是💫_
607,0,沙雕小黄.,0,559,17,0,0,0,0,_
608,0,思淇.,0,91,83,0,0,48,1,V:anny492294513_
609,0,多妞,0,327,1,1,1,1274,0,_
610,0,恋与白待从（粉丝）,173,730,13,71,72,886,0,_
611,0,憨憨涵,1,174,44,0,0,0,0,_
612,0,全幼儿园最可爱,313,387,547,2,2,0,1,._
613,0,会掀被子的寿司·,475,264,89,0,0,0,0,_
614,0,派大星,0,9,9,0,0,135,0,_
615,0,爱写作业的小孩,0,353,8,0,0,171,1,爱写作业_
616,0,是雅雅吖~,0,55,0,0,0,2,0,_
617,0,童玲,0,127,0,0,0,5,0,_
618,0,樱纱奈子,4,94,5,1,1,558,0,_
619,0,宝贝女儿么么哒🍓🍓🍟🍟🍱🍱,133,388,23,130,130,565,0,_
620,0,球球脑袋又大了,126,221,66,0,0,0,0,_
621,0,唯兮,0,621,41,0,0,875,1,我就是我_
622,0,teeena,0,144,3,0,0,3802,1,VT❤️_
623,0,CL,0,283,21,0,0,0,0,_
624,0,奶昔🍵,195,558,42,47,47,526,0,_
625,0,Na琳.,0,131,3,0,0,0,0,_
626,0,我爱小梨,10,349,13,1,1,1278,1,A blink ，四个闺女我都爱，团偏Lisa，_
627,0,坟场蹦迪i,0,436,9,0,0,0,0,_
628,0,浅沫记忆こ,1674,1580,140,0,0,0,0,_
629,0,蔡🧀,11,155,67,3,4,4573,0,_
630,0,纪彤彤纪宇航_,253,225,50,277,277,904,0,_
631,0,比卡丘-琪琪,46,433,66,0,0,0,0,_
632,0,果冻冻,1,481,6,0,1,142,0,_
633,0,猫族的喵,410,1443,83,190,190,2790,1,我是一位爱猫者。希望你能给我多多的小红心和关注。❤️_
634,0,汤明珍,169,1472,51,32,33,1983,1,我是反mc_
635,0,洛美美,6,139,57,0,0,0,0,_
636,0,刘妍☎️,0,25,0,0,0,186,0,_
637,0,～(｡･ω･｡)ﾉ♡阳仔,18,8,16,34,34,408,0,_
638,0,Ciron,0,46,5,0,0,129,0,_
639,0,蝴蝶公主,91,944,34,0,0,0,0,_
640,0,王俊凯，kk。,0,21,2,0,0,91,0,_
641,0,←错过末日班,0,53,4,0,0,42,0,_
642,0,楼,9,73,9,3,3,159,0,_
643,0,RicherDD,0,124,2,0,0,13,1,🖤_
644,0,张碧琼,4,231,7,1,1,64,0,_
645,0,BJ,0,88,2,0,0,170,0,_
646,0,小恶魔。,86,358,15,24,24,0,0,_
647,0,C-zj  ,21,567,34,2,2,8186,0,_
648,0,颖火虫,40,733,28,11,11,2587,1,可爱_
649,0,小仙女,44,142,15,41,41,466,0,_
650,0,用户8207391027035,0,720,2,0,0,2,0,_
651,0,人间失格^,0,20,2,0,0,403,0,_
652,0,沐沐奶奶,10081,2465,934,302,302,19458,1,Ⅻ    ._
653,0,💃岩岩,624,609,93,127,128,1938,1,愿十年以后我提着老酒，愿你十年以后还是老友。_
654,0,小仙女KIKI酱,10,103,12,3,3,1954,0,_
655,0,秘制大汉堡🍔,1,696,34,0,0,3265,1,"TY나 너 사랑해요, 당신 은 나 의 유일_"
656,0,有个崽子叫Emily,0,239,4,0,0,606,0,_
657,0,霸道菇凉最给力i,22,461,13,3,3,4662,0,_
658,0,奕楠,51,389,27,16,16,0,1,每个人都有每个人的优点。我们要珍惜好身边的每个人。_
659,0,爱你一生一世,1921,420,273,119,120,2729,0,_
660,0,团子,295,150,107,20,29,21666,0,_
661,0,user5591235357482,0,15,1,0,0,145,0,_
662,0,黑色两个圆,174,989,24,39,40,13453,0,_
663,0,七凉,1,1544,21,0,1,2166,1,💕💞💓❤️💛💚💙💜💟_
664,0,林屿,5,768,13,0,0,0,0,_
665,0,若即若离,0,71,0,0,0,345,0,_
666,0,池地柔❗,127,134,76,3,4,1582,1,❗🕛_
667,0,挽辞学姐『小号』,1,46,2,1,1,273,1,闺蜜:挽熙、沒得名字蓝海猖狂、护凯为王这些是我的底线，勿碰！懂？这是小号！！！！！！！！！！不要说我是冒充挽辞学姐！！！因为我就是挽辞学姐！！！！！再说一遍，这是小号！小号！小号！！！！_
668,0,(｡･㉨･｡)ﾉ♡ 爱你么么哒,0,52,0,1,1,13,0,_
669,0,用户2340323416011,2,43,5,0,2,242,0,_
670,0,草莓果酱🍓🍓🍓,0,531,13,0,0,8857,0,_
671,0,凯易源的宝贝,5,2163,340,0,0,0,0,_
672,0,伍六七,0,276,6,0,0,1572,0,_
673,0,☾⋆᭄shearer໌້ᮨ⋆,0,792,6,0,0,0,0,_
674,0,万娇冰子,191,820,120,8,8,4294,1,好人一生平安_
675,0,我是你的小宝贝的宝宝🍓🍓😜😝😛,46,264,6,14,15,829,0,_
676,0,孙五,1029,2501,478,13,13,16441,1,盐都区大风镇龙灯村_
677,0,燕燕,10726,128,1980,112,112,252,0,_
678,0,用户779194208745,0,98,6,0,0,279,0,_
679,0,A的女王🌺,10,40,5,1,1,178,0,_
680,0,小友,0,52,3,0,0,0,0,_
681,0,做一个开心的胖子,665,234,108,76,76,2333,1,将快乐带给大家_
682,0,虎子🐯,129,279,61,23,23,304,0,_
683,0,冯梅,8,659,45,0,0,0,0,_
684,0,鹅肝酱,2,298,17,0,0,388,0,_
685,0,萌萌哒,2,50,9,0,0,2896,0,_
686,0,小平妹,0,424,8,0,0,4710,0,_
687,0,星星⭐售卖机,495,575,45,38,38,2039,0,_
688,0,范范~呀,25,67,7,11,11,20,0,_
689,0,6,1,42,2,0,0,65,0,_
690,0,可爱的奶盖,17,639,5,6,6,654,1,一定要关注，你要是不关注就看不到我了_
691,0,是小碗鸭☁️,0,441,12,0,0,0,0,_
692,0,￣朵白云,53,1768,37,0,0,0,0,_
693,0,可爱的咪咪,16,32,12,13,13,5605,0,_
694,0,一乐小朋友,0,170,2,0,0,0,0,_
695,0,洋洋_249356543,191,341,37,47,52,0,0,_
696,0,江一挽✨,23,602,8,6,6,1436,1,超憨逼🌚有点傻😂_
697,0,漫漫其修远,7,608,12,0,0,1252,0,_
698,0,小公主悦悦,1759,314,196,584,588,3509,0,_
699,0,瑞雪,547,2362,1624,7,7,781,1,我是三个孩子的宝妈，孩子终于被带大了，自己却熬成婆，为了给孩子一个漂亮的妈妈，找回孩子的自信，努力学习护肤美妆，终于一年时间不仅找回了年轻的自己，还拥有了一份美丽的事业，2020年做一个潇洒的富婆，重新爱上自己！_
700,0,八街老友,176,562,31,20,20,0,0,_
701,0,鲁觉觉吖~,15,3073,6,11,11,3023,0,_
702,0,小暄有点甜,11,738,3,8,8,1854,0,_
703,0,第五家族  孽蜥 （反迷你）,64,2412,71,13,14,7988,1,MC不灭，全网通缉这个人:(迷你大队长 反mc）_
704,0,仅有的、依赖,56,31,25,8,8,1360,1,生活就是简简单单…_
705,0,潇然🌸,3,751,9,0,0,0,0,_
706,0,baby,19,871,9,14,14,3959,0,_
707,0,荔枝味的猪🐷,0,57,0,0,0,44,0,_
708,0,凉薄女神,13,1842,24,3,3,143,0,_
709,0,简简～丹丹,102,226,73,12,12,339,0,_
710,0,盐可👿,8,830,24,5,5,13589,1,你关注我我也会关注你的哟😘_
711,0,乐琪瑞,0,605,1,0,1,1093,0,_
712,0,李娜娜,186,1628,70,33,36,10179,0,_
713,0,平淡,62,72,30,8,8,274,1,包容理解_
714,0,仙女518,663,4668,198,113,114,13389,1,我只宠我的粉丝_
715,0,wmypp.,26,190,12,9,10,864,0,_
716,0,已开学    不回私信   评论有时候回,40,206,49,8,8,571,0,_
717,0,ʘ‿ʘ,0,898,10,0,0,748,0,_
718,0,🌙Fariy~Tenderness,2,317,72,0,0,5527,0,_
719,0,晶,11849,420,1270,7,8,6712,0,_
720,0,你在干嘛,3,282,8,0,0,0,0,_
721,0,喜欢嘉尚,22,959,8,10,10,638,1,我喜欢叶航成、吴石九、李海、燕明琦❤️❤️❤️❤️❤️❤️❤️❤️❤️❤️❤️❤️❤️❤️❤️❤️❤️❤️❤️❤️❤️❤️❤️❤️❤️❤️❤️❤️❤️❤️❤️❤️❤️❤️❤️❤️❤️❤️❤️❤️❤️❤️❤️❤️❤️❤️❤️❤️❤️❤️❤️❤️❤️❤️❤️❤️❤️❤️❤️❤️❤️❤️❤️❤️❤️❤️❤️❤️❤️❤️❤️❤️_
722,0,@心若綠蘿,23,326,7,7,7,2375,0,_
723,0,张宸硕,0,723,55,0,0,2879,0,_
724,0,-YYS.-🦋,2271,45,158,11,15,0,1,-yys本人--8.5🐣--🔒lly🔒dsy🔒xyx--可交友-（先关）-别一次性赞所有作品--slomn玩家--没了……-开学暂退（周末更新）_
725,0,..,0,162,2,0,0,0,0,_
726,0,是非题り,241,386,52,0,0,0,0,_
727,0,LJH,325,1077,38,39,39,3409,1,初来抖音，请大家多多关注_
728,0,思瑶❤(白月光),107,1481,251,12,12,2773,1,低调低调，要低调，不要掌声，要尖叫。😃😃_
729,0,海上世界,947,415,152,36,37,1270,0,_
730,0,和平精英老玩家,0,256,32,0,0,1560,0,_
731,0,🔅鸣鸣注定🔆,84,4057,129,32,32,9723,1,好好学习，天天向上。_
732,0,DS,6,311,5,0,0,0,0,_
733,0,哦豁（初日小号）,0,683,7,0,0,415,0,_
734,0,桃浦路1003号住户,48,755,32,0,0,0,0,_
735,0,Taurus🐝,0,8,0,0,0,0,0,_
736,0,Y丁儿是仙女吖！♏️💜〈小欣〉,365,723,94,52,53,5840,1,我就是这条街最靓的仔         ♏️♏️♏️你赞我我关注你。我是园丁演绎者第五人格萌萌仙女贝贝爱吃仙贝    盲袋  盲盒小易很奈斯哟一一的闺蜜❤️💛💖💗💓💞💘💜🧡💜💜和平精英。樱花校园模拟器。_
737,0,爱的抱抱,434,30,39,64,66,8367,1,快快关注我_
738,0,🍓,0,291,19,0,0,4802,0,_
739,0,宋先生？,3,571,4,1,1,3461,0,_
740,0,你若化成风我若华晨宇,0,127,0,0,0,57,1,我是一个开心的ET😃_
741,0,手机用户81359530053,52,97,18,16,16,46,0,_
742,0,柠檬不萌🍋,9,160,8,4,6,1067,1,2020 (ง •̀o•́)ง (ง •̀o•́)ง_
743,0,$_$,8,2138,86,1,1,2593,0,_
744,0,含星月夜,0,17,0,0,0,0,1,谢谢关注_
745,0,加贝口玉尤一,1474,558,195,1036,1037,300,0,_
746,0,凉夏,0,71,0,0,0,0,0,_
747,0,用户1753436733624,0,15,2,0,0,157,0,_
748,0,两个小花朵,32,2707,30,14,15,542,0,_
749,0,善恶两端,47,41,22,7,7,480,1,爱自己是终身浪漫的开始_
750,0,王诗琪,8,118,4,8,8,106,1,能给一个关注吗？_
751,0,一枕星河梦,0,61,9,0,1,0,1,……_
752,0,奶酪💗💖奶糖,0,631,23,0,1,9642,0,_
753,0,琴弦泪❤,0,86,1,8,9,70,1,会给你们推荐一些好玩的游戏，大约都是抖音上的，所以不用下载，点击下方连接去游戏就可以玩儿啦！我会也拍一些视频啦，等等等等！！！爱你们哟！_
754,0,陌亦兮,0,24,1,0,0,482,0,_
755,0,苏沐染,81,776,38,19,23,6594,1,请不要一次性赞我所有作品，不然咱们小黑屋见🌚🌝皇🌟宝藏男孩范丞丞(Adam)权🌟宝藏男孩黄明昊(Justin)富🌟本人是丞星+nana+皇权富贵女孩贵🌟闺蜜是逆光·初夏禁止欺负是🌟低线：黄权富贵，百分九宝🌟禁止骂皇权富贵！！！藏🌟粉丝名:水晶女孩🌟QQ：17784814995🌟最后一个爱百分九所有人_
756,0,gfxc,18,53,4,7,7,176,0,_
757,0,陈青青。,0,54,7,0,0,21,0,_
758,0,Dなるear,0,54,2,0,0,0,0,_
759,0,真心对待,257,1520,33,36,40,1239,1,开心就好，活着就要珍惜_
760,0,如花似玉,189,498,9,72,72,643,0,_
761,0,蜜桃果酱❤️（爱丽丝）,11,60,44,2,3,0,1,本人：蜜桃果酱只要和我头像一样，在某个视频里的评论上，写什么都可以，我就会关注你_
762,0,德云二奶奶,20,100,28,2,2,6149,1,偏爱于子淇_
763,0,マラ田原,233,241,51,0,0,0,0,_
764,0,不想起来,1,70,1,6,6,537,0,_
765,0,小常总 你的,0,400,0,0,0,579,0,_
766,0,非著名抠脚大汉,30,174,18,8,8,0,1,一个普普通通的精神病患者~_
767,0,卉卉,581,2752,155,3,3,39463,0,_
768,0,用户3818571723809,2,520,2,1,1,7036,0,_
769,0,人间旺仔是嘉哥,0,728,21,0,0,14642,0,_
770,0,大厂女孩(互大厂),0,676,44,0,0,1534,1,喜欢百分九_
771,0,看了很多次日落,4637,306,108,8,12,0,1,爱NINEPERCENT_
772,0,一只打呼噜的猪,42,424,63,3,3,19180,1,ikun_
773,0,茶丸鸭【希家】,29,73,38,2,2,0,1,闺闺：“初如辞”🌝🔫看啥看没了，本人单身狗一只🌚🖕🏻_
774,0,现现,13,169,1,3,3,744,0,_
775,0,江承.,0,39,6,0,0,317,0,_
776,0,EL,0,339,6,0,0,2043,0,_
777,0,仙女miumiu酱٩(๑^o^๑)۶,4,796,5,3,3,2772,0,_
778,0,宝宝,192,71,44,27,27,85,1,一个很有才得人！！只不过没有发挥的空间！！_
779,0,DC❤️草莓果酱❤️(小树荫),50,106,18,7,7,56,1,宝藏女孩:王珞丹我最喜欢的的电视剧《急诊科医生》    丹入磁心，磁伴丹行。                   丹磁处处在，珞丹我最爱。可乐要加冰，爱丹要用心。农夫山泉有甜，不爱丹丹有点悬。(每天更新四条视频)_
780,0,小姐姐,144,994,101,17,17,7906,0,_
781,0,水瓶晴晴,0,53,0,0,0,84,0,_
782,0,郑义涵,131,60,21,16,16,271,0,_
783,0,stra.天梦(清关中),256,294,129,30,36,2941,1,本人来樱花校园模拟器和崽崽模拟器❤️💛💚💙💜大目标是:一万粉，小目标是:1000粉可以给我投稿，100粉福利你自己选择每个人的福利可以不同，1000粉时露声，5000粉时还是找徒弟(只有十位名额)，10000粉时露脸师傅:奶糖(已有师傅了，不找师傅)我的粉丝叫:天浪_
784,0,用户172889995344,0,134,0,0,0,0,0,_
785,0,迷你世界🌈草莓(断更中),381,536,66,35,37,0,1,昵称是自己取哒！一个没有流量的女孩纸！粉丝过60粉用自己的声音配音🙈（会用变声器）徒弟兼姐姐@迷你世界🌈蓝莓底线：草苗~徒弟~ ❤️Baby~ blackpink！_
786,0,LQY.@,0,171,0,0,0,182,0,_
787,0,啊禄,0,22,13,0,0,0,0,_
788,0,🌈星晨🌈,117,1200,93,0,0,0,0,_
789,0,洗脸小王子玛卡巴卡,0,3160,10,0,0,8513,0,_
790,0,对方正在输入……,0,947,5,0,0,5165,0,_
791,0,朵朵宝贝,20,251,1,0,0,0,0,_
792,0,刘玉文,16,67,6,4,4,404,0,_
793,0,四玲,95,364,32,117,117,1500,0,_
794,0,贩卖星月的熊,358,2164,113,8,8,28417,0,_
795,0,春夏秋冬,116,17,33,0,0,0,0,_
796,0,小欣💕💕,325,823,30,86,87,2286,1,你关注了我，我照样关注你。_
797,0,唯祎✨,21,71,49,0,0,0,0,_
798,0,EvaSiyu。,34,288,37,3,3,5245,0,_
799,0,hc,0,75,1,0,0,0,0,_
800,0,一切随缘2951760619555,104,187,35,31,31,585,1,nanyating_
801,0,💫布丁奶油土💫,3500,721,292,50,52,8262,1,❤️德云女孩❤️_
802,0,杨任,0,76,27,0,0,628,0,_
803,0,奶味青桔,162,263,43,8,11,525,0,_
804,0,用户1791170869081,0,203,1,0,0,199,0,_
805,0,好好,67,124,6,33,33,256,1,今年12岁，上五年级。在北师大任丘附属学校。我有一个幸福的家庭。_
806,0,棠.,0,887,11,0,0,0,0,_
807,0,小韩妮,16,534,4,22,22,280,0,_
808,0,我是白月光啊！（德云女孩）,4,48,21,2,4,1138,0,_
809,0,超爱老代,5,21,32,1,1,4732,1,6_
810,0,摩卡星人,22,331,49,4,4,746,1,专业生产销售控制电缆 防老化线_
811,0,今天想新语了嘛/,0,291,41,0,0,583,0,_
812,0,鲸落♡,0,179,3,0,0,2274,0,_
813,0,迷你世界💕洛熙,121,123,6,30,30,3407,1,我有二个闺蜜，她叫迷你世界♥洛瑶，可爱的奶糖呀!大家可以关注她们，但是不要骂她们好吧？如果让我知道了，战场上不见不散哦_
814,0,4M6佳然,11,1663,52,4,4,2780,1,狮子座_
815,0,美姿曰化,578,55,93,30,30,0,1,承蒙厚爱，谢谢你的关注。_
816,0,小离别,63,3510,25,0,0,0,0,_
817,0,用户2015916136706,0,129,2,1,1,5,0,_
818,0,用户3980324630597,0,115,0,0,0,0,0,_
819,0,清樱（暂退）,3,70,8,1,1,211,1,我决定退出学习博主。因为要开学了。_
820,0,萌宝,3746,174,139,295,295,5538,1,和妈妈一起拍抖音很开心。_
821,0,H C B,7,1579,32,1,1,9720,0,_
822,0,陈大琼琼,802,1132,293,29,31,1747,1,V ：cq18756084287_
823,0,开心之宝，,235,175,32,55,55,4792,0,_
824,0,创艺天然石制品厂,1347,4947,2348,68,70,1085,1,本厂专业生产美容器，养生产品。欢迎选购或订制，联系电话18675288738唐生，微信同号_
825,0,小溪。,160,564,14,0,0,0,0,_
826,0,雨欣❤,234,43,19,31,31,967,1,只有我，守着安静的沙漠等待着花开_
827,0,用户198230,5,23,2,1,1,132,0,_
828,0,筱芯呀,0,1010,8,0,0,0,0,_
829,0,李哈哈,0,335,0,0,0,17915,0,_
830,0,楠楠爱喝奶,75,295,42,7,7,3210,0,_
831,0,❤️姜小姐❤️,22339,797,6105,143,143,0,1,做一个爱笑的小仙女🧚‍♀️往后余生只想被宠，不想被吼……凌晨直播等亲爱的他谢谢你这么有气质关注我😘😘_
832,0,孙鑫没睡醒🌈,0,146,7,0,0,630,0,_
833,0,太阳奶酪,0,65,25,0,0,634,0,_
834,0,@小か华,0,267,8,0,0,4710,0,_
835,0,靓妹酱.,0,597,33,0,0,933,1,爱帅哥酱._
836,0,苏.,0,43,29,0,0,0,1,可盐可甜_
837,0,顾南が玖,0,362,101,0,0,2,0,_
838,0,小天使有点萌,507,783,33,112,112,5791,1,来都来了。                                                                                              😄🌸就关注一下吧，🌸🌸😄🌸你关注我也就关注你哦，你点赞我也就点赞你哦。🌸🌸😄🌸❤️💖_
839,0,深情,9,261,8,4,4,1889,1,一个可爱的天蝎女_
840,0,小屁孩❤️,210,676,39,0,2,6383,1,希望在抖音里面粉丝越来越多，这就是我最大的心愿。爱你们_
841,0,…：…：,0,169,135,0,0,18120,1,离过婚 带三娃_
842,0,世界,0,301,2,0,0,81,0,_
843,0,陌～三岁꧂,5,60,12,0,0,0,0,_
844,0,独玖-,81,219,21,40,40,593,0,_
845,0,帅哥,12,134,7,4,4,296,0,_
846,0,王小雅,1193,67,107,116,116,3113,1,如果没有人陪，请学会一个人听音乐、吃饭、逛街、娱乐，我告诉自己这是个好习惯_
847,0,孤狼,2559,1685,394,152,152,1676,1,干就完了_
848,0,自娱自乐,449,1436,305,22,22,4857,1,高调做事低调做人_
849,0,陌路人,19,658,12,4,7,345,0,_
850,0,Xxx',56,31,13,9,9,0,1,等到了天黑等不到你._
851,0,贝贝真可爱😜,55,1890,20,19,19,4424,0,_
852,0,涵涵🍓,4,31,9,0,3,0,1,✨我是涵涵🍓我是一个五年级11岁的女孩纸！🎀希望你们可以支持我！😘粉丝到一千了我会给大家福利🎉🎉我是一个学习主博💝我会教你们做盲盒，盲袋🎨我喜欢录ⅴlogg_
853,0,樱桃大丸子,43,775,12,8,8,0,1,好想要个哥哥啊！！！_
854,0,爽歪歪,8,285,12,1,1,6689,1,爱关注不关注，反正我长得不好看_
855,0,月月,0,23,10,0,0,20,0,_
856,0,世本常态,35,93,12,9,9,400,0,_
857,0,L.A,0,148,32,0,0,193,1,喜欢帅哥🔜_
858,0,公主,36,1102,31,23,24,33585,1,喜欢舞蹈_
859,0,爱你的紫坤,34,125,6,7,7,645,0,_
860,0,卑微小韩,59,202,25,5,5,4598,0,_
861,0,Floating dream,0,20,1,0,0,0,0,_
862,0,任芮函,0,7,0,0,0,0,0,_
863,0,星⭐,0,102,0,0,0,126,0,_
864,0,旧人哭 〔Fa1r〕°,12,290,11,3,3,188,1,社会有型有样，但姐不是你对象_
865,0,汇美美白牙齿,15,52,10,2,3,44,1,没什么特别大的理想做好当下的事情最好_
866,0,天天喝水,64,579,6,29,30,3296,1,老子最酷。_
867,0,一只小郝,100,229,23,11,14,0,0,_
868,0,👼,119,448,48,25,25,11446,1,什么让我难过我就放弃什么_
869,0,傻凡,0,36,29,0,0,0,0,_
870,0,😃,56,190,27,5,6,0,0,_
871,0,ZZH,0,551,16,0,0,0,0,_
872,0,喵喵干什么？,0,606,1,0,0,1249,0,_
873,0,一点了,0,6,0,0,0,10,0,_
874,0,用户8744287754096,0,2,0,0,0,21,0,_
875,0,Indulge,0,22,0,0,0,52,0,_
876,0,你的小棉袄呀,2,1082,1,3,3,56,0,_
877,0,嫑忐,0,30,0,0,0,0,0,_
878,0,萍萍,59,912,25,27,27,801,1,我是可爱的小公主_
879,0,彤彤💎💝💍👑,98,232,57,14,15,7707,1,🍔🍉🍊🍎🍓🍘🍙🍚🍛🍜🍝🍞🍟🍡🍢🍣🍦🍧🍰🍱🍲🍏🍸🍶☕🍵🍳🍐🍋🍌🍇🍈🍒🍑🍍🍗🌽🌰🍯🍤🍗🍖🍕🍥🍨🍮🍭🍬🍫🍩🍪🍹🎂💛💚💙💜💖💝😍_
880,0,妞妞,953,462,153,37,38,0,0,_
881,0,你的刘,1166,1057,67,796,798,5610,0,_
882,0,大草苺,47,66,18,19,19,0,1,到1000粉丝有福利_
883,0,枫叶红了,1157,794,312,176,177,3355,0,_
884,0,孙顥予,162,124,57,29,29,151,0,_
885,0,🍑,54,2314,32,6,9,5676,0,_
886,0,尴尬到脸酸,0,188,8,0,0,451,0,_
887,0,张浩宇,10,784,15,3,3,200,0,_
888,0,苏辰,438,1812,134,101,101,6954,0,_
889,0,空城,0,277,3,0,0,0,0,_
890,0,崔苏儿🍉,3,170,7,2,2,109,1,哈喽，大家好，我是崔苏儿接下来我会拍一些日常请多多关照_
891,0,灵芬,20,297,4,17,17,29,0,_
892,0,おりゆき,4,204,20,2,2,244,1,开心就好_
893,0,淡写 ╮青春,7,236,24,0,0,0,0,_
894,0,我是你的小星星,911,177,130,249,250,606,1,大名王韶涵中名韶涵小名涵涵几岁10岁女加一个关注_
895,0,到1W在露脸,66,799,59,42,42,1595,1,😊😊😊😊❤️❤️❤️😊😊❤️❤️❤️😊😊😊😊 😊😊😊❤️❤️❤️❤️❤️❤️❤️❤️❤️❤️😊😊😊😊😊❤️❤️❤️❤️❤️❤️❤️❤️❤️❤️❤️❤️😊😊☺️☺️☺️❤️❤️❤️❤️❤️❤️❤️❤️❤️❤️😊😊😊😊😊😊😊❤️❤️❤️❤️❤️❤️❤️❤️😊😊😊😊😊😊😊😊😊❤️❤️❤️❤️❤️❤️😊😊😊😊😊😊😊😊😊😊😊❤️❤️❤️❤️😊😊😊😊😊😊_
896,0,dy4lywo7sns3,0,4,0,0,0,2,0,_
897,0,♡fxt♡,613,1152,79,0,0,0,1,双子座♊♊♊♊♊♊♊♊♊♊♊0611_
898,0,用户6494113977616,59,358,3,67,69,446,0,_
899,0,周妈妈,0,615,5,0,0,1887,0,_
900,0,苏辞💔(永爱热巴),276,129,59,35,35,464,1,💫已有闺蜜，未成年，已黑化💫这个人我护定了仙初梦，你敢动去试试💫爱豆：迪丽热巴💫年龄：十岁💫过几天就上学了❤只爱迪丽热巴❤不要一次性赞我作品❤取关吃屎💩_
901,0,Yi同学,2,195,6,0,0,0,0,_
902,0,幸运.顾茶凌💫,633,513,5249,12,12,0,1,-幸运社团认证成员✨-干干净净 与世无争🍃-请记住9月3日💦-围脖:柚茶小凌-取关的人胖100000000000斤😏_
903,0,小仙女,14,129,13,4,4,1014,0,_
904,0,你知道的,2,284,2,1,1,3225,0,_
905,0,-Lzq🕊🕊,0,32,9,0,0,0,0,_
906,0,JSwag-,4,102,4,0,1,773,1,平安喜樂萬事勝意_
907,0,努力的💫白桃🍑,102,191,30,7,7,1624,1,本人女孩 不是10岁_
908,0,sorry,0,51,0,0,0,0,0,_
909,0,JIANG Yi CHEN,679,4910,72,168,168,0,1,大号就是这个小号是小椰子🥥小号不怎么了更大号有空更尽量更谢谢你的关注🤞🦄🦄🦄🦄🦄🦄🦄_
910,0,O.GNJCFVK,163,703,29,23,27,53718,1,哈尔滨师范大学19届新生_
911,0,RANty-,0,7,8,0,0,2792,0,_
912,0,✔︎,53,96,29,9,9,886,1,ᴴᵒᵗ ʷᵃᵗᵉʳ ᶜᵃⁿ'ᵗ ᶜᵘʳᵉ ᵃˡˡ ᵏⁱⁿᵈˢ ᵒᶠ ⁱˡˡⁿᵉˢˢᵉˢᵇᵘᵗ ⁱᵗ ᶜᵃⁿ'ᵗ ˡᵃˢᵗ ᵃ ˡⁱᶠᵉᵗⁱᵐᵉ._
913,0,李金庆,0,88,23,2,2,631,0,_
914,0,家里的大公主。,163,221,12,99,100,270,0,_
915,0,不交心何必呢,24,150,8,3,3,2091,0,_
916,0,纯姐,4,25,5,1,1,18,1,不管是谁，都得听我的知道了没？_
917,0,用户8394044232714,14,48,12,4,4,732,0,_
918,0,Lucas.,5,2565,13,1,1,10001,0,_
919,0,蝴蝶结,0,616,2,0,0,663,0,_
920,0,Ding佳琦./,0,13,3,0,0,7,0,_
921,0,小福泥和小羊吖！,0,144,6,0,0,12,1,喜欢德云社_
922,0,小曹同学.,0,188,12,0,0,4041,1,女孩子就是要不动声色，慢慢发光_
923,0,小女生,255,532,36,66,66,774,0,_
924,0,李晨馨,14,107,39,1,1,1972,0,_
925,0,肖战,0,27,1,0,0,16,0,_
926,0,楚晴,0,50,0,0,0,8,0,_
927,0,可可爱爱的德云女孩呀,0,81,2,0,0,9,1,德云女孩呀！_
928,0,D_D,0,1,3,0,0,0,0,_
929,0,酱酱,1,76,7,1,1,115,0,_
930,0,霄云芳,0,114,0,0,0,0,0,_
931,0,是涵涵鸭～💫,385,130,197,15,16,1378,1,可交友，🉑️处关系，也可以有徒弟-请大家多多投稿呀-杂到不能再杂的博主（游戏主播，颜值主播，学习主播）-慢动作玩家！！！-剪视频的时间都是利用空余的时间-严重限流！-不要一次性赞我所有视频！-清关抱歉-（冲250粉）有福利-取关知一声，你又不是哑巴_
932,0,颜小七,0,47,4,0,0,0,0,_
933,0,快乐过好每一天,50,229,12,29,33,2067,0,_
934,0,",",0,80,7,0,0,30,0,_
935,0,小徐hh,0,248,2,0,0,2294,1,嗯_
936,0,郭孜怡,0,29,24,0,0,35,0,_
937,0,lie,20,291,9,2,2,0,0,_
938,0,我哥是佩琪！,3,174,24,1,1,837,0,_
939,0,是莹,0,46,61,0,0,534,1,我不止一次的和你说过那样我会难过_
940,0,一克拉的梦想♚,275,907,21,129,129,12077,1,蟹蟹关注_
941,0,漫步,1,63,3,3,3,310,0,_
942,0,❤夜幕星河ℱ℘☆彡,22,1205,66,0,1,7515,0,_
943,0,白弟,61,125,11,9,9,294,1,爱薛之谦_
944,0,困困困了怎么办,0,600,13,0,0,0,0,_
945,0,是小亚呀,30,92,46,0,0,1357,1,不为往事忧  余生只愿笑_
946,0,大同粉条,298,476,131,26,26,5397,1,大同粉条，好吃不贵。电话13133269290_
947,0,气泡,0,477,20,0,0,445,0,_
948,0,茹小仙🌸🦄,3308,184,162,0,0,0,0,_
949,0,Alaso,0,19,13,0,0,0,0,_
950,0,草莓最甜了,3402,211,126,174,176,1271,1,多謝你們的赞。_
951,0,梓暄,29,389,12,8,8,1762,0,_
952,0,萱萱,417,199,65,121,121,1287,0,_
953,0,晶 李,34,800,28,5,5,16484,0,_
954,0,.sun.,358,74,64,5,5,0,1,🤐_
955,0,草莓爱糖果🍓,3,26,1,2,2,22,0,_
956,0,起床困难户～,0,1032,2,0,0,0,0,_
957,0,唐元,1186,44,190,97,98,1379,0,_
958,0,陈康康,0,260,17,0,0,0,1,🐶康康_
959,0,可爱的小萱萱❤️❤️🎂,387,356,79,78,78,817,0,_
960,0,华,256,193,29,95,95,1257,0,_
961,0,苏小小小小,0,15,11,0,0,6,0,_
962,0,珍姐,6,68,14,0,6,76,0,_
963,0,给老秦邮寄月亮,0,199,6,0,0,260,0,_
964,0,蛋壳,626,17,82,150,154,19036,0,_
965,0,楚慧是朝鲜族哇🇰🇵🧚🏻‍♀️,0,149,1,0,0,432,0,_
966,0,蜡笔小兴⭐,21,78,18,7,7,703,1,别拿别人和我比毕竟我不是别人。_
967,0,∴,0,24,4,0,0,288,0,_
968,0,吉祥一家,0,427,2,0,0,1062,0,_
969,0,小远远,0,661,81,0,0,0,0,_
970,0,李憨憨,0,637,7,0,0,7488,0,_
971,0,星辰……（已丧）,671,944,224,113,113,7158,1,谢谢你的关注，黑粉给我滚远点。上学中可能暑假回了我退了暑假见吧我会想你们的拜拜已丧_
972,0,芒果巧克力,0,77,1,0,0,65,0,_
973,0,稀稀的曦曦呀！✨,0,230,53,0,0,6278,0,_
974,0,冰冰同学,2,61,1,2,2,224,1,软件而已_
975,0,限流😋爱上九柟憨❣️,2033,1218,114,256,256,0,1,别气馁，明天空中会有新的棉花糖🌈🌅🦄她在关注你哦⊙∀⊙！以后会每周更新两～三个视频因为快毕业了，所以要努努力_
976,0,张多多,24,179,8,0,0,0,0,_
977,0,甜甜蜜蜜❤,0,644,37,0,2,99,1,我是你们的开心果_
978,0,解嘉琳,25,2344,19,6,6,1171,0,_
979,0,🌈,486,186,79,25,28,2266,1,废话 荒谬 复古 青春_
980,0,囍.,29,113,14,19,19,4601,0,_
981,0,AK_小陈喜欢小葵✨,425,1963,124,12,13,0,1,💨披金成王，伴坤远航我是ikun_
982,0,@刘星星,0,100,10,0,0,7,0,_
983,0,肇州今麦郎饮品邱水泉💯,60,90,37,16,16,6,1,肇州县今麦郎饮品电话☎️13555552286_
984,0,兵霞91TOP山海菁,104,237,158,11,12,512,0,_
985,0,迁就你一生,0,897,6,0,0,0,0,_
986,0,用户4927902822044,0,149,0,0,0,148,0,_
987,0,砂糖橘女孩👧,0,388,4,0,0,798,0,_
988,0,ALICE🕊️.,164,1618,84,16,16,4265,1,大号在关注里自己找吧🕊️限流爱上了凌兮🌼我是凌兮✨感谢关注🥕爱你们💖_
989,0,用户4859310562749,0,17,1,0,0,0,0,_
990,0,拾壹🧡,6,254,1,6,6,0,1,没有期待  不温不凉   不喜不悲   没有失望ᶫᵒᵛᵉᵧₒᵤ_
991,0,用户703810411442,2,711,4,0,3,680,0,_
992,0,✨万丛一朵仙女花🌈,939,933,158,101,101,16377,1,🌈BLACKPINK  in your erea✨✨_
993,0,特别的人,127,11,42,20,20,1,1,人活一世你就负责善良 剩下自有老天来打赏💕_
994,0,短发女孩,47,191,14,15,15,1739,1,一个可爱的人_
995,0,柠檬树上的少女.,155,975,635,4,4,7040,0,_
996,0,蟹老板,269,663,64,96,96,387,1,你想爱一个人，就要去努力。加油😊_
997,0,用户5350122532438,0,109,12,0,0,135,0,_
998,0,可乐舅舅🐯🐯🐯,91,443,20,12,12,536,0,_
999,0,🌈,7,22,24,3,3,0,0,_
1000,0,野亦•🖤,24,99,26,9,9,291,0,_
1001,0,姑苏一览风月,359,377,78,16,18,837,0,_
1002,0,Sunflower🌻,708,4738,83,30,30,0,1,星河滚烫，你是人间理想人间烟火，山河远阔。无一是你，无一不是你！I hope you're here for me_
1003,0,悠然然,0,9,0,0,0,36,0,_
1004,0,苏璃茉,0,261,2,0,0,0,0,_
1005,0,小可娃,455,63,41,30,30,582,0,_
1006,0,暮雪玖儿,81,441,19,24,24,1511,1,宝宝很懒……_
1007,0,王东外贸皮草折扣店,3271,2041,3368,695,695,1319,1,快来瞧瞧V16643589736实体店长春东北亚皮草城_
1008,0,清欢.（互）,167,894,142,30,32,15158,0,_
1009,0,赵志豪,98,106,23,23,24,1625,0,_
1010,0,༻ི ༊末落༊༄ 💮💯,420,3551,49,41,42,20921,1,超✨哈喽✨欢迎来到末落的主页宠✨本人✨的目标是粉丝破1000                               粉✨最喜欢✨的宠物是🐱and🐶滴✨唯爱✨💖BLACKPINK  lisa和虞书欣  迪丽热巴粉丝破1000露脸👀如果✨你喜欢我就关注我吧！就这样了灰灰🌬_
1011,0,无语,0,946,3,0,0,1984,0,_
1012,0,tttt,4,112,2,2,2,11,0,_
1013,0,不知道啥名字,1,100,1,1,1,1650,0,_
1014,0,너무너무🍉🍉,2,751,8,2,2,0,0,_
1015,0,用户4932030763221,0,75,1,0,0,213,0,_
1016,0,樱花,1,163,0,1,1,202,1,嗨！_
1017,0,深海少女心♡,77,161,65,20,20,2569,1,本人是00后的🇨🇳👧🏻所有图来源于网络（不喜误喷）最近在上课，会不定期更新哦感谢你的关注呀[比心]_
1018,0,小柠檬,0,723,35,0,0,535,1,我是一个普通的学生党_
1019,0,撸死它,502,81,43,64,64,1292,0,_
1020,0,小小公交,44,1562,16,22,22,5999,0,_
1021,0,刘佳璇,0,21,2,0,0,279,0,_
1022,0,小小鱼,0,12,6,0,0,6,0,_
1023,0,蕾蕾,0,57,3,0,0,0,0,_
1024,0,浪子&Ambition,0,522,10,0,0,6053,0,_
1025,0,……,0,267,59,0,0,39609,1,谢谢你的关注_
1026,0,打不过我,104,172,32,21,23,666,0,_
1027,0,初次拥抱,0,15,1,0,0,76,1,粉丝到一百我就爆照哦_
1028,0,樱桃小布丁🍮,137,241,28,38,38,347,1,我们可以做个朋友💋_
1029,0,💥,0,277,14,0,0,76,0,_
1030,0,用户4122289427655,0,244,0,0,0,47,0,_
1031,0,C,0,102,16,0,0,0,0,_
1032,0,阿瑾,46,858,44,6,6,1425,0,_
1033,0,日醉长久,0,165,9,0,0,1377,0,_
1034,0,晨曦🐷🐽,60,396,29,9,23,1504,1,和@晨曦🦄👾@ 笑笑蔓蔓👭🏻是一个人_
1035,0,Cp比如基德和柯南等等等等等。,703,394,56,115,116,6890,1,马上就要50多个了哟加油！(如果粉丝有50多个的话，头像换成自己画的)_
1036,0,雨后彩虹_257087849,46,120,25,8,8,176,0,_
1037,0,冰天雪地,16,336,11,4,4,551,1,马嘉乐_
1038,0,A某人,85,478,28,35,36,929,0,_
1039,0,浅柠半夏,0,155,5,0,0,421,1,每天要快快乐乐长大！_
