0,0,小军先,642,16,1261,50,51,0,1,去见你想见的人，去做你想做的事趁阳光正好，趁微风不燥，趁你未老。跌倒了再爬起来，不经历风雨怎么会看到彩虹🌈加油，点个赞👍，送给我也送给你自己！🤗🤗_
1,0,MyEun,0,265,2,0,0,0,0,_
2,0,Fairy小仙女🧚♀️,130015,473,59388,81,82,396,1,vb：fairy_liii个人❤️vx：fairyfeng1_
3,0,嗯哼,0,195,1,0,0,726,0,_
4,0,Shiro Kok ,0,42,3,0,0,207,0,_
5,0,用户235746733,45,479,6,6,6,11951,0,_
6,0,土豆粉,15,306,44,3,5,4406,0,_
7,0,望尔离去的背影,55067,1119,1710,231,236,8352,1,手握着小瓶子 装平凡的日子 生活中大小事  熟悉的过客_
8,0,明人不放暗屁,1,656,6,0,0,0,0,_
9,0,MZY,6,1155,56,4,4,8357,0,_
10,0,C.Q,203,2451,65,36,56,5947,1,你奇奇怪怪     💜💜我可可爱爱_
11,0,春暖花开,141,50,36,19,20,8043,0,_
12,0,柠檬花调.,0,699,16,0,0,629,0,_
13,0,用户8077329000447,0,16,9,1,1,151,0,_
14,0,千夜家的崽儿（若蜉哟）,73,76,10,20,20,271,0,_
15,0,双💗双,82,184,40,9,9,245,0,_
16,0,加加加加菲,12,50,6,6,6,174,0,_
17,0,银月,5,436,3,0,0,0,0,_
18,0,用户4501437115385,0,16,0,0,0,8,0,_
19,0,xaY.👺,0,1203,28,0,0,10380,1,04 boyyyy🌟🍀1108 16_
20,0,大柒柒…,1,3828,8,0,1,0,1,愿望:做大佬的女人，收到老多的嫂子好(狗头保命)_
21,0,颢源,10,76,31,2,2,600,0,_
22,0,慕凌cherr.siter,0,1211,43,0,0,2132,0,_
23,0,记录减肥,9,75,73,3,7,145,0,_
24,0,WY,67,789,33,19,19,566,0,_
25,0,馨宝吖💕,100,33,21,6,6,86,1,一个减肥中的漂亮girl_
26,0,莫说话,3,93,29,1,3,429,1,我嫉妒你的爱气势如虹_
27,0,江与岛,4,576,24,1,1,20221,1,楠楠QQ，2824515595谢谢大家喜欢_
28,0,取名字好麻烦,0,4456,70,0,0,13238,0,_
29,0,牢底,0,1395,8,0,0,777,0,_
30,0,💚,56,243,31,4,4,2919,0,_
31,0,斑布呀,10,204,31,1,1,3,0,_
32,0,夜笙了不起.（省露娜）,0,623,30,0,0,2752,0,_
33,0,安儿,570,4431,304,51,51,3792,1,喜欢自由自在的生活_
34,0,@空,0,54,18,0,0,0,1,一切皆是梦，一切终是空。_
35,0,十一,0,193,28,0,0,0,0,_
36,0,Nick,8,183,8,2,2,250,0,_
37,0,蕐蕐,0,146,9,0,0,7946,0,_
38,0,。,0,18,1,0,0,60,0,_
39,0,n青蛙王子,0,19,4,0,0,24,0,_
40,0,祥,0,583,0,0,1,756,0,_
41,0,双人格的成都,8,132,7,3,8,241,1,我这个人不赞网红不赞星，只赞中国五角星🇨🇳还有不感动我的视频不赞～嘻嘻😊_
42,0,用户9313594610110,0,79,1,0,0,0,0,_
43,0,影流之星,6,379,2,1,1,64,0,_
44,0,安澜,7,54,15,1,4,3744,0,_
45,0,用户6081537153075,0,204,0,0,0,12,1,小明快跑_
46,0,影视圈魔王,0,27,1,0,0,0,0,_
47,0,微微05183,0,90,10,0,0,125,0,_
48,0,在星空之下,25,34,10,4,4,119,1,曾留恋无尽深渊，如今在寻找璀璨的星空，行走在星空之下，却听不清梦的叹息_
49,0,荨航,238,111,46,35,53,0,0,_
50,0,leng呱,0,89,0,0,0,144,0,_
51,0,我不玩抖音,0,322,31,0,1,6593,1,你喜欢婧婧吗_
52,0,用户8952592804402,0,372,2,0,0,2381,0,_
53,0,,0,135,8,0,0,1986,0,_
54,0,Bila,0,73,12,0,0,360,0,_
55,0,uc的联邦少年,57,13,6,14,14,3365,0,_
56,0,张三追剧,2990994,98,233045,172,173,2091,1,每日更新精彩剧集！宅家追剧吧！_
57,0,袁嘉悦,0,251,43,0,1,1264,0,_
58,0,Sham,0,47,1,0,0,2934,0,_
59,0,太阳,0,143,0,0,0,1854,0,_
60,0,姑娘本不是女汉子,0,173,8,0,0,271,0,_
61,0,用户3280491345874,1,149,1,0,8,755,0,_
62,0,花子君与八寻宁宁,1,728,0,1,1,1548,0,_
63,0,"别闹,",76,386,18,8,8,40271,0,_
64,0,易只烊_,0,60,5,0,0,0,0,_
65,0,用户2705028747554,12,2442,9,9,9,37,0,_
66,0,Provence,0,938,18,2,2,552,0,_
67,0,JustinWANG,221,474,21,12,12,2655,1,小号胡扯拉扯，这里是大号，以后主要在这里更新_
68,0,蓝色的海,60,374,11,11,11,6037,0,_
69,0,攒银子,627,112,29,61,62,1986,0,_
70,0,MOLVSE,0,59,7,0,0,8042,0,_
71,0,马蜂窝汽车服务,0,35,18,0,0,21,0,_
72,0,勇,13,70,24,1,2,29203,0,_
73,0,Vergissmeimicht,3,545,4,3,4,396,0,_
74,0,单身狗,0,76,0,0,0,30,0,_
75,0,用户876437,1,111,12,0,1,1651,0,_
76,0,🀞㌕㌕㌕㌕㌕㌕㌕㌕㌕㌕,0,296,19,0,0,11340,1,🙃_
77,0,我是静静,0,540,58,0,0,1671,0,_
78,0,小白鹅,581,4153,305,0,0,0,0,_
79,0,用户7802041057072,0,1,5,0,1,42,0,_
80,0,用户7812252035116,0,10,0,0,0,5,0,_
81,0,danni*宣,31,180,17,7,7,290,0,_
82,0,用户011391,9,39,19,2,2,218,0,_
83,0,jiajiajia,309,61,48,31,31,0,1,优点保持住，缺点尽量改🤨_
84,0,第十人称,0,341,0,0,0,588,0,_
85,0,諳諳諳諳🙆🏻,0,109,1,0,0,7246,0,_
86,0,好名字,0,940,45,0,0,0,0,_
87,0,丑64795291,0,32,4,0,0,1289,0,_
88,0,四叶草＆贤,33,2893,17,7,8,17397,0,_
89,0,BUG_91x,0,52,13,0,0,199,1,i_
90,0,chrven,5,4134,66,2,2,5866,0,_
91,0,嘉儿🌸,166,835,72,24,25,13513,0,_
92,0,zzq,0,155,22,0,0,0,0,_
93,0,公子,16,19,5,3,5,1,0,_
94,0,神家小岳,16,363,43,2,4,6790,0,_
95,0,灿白兜里的糖,2542,137,240,19,19,5206,1,一名小爱丽_
96,0,巴布巴拉wwww,30,37,0,4,4,458,0,_
97,0,The    coastline,0,61,2,0,1,747,0,_
98,0,雨停,98,565,28,37,38,1707,1,IG：_lut_pcy__
99,0,初钢镚子,301,157,70,28,28,118,0,_
100,0,鳄鱼的流泪,0,781,5,0,0,778,0,_
101,0,cheng666,0,4912,38,0,0,134,0,_
102,0,此情永相随,0,143,2,0,0,26,0,_
103,0,udghjdk,0,337,2,0,0,690,0,_
104,0,A_賀赢グ💰 ,688,87,102,13,13,514,1,乐观 积极向上  人生就是需要不断攀爬 一个工作11年的95后_
105,0,李诗韵,0,108,6,0,0,365,0,_
106,0,无名者灬,0,63,0,0,0,871,0,_
107,0,MAN。斗星,69,3802,46,25,25,20385,0,_
108,0,爱做泥的丫头,0,97,0,0,0,113,0,_
109,0,MY,626,743,131,70,70,6728,0,_
110,0,pvz2国服猕猴桃,2,1254,5,2,2,2541,0,_
111,0,黄燕纯,566,40,95,78,78,55,0,_
112,0,SuSu子非鱼🐟,2309,1302,156,302,324,4820,1,心软是病，得治！给我个药💊吧～你为什么不快乐？因为太懂事，就没有人会懂你了！自私点吧……_
113,0,YUI,3627,176,1583,9,19,520,1,问苍茫大地谁主沉浮，姆们姆们姆们！_
114,0,终究太过晚-我要扣篮🏀,0,328,3,0,0,321,1,1、现在他们确实比我强，但我相信在不久的将来会打败他们。——姚明2、我们有着一颗冠军的心。3、不要换我下场，我死后多的是时间休息。——巴克利4、我把每一场比赛都当作我最后的一场比赛来打。——艾弗森5、我可以接受失败，但无法接受放弃。——乔丹6、即使世界抛弃了我，可还有篮球陪着我。——科比_
115,0,娃娃,108,165,52,14,15,6064,0,_
116,0,军少,0,1041,2,3,3,86,0,_
117,0,小笛,224,4306,33,46,50,51379,1,真实_
118,0,🐻小猴子,5,705,9,1,1,1167,0,_
119,0,桑瑜,0,3680,43,0,0,138711,0,_
120,0,周计,0,86,3,0,0,7,0,_
121,0,疤头疤头我是秃头(蛇院女孩🐍)暂退,1108,492,132,24,24,275,1,请不要一次性赞我所有的视频，谢谢是一枚哈迷磕的CP是德哈现实中磕汤艾破1000粉丝就给你们唱个歌🌚🌚🌚_
122,0,"-/:,,:-",62,3153,43,9,9,4566,1,感谢关注_
123,0,霸道小虎妞2,0,68,0,0,0,0,1,世上无难事，只怕有心人_
124,0,🌊 疯 🌊,0,435,28,0,0,0,1,不易查看…你行你留名_
125,0,薇薇安,33,118,14,11,11,4620,0,_
126,0,大兔叽的萝卜,6,1265,6,0,0,0,0,_
127,0,大开酷酷,88,85,7,19,19,785,1,超级爱柯南和想去美院_
128,0,用户5620215109695,0,24,0,0,0,0,0,_
129,0,！,0,13,6,0,0,817,0,_
130,0,看我干嘛,0,861,8,0,0,0,1,无_
131,0,凌晨小九,16,88,28,1,1,3472,1,青春年少尽情享乐逍遥自在；经历的都不必记起，往事逝去不必留念。_
132,0,秋野樱少女,36,166,34,6,7,571,1,拿图✈🚅📮在V❤G-Y20012000_
133,0,木木mumu,249,110,8,29,29,0,0,_
134,0,软萌谢广坤🦄,73,43,36,11,12,475,1,爱夏天🧊🧊_
135,0,冉冉宝宝,23,105,12,8,8,680,0,_
136,0,zhufang15,8,97,6,2,2,241,0,_
137,0,幻影（陈科锦）,770,346,117,81,81,11808,1,王者荣耀  苹果手机 微信区 ：Stop留下辣条和平精英 微信区 ：吃鸡狙神陈科锦喜欢玩猴子_
138,0,,0,311,12,0,0,0,0,_
139,0,亟咒,0,125,4,0,0,0,0,_
140,0,好运-,2943,329,194,19,19,3844,1,洒_
141,0,GYQBEIJU,10,1543,9,2,2,1680,0,_
142,0,晚风九九🍃,511,134,29,7,7,845,1,感谢抖音官方平台谢谢大家的关注和喜欢🌊你来或不来，花都为你而开🍃喜欢剪辑，风格不固定🎬剧荒就来找我吧！_
143,0,锦瑟图文设计工作室,5522,166,1107,1,1,14347,1,宝宝们喜欢的网红玩具我们这里都有👇🏻_
144,0,^_^,0,117,12,0,0,13395,0,_
145,0,糖果的宝藏,53,227,31,12,12,2321,0,_
146,0,景小霸,28,25,9,18,18,1697,1,不想签名_
147,0,我是刘某人,0,332,0,0,0,163,0,_
148,0,yk,0,1,0,0,0,5,0,_
149,0,大嘴妹影视,0,98,12,0,0,9,1,❤️感谢官方平台❤️原创剪辑，每日分享，❤️感恩每一位小可爱❤️感谢你们的小心心❤️❤️❤️关🐷我，或许有你想要的。_
150,0,露水生菜,6,357,11,0,0,2852,1,过往不究 未来可期_
151,0,魔术剪辑师,0,33,0,0,0,0,0,_
152,0,玩电影长知识,37700,103,5063,483,484,0,1,宫🀄️号（玩电影长知识）（电影充电波）入群观看完整！_
153,0,p养乐多q,0,42,1,0,0,29,0,_
154,0,傀儡随她皆失,0,320,5,1,1,3565,0,_
155,0,糖糖歪歪,0,274,11,0,0,6392,0,_
156,0,Zdong乐,119,2639,66,9,10,20189,1,(づ ●─● )づ_
157,0,a,0,10,13,0,0,796,0,_
158,0,莱万豆腐司机,0,493,96,0,0,19642,1,安义君_
159,0,黑色,1963,361,591,37,37,0,1,🌌_
160,0,用户5914815466082,0,84,4,0,0,231,0,_
161,0,韬涛不绝,0,7,0,0,0,5,0,_
162,0,大嘴花,4,579,41,0,9,0,0,_
163,0,一杯牛奶,0,244,7,0,0,635,0,_
164,0,52hertz,266,416,71,32,32,2126,0,_
165,0,忘忧剪辑,0,13,0,0,0,32,1,🔥嘿！小可爱就知道你会关注我🔥想看什么剧@me🔥每天持续更新🔥一颗忘忧草送给你_
166,0,圆域内处处解析,0,289,7,0,0,0,0,_
167,0,？？？,61,4993,190,8,8,42291,0,_
168,0,baobeihjz,7,83,28,1,1,532,0,_
169,0,@ATS改装厂车手8014㍿🐶🌟,30,1384,56,10,11,7972,1,玩A9也玩停车场，跟ATS托德是一个车队的_
170,0,雷迦奥特曼,143,3886,78,54,54,1593,0,_
171,0,阿大胖(杠精王),16,1810,24,3,3,14214,1,这个人很懒，什么都没有留下_
172,0,残,0,202,0,0,0,429,0,_
173,0,乖乖兔,68,100,24,32,33,1180,0,_
174,0,家乐福深圳新洲店,150,14,130,10,12,40,1,苏宁易购企业成员地址：深圳市福田区福强路与新洲三街交汇处绿景花园二期_
175,0,俊杰,0,7,0,0,0,1,0,_
176,0,傲娇.,0,4869,218,0,0,0,1,我想有你一直在身边，抱着你我才觉得心安，才知道你是真的存在的，你永远都是我的最爱_
177,0,TiAmo,0,67,2,0,0,430,0,_
178,0,用户451582,0,474,5,0,0,9866,0,_
179,0,迷魂Dreams,0,811,19,0,1,19098,1,你知道我为什么叫您吗，因为你在我心上。(๑•́ωก̀๑)_
180,0,小仙女瑶瑶,181,1606,21,64,64,6800,0,_
181,0,用户174108893784,0,498,14,0,0,191,0,_
182,0,用户5610089635479,0,142,11,0,0,2206,0,_
183,0,拆不完,20,505,15,9,9,3587,1,不停的画与拆_
184,0,zxy💜zxq,0,1895,20,0,0,19910,0,_
185,0,A   Sue 丶,1696,42,1653,8,9,786,1,🐽_
186,0,与狼共舞,0,175,4,0,0,4,0,_
187,0,骐睿,1571,1180,113,399,399,6560,1,我爱❤️❤️_
188,0,꧁༺邪魅影星༻꧂,0,456,16,0,0,3243,0,_
189,0,神明,1483,2487,291,0,1,12181,1,本人已退 有事私信cxy  djn  zbw  myr  lxw🔒_
190,0,用户6345952822551,0,55,6,0,0,3,0,_
191,0,用户3059209111094,0,205,0,0,0,0,0,_
192,0,mc铁粉,39,37,16,15,17,881,1,抖音出来驾到以后请多关照还有，谢谢你的关注_
193,0,柠檬茶,0,34,8,0,0,51,0,_
194,0,蔡宝贝,0,342,22,0,0,0,0,_
195,0,李汽油大大大,0,166,19,0,0,1117,0,_
196,0,手机用户86019737172,7,1150,21,6,6,1034,0,_
197,0,东岸河水向西流,20,2,6,0,0,171,0,_
198,0,用户2077292294213,3,327,3,5,5,503,0,_
199,0,谭先生.,0,45,74,0,0,387,0,_
200,0,🐯🐱莹,61,70,30,8,10,262,0,_
201,0,有4965w人,0,2693,13,1,1,160,1,0岁_
202,0,酱酱👻,1,44,6,1,1,202,0,_
203,0,^O^♥7&11,3,361,19,0,0,0,0,_
204,0,天然呆，自然纯,0,13,44,0,0,472,0,_
205,0,奈奈米,0,286,1,0,0,7160,0,_
206,0,睡.,0,68,13,0,0,1270,0,_
207,0,混世魔王,1231,77,30,192,355,2474,1,🇨🇳0⃣9⃣2⃣1⃣🎸🎷🎺💃🎤🎶🎵❤💙🎉🎉🎉_
208,0,你爷211,0,519,0,0,0,900,0,_
209,0,钢之璇,0,39,0,0,0,65,0,_
210,0,LYJ剪辑（影视）,1096,54,53,5,5,321,1,感谢抖音 感谢官方✨原创影视剪辑✨混剪 燃剪 卡点 踩点✨追剧小能手✨_
211,0,安尔道,0,7,0,0,0,121,1,不婚主义_
212,0,Ace,6,38,24,2,2,57,0,_
213,0,璇儿.,0,310,6,0,0,0,0,_
214,0,仙彰（狂铁）,0,1548,35,0,0,5617,0,_
215,0,冇,0,117,12,0,0,8427,0,_
216,0,____夏呆°,68,122,96,8,40,562,0,_
217,0,康康,5,587,7,7,7,1085,0,_
218,0,-,0,446,1,0,0,1197,1,卑从骨中生，万般不由人_
219,0,denia.团队 簂鄑,345,507,284,11,11,2963,1,谁敢动我妹妹，我就让他封号_
220,0,养乐多属猪～,7,170,11,2,2,6948,1,主更：崽崽🙈🙈正在努力学画崽中💤_
221,0,用户1703135563576,0,2,0,0,0,20,0,_
222,0,风之微笑,0,1452,5,0,0,0,0,_
223,0,包生,5,92,24,2,2,39,0,_
224,0,NINEPERCENT,1131,170,136,0,0,0,0,_
225,0,年年剪辑,844101,43,64835,136,136,9,1,☝️☝️☝️橱窗里手机剪辑教程💕爱剪辑💕爱原创👍用心剪辑每一个视频🙏🙏感谢抖音官方，正能量输出！🙏承蒙厚爱❤️感谢关注😘🙏《遇见王沥川》已完结！❤️正在更新《云巅之上》继续追哦😘_
226,0,彩虹团🏀林师傅,34,111,23,7,17,1587,1,想拥有一屋子球鞋想和兄弟们组个球队想遇见一个爱打球的你想让自己和身边的人更好_
227,0,易澳,28,364,28,1,1,71,1,坐着休息，这一躺，就起不来了。_
228,0,Nicholas,0,130,10,0,0,73,0,_
229,0,韩阿宸,305,4940,70,56,57,87397,1,要快乐_
230,0,经丶语录（点赞暴富）,36708,27,450,47,47,0,1,把你的故事制作成文案，记录分享。喜欢就留个关注吧❤️图源于网络，侵权歉删卫：13680910085（拿图/投稿）关注我了就别走啦，宠粉狂魔说的就是我💕_
231,0,R6网络侦缉队,1,192,1,0,1,122,0,_
232,0,天恩在剪辑,116,136,64,10,10,64,1,感谢抖音，感谢关注影视剪辑，精彩截取彼此学习，互相交流_
233,0,蛾子,0,50,1,0,0,62,0,_
234,0,嗨，siri,59,67,37,3,3,351,0,_
235,0,国果,3,27,3,1,1,82,0,_
236,0,宇宙无敌超级大美女,524,22,173,62,62,3803,0,_
237,0,@艳,793,39,74,56,57,0,0,_
238,0,金典-MV,202,238,569,6,6,1170,1,再现金典-剪辑_
239,0,视频剪印,0,65,0,0,0,0,1,🎀👀感谢抖音感谢关注我的朋友🎀👀一段剧情一个故事🎀👀让你从此不再闹剧荒🎀👀承蒙不弃一路前进不负众望_
240,0,航studio（影视剪辑）,3725,548,66,5,8,623,1,❤️影视精彩精华剪辑🌟坚持原创，拒绝搬运❤️感谢各位看官，喜欢请➕关注，么么哒😘❤️感谢官方🌟感谢抖音🌟❤️每日更新，邀您共享精彩     🎀爱抖音🎈爱生活🎏爱剪辑_
241,0,爱猫仕,82,1746,92,13,14,4339,0,_
242,0,车前子～～技术流,3625,67,2270,13,173,3075,1,做个销售届的技术流_
243,0,未未,3,664,22,0,3,5710,0,_
244,0,Di Jia,0,241,13,0,0,921,0,_
245,0,橙子,3,124,11,0,3,273,0,_
246,0,小小茉莉,0,250,0,0,0,274,0,_
247,0,silence   .,35,77,56,1,5,0,0,_
248,0,🍥染音🍥『721』,22,365,24,6,6,2931,1,个人签名不能空🌚🌝_
249,0,苏辞.,0,519,41,0,0,0,0,_
250,0,黑桃A,0,175,2,0,0,17,0,_
251,0,忆君心,0,124,18,0,2,751,0,_
252,0,G君,3,395,14,1,1,993,0,_
253,0,丽丽贝尔,144,11,25,31,31,325,0,_
254,0,Vivian-ylj,0,51,14,0,0,17,0,_
255,0,缘某某,138,877,47,0,0,0,0,_
256,0,稻草人,50,32,49,6,6,64,0,_
257,0,61号,2037,158,31,6,77,0,1,Ins: yyt__laer_
258,0,ᵕ᷄≀ ̠˘᷅ᵍᵒᵒᵈᵑᑊ̇ᵍᑋᐪ,0,308,4,0,0,14,0,_
259,0,叶木希,725,251,98,81,81,1364,0,_
260,0,萌叔,0,5,1,0,0,17,0,_
261,0,变身吧，兔子老师,157,206,48,43,43,529,1,内心强大，才是真正的强大_
262,0,dyjmrfeoz7wd,4,1341,7,1,1,4850,0,_
263,0,仙,86,779,61,8,8,59559,0,_
264,0,故事里,20,56,22,0,0,586,1,我有一壶酒，足以慰风尘 奈斯_
265,0,唐门.洛逸,0,2057,4,0,0,12908,1,逆风的方向，更适合飞翔_
266,0,自由撰稿人毛草草,85,95,43,15,31,624,1,用稿费养活自己带你看看自由撰稿人的日常_
267,0,user3526486087533,0,25,8,0,0,397,0,_
268,0,洪都,0,592,3,0,0,0,0,_
269,0,我心永恒🌸,550,140,122,0,0,0,0,_
270,0,思🐶,9,22,4,5,5,12,1,活力游戏主播_
271,0,月亮blink,1010,1916,228,24,24,0,1,最近有点压抑。。。_
272,0,user3896194228951,17,75,19,0,0,0,0,_
273,0,默！,0,32,2,0,0,4,0,_
274,0,落草为寇,28,1261,4,0,11,35799,0,_
275,0,🔰PexX❌🍺,0,161,3,0,0,0,0,_
276,0,Kevin剪辑狮,0,7,0,0,0,19,1,🎬原创剪辑，用心剪好每一部电影。🎉一首歌，一个故事。🎉 关注我，告别剧荒！🎉承蒙厚爱，感恩有你。_
277,0,MY 汉堡,47,203,7,11,11,705,1,🍭欢迎宝宝们到我的小屋🏩🎆拿图VX：Amiller256🎇_
278,0,青涩♡,0,137,3,0,0,160,0,_
279,0,茜茜吃饱啦^_^,57,215,18,0,0,0,0,_
280,0,天极,0,771,7,0,0,1202,0,_
281,0,时候,489,293,39,26,26,1459,0,_
282,0,人生就是梦想,11,1346,118,0,1,29578,0,_
283,0,帅妈,76,122,26,17,17,494,0,_
284,0,濑子,13,180,28,6,6,445,0,_
285,0,长丰下雪没,0,257,8,0,0,4152,0,_
286,0,课桌,7,20,14,3,3,11,0,_
287,0,微光,0,203,9,0,0,5516,0,_
288,0,不羁,0,129,31,0,0,126,0,_
289,0,鹿飞机,0,539,31,0,0,0,0,_
290,0,夜,0,281,0,0,0,3633,0,_
291,0,兔儿朵小小,0,64,25,0,0,2691,0,_
292,0,恋尘社巛棉棉,6,877,11,4,4,1194,0,_
293,0,꧁༺࿆༻猪猪侠༺࿆༻꧂,6,57,3,2,2,559,0,_
294,0,星期九,1,175,1,2,2,999,0,_
295,0,用户1363779368807,0,52,0,0,0,113,0,_
296,0,呀,1412,82,55,18,18,0,0,_
297,0,💗银💖,419,394,125,38,38,723,0,_
298,0,lliket,0,1220,14,0,0,24313,0,_
299,0,用户12028104872,0,4532,50,0,0,3,0,_
300,0,远山烨,67,3094,116,2,9,94792,0,_
301,0,老汉,0,121,4,0,0,53,0,_
302,0,喵小咪,23,482,9,0,0,0,0,_
303,0,用户397756483987,0,60,2,0,0,70,0,_
304,0,桥本环奈,0,71,4,0,0,0,1,最稳定的关系就是没有关系_
305,0,pmqzla...Ming,20,240,12,4,11,352,0,_
306,0,用户9723570862207,0,124,0,0,0,85,0,_
307,0,雨天,23,137,5,9,9,375,0,_
308,0,仲冬,12,210,11,5,6,2817,0,_
309,0,ID℡c,0,47,2,0,0,69,0,_
310,0,🍀森辉小姐姐,12,305,36,2,2,0,1,永远18_
311,0,付宝平,9,376,51,3,10,199,0,_
312,0,我是你的天。,29,177,55,2,2,715,0,_
313,0,等候.,0,4416,4,0,0,7656,1,所爱隔山海，山海不可平。联系方式:🐧:1930466966_
314,0,TDKL,0,329,12,0,0,0,0,_
315,0,柒月༒,0,149,2,0,0,493,0,_
316,0,啊 Meng,10,34,5,7,8,130,0,_
317,0,曹靳眧,1036,495,192,60,60,0,1,我？？？？_
318,0,大哥,0,136,36,0,0,280,0,_
319,0,凭什么害怕,25,414,18,5,5,4274,1,嫉妒使我质壁分离_
320,0,Kun,0,55,9,0,0,0,0,_
321,0,Emily💕,60,172,38,13,13,325,0,_
322,0,鲸鱼影视📺,12,733,61,11,11,10739,1,爱电影爱剪辑❤每日视频更新，越来越精彩📺感谢官方 感谢抖音_
323,0,8⃣️8⃣️6⃣️,66,233,65,7,7,2737,1,不是害怕失去而是害怕没有更好的代替_
324,0,麦饽饽,555,1037,920,83,88,374,1,爱我所爱_
325,0,风后的雨,159,323,182,24,26,2924,0,_
326,0,小枫,0,91,37,0,0,173,0,_
327,0,踩踩我是谁,2,852,12,1,3,7989,0,_
328,0,用户3124877810016,0,18,0,0,0,54,0,_
329,0,啊一 ツ,12,1934,38,6,6,2238,0,_
330,0,奈了个斯,131,65,352,6,7,0,1,自先沉稳 而后爱人_
331,0,皓磊,0,49,0,0,0,97,0,_
332,0,用户473213489,0,29,4,0,0,913,0,_
333,0,Gentle奶,10,1237,4,0,0,30676,1,立足中国_
334,0,夕颜浅忆,0,2140,3,0,0,0,0,_
335,0,一入腐门深似海,3,66,15,1,1,2127,0,_
336,0,COMBINE CMB,5,289,5,5,6,2596,0,_
337,0,雾浓了,0,35,2,0,0,0,0,_
338,0,C先森的小朋友,33,50,0,4,4,634,0,_
339,0,用户6176333774539,0,544,0,0,0,8870,0,_
340,0,至尊玉,18,1979,193,4,4,0,1,晚风轻轻吹送了落霞_
341,0,庞嘉旭good,0,128,10,0,0,4071,0,_
342,0,Zq,0,46,0,0,0,369,0,_
343,0,Master,0,19,4,0,0,3767,0,_
344,0,🏀xk艾弗森,0,61,2,0,0,39,0,_
345,0,用户6217483232774,0,133,4,0,0,4,0,_
346,0,左右,67,390,39,9,43,2799,1,但愿这漫长渺小人生，不负你每个光辉时分_
347,0,州,0,131,37,0,0,0,1,散伙是人间常态._
348,0,十九娘,21,791,25,4,5,68,0,_
349,0,懒猫🐱,58,4184,159,8,9,0,1,谢谢你的关注喜欢弹唱歌曲，更新比较少_
350,0,wkmh8nom,28,30,18,4,4,585,0,_
351,0,Amber安伯电影,30,26,12,2,2,35,1,新人报道👀感谢抖音平台🙏剪辑视频希望大家喜欢💕如有侵权，联系秒删_
352,0,神经猫,24,187,8,11,11,147,0,_
353,0,Daisy\_,55,167,17,0,0,0,0,_
354,0,李氷儿🐰,0,141,13,0,0,1975,0,_
355,0,桃之夭夭🍑,0,49,2,0,0,71,0,_
356,0,暗夜杀手,0,2112,10,0,0,109,0,_
357,0,我是好少年,0,8,241,0,0,9774,1,喜欢的那位姑娘，既是心头的朱砂痣，也是明月光_
358,0,叔✔啊,7,88,17,1,2,124,1,不三不四的年纪_
359,0,ζั͡ޓއއއ°劫,10,132,8,6,6,990,0,_
360,0,波侠帝国,0,483,23,0,2,0,0,_
361,0,L,0,19,0,0,0,0,0,_
362,0,随心而动,15,376,32,4,20,162,1,一身清贫怎敢赴繁华，两袖清风怎能误人家_
363,0,放学，你别走,2,205,1,8,9,1509,0,_
364,0,用户1630558851021,0,59,0,0,0,0,0,_
365,0,小鬼,45,456,15,13,13,17775,0,_
366,0,独守空城、只等一人,152,207,31,15,108,28026,1,加油＾０＾~_
367,0,酉时方外,10052,188,1299,8,15,432,1,茶酒不分家，饮不尽云南_
368,0,巨蟹座♋,0,192,0,0,0,17,0,_
369,0,暖暖不紧张,8,259,24,1,2,17015,1,就像故意去按发炎的智齿，从疼痛中获得莫名快感_
370,0,...,2,171,14,0,2,12470,0,_
371,0,妍宝贝,0,503,25,0,0,6943,0,_
372,0,Lina,259,1626,199,19,20,4090,0,_
373,0,你想多了,0,3,0,0,0,5,0,_
374,0,浪里个浪,0,954,8,0,1,2665,0,_
375,0,无名之  辈,0,289,11,0,2,318,0,_
376,0,寻欢作乐,540,97,118,28,28,5977,0,_
377,0,南笙,0,189,1,0,0,186,0,_
378,0,自娱自乐,77,149,50,10,10,0,1,♥用心剪辑_
379,0,^O^瓶子,0,495,11,0,0,18550,0,_
380,0,依拉客服饰,922,73,307,425,425,513,1,承蒙厚爱  感谢关注！13433885513_
381,0,LSF1218,0,276,50,0,0,32859,0,_
382,0,DGrabce,24,933,36,7,26,861,0,_
383,0,__久绊,140,403,98,12,12,1406,0,_
384,0,鬼鬼,15,179,36,0,0,0,0,_
385,0,wolf睿,278,203,111,22,23,552,0,_
386,0,冷酷到底,1,72,6,9,9,860,1,无聊看看_
387,0,Lee,49,3940,83,3,4,3702,0,_
388,0,风淡云轻,5,198,13,1,1,1074,0,_
389,0,十世善人张大仙,394,130,147,22,747,2974,1,重庆首付_
390,0,般若,19,256,10,1,1,4520,0,_
391,0,778770874,0,113,0,0,0,2059,0,_
392,0,司南|追剧,119391,45,1811,18,18,0,1,原创渣剪|青春偶像剧集地_
393,0,门口等你,0,82,0,0,0,72,0,_
394,0,.«Marshal».,214,444,19,25,274,4823,1,«“君を愛している”MaryЖан»._
395,0,冰波,0,236,16,0,0,509,0,_
396,0,蹦个尿布迪,0,642,20,0,0,478,0,_
397,0,十二，,0,545,82,0,0,2370,0,_
398,0,用户5894443625298,0,54,1,0,0,279,0,_
399,0,Min,0,184,7792,0,0,1749,1,对长得可爱的人一点抵抗力都没有 妹控癌晚期 喜欢小动物～_
400,0,用户3098532765480,0,1107,7,0,0,466,0,_
401,0,Zong,8,189,25,0,0,326,1,0_
402,0,远方暖阳,0,155,17,0,0,0,0,_
403,0,采姑娘的小蘑菇ℳ,1600,858,194,27,27,4087,1,做个俗人，贪财好色，浪荡一生_
404,0,迷喱,0,105,2,0,0,12079,0,_
405,0,小魔怪,47,154,4,4,4,3282,1,小魔怪在🇩🇪_
406,0,痴心_,0,50,16,0,1,676,0,_
407,0,Hoi,0,18,0,0,0,45,0,_
408,0,泽西百货店.,249,158,7073,0,0,259,1,感恩关注❤️感谢大家的支持❤️_
409,0,一花一世界,0,118,39,0,0,3040,1,姐姐的小可爱！_
410,0,樱寻,0,1089,1,0,0,0,0,_
411,0,冰辰,21,60,14,8,8,213,1,一个孤独的互联网达人            V：15555548993_
412,0,极爱剪辑,27,27,1,3,3,127,1,❤️感谢抖音平台❤️一个喜欢剪辑的平凡人_
413,0,渣,183,24,73,16,16,1565,1,不开心的人就要做开心的事！_
414,0,恻隐,0,318,24,0,0,28357,0,_
415,0,送福利,279,890,93,0,1,19564,1,要手机，手册加Q13565066918_
416,0,baby$陈,82,85,31,6,6,6979,1,及时清醒及时止损_
417,0,飘絮,0,103,6,0,1,8277,1,无语_
418,0,bengbengbeng,0,15,3,0,0,129,0,_
419,0,CFQ,0,134,1,0,0,54,0,_
420,0,Crystal,8,553,8,3,3,4522,0,_
421,0,徐小鹏n ss!w !,24,73,25,11,18,500,0,_
422,0,大饼金刚,0,70,15,0,0,9,0,_
423,0,吴一峰,0,109,18,0,0,27,0,_
424,0,Autism,1,53,34,1,1,13,1,每天演好一个情绪稳定的成年人                           ִִ_
425,0,小利,9,518,29,2,2,4410,0,_
426,0,呆呆,0,663,9,0,0,9606,0,_
427,0,用户2686205194035,0,67,0,0,0,0,0,_
428,0,香草秘密,3,288,13,0,0,547,0,_
429,0,小阳爱❤️剪辑,531717,265,48353,86,249,682,1,👆橱窗有剪辑小技巧哦 原创影视剪辑 每天持续更新🤪和您一起分享虐恋，家庭，励志等剧💕感谢抖音，感谢官方，每天不定时直播给你推荐好物哦🥰记得关注呦👈喜欢追剧的你你关注我不迷路😘学习V shijian45610👈_
430,0,守望着你,3,671,34,0,1,652,1,谁不想开心的活下去呢？_
431,0,菩提树下,902,358,136,63,106,2697,0,_
432,0,用户5135078411648,0,42,0,0,0,92,0,_
433,0,ㅤ  上海萧亚轩 ㅤ,0,520,11,0,0,0,0,_
434,0,静悄悄,68194,344,483,95,110,79911,1,普普通通一名乡村医生_
435,0,社会主义接班人,37,1164,50,0,0,0,0,_
436,0,SHARK-XX♠,0,90,17,0,0,6509,1,vx:l17992nsjj_
437,0,💗,7,22,5,2,2,1135,0,_
438,0,可笑,0,16,1,0,0,5,0,_
439,0,Alorsouiwang,42,734,38,1,1,5226,0,_
440,0,QBeidbdkK!!,0,247,0,0,0,0,0,_
441,0,DenisE,10,144,14,4,4,78,0,_
442,0,有点小情绪！,705,345,52,0,0,0,0,_
443,0,H,1701,248,101,13,13,1368,1,你不知道，其实，我要的只是好朋友。_
444,0,导火线,67,820,97,20,23,2654,1,有朋之远方来不亦乐乎_
445,0,呆了个呆iic,3,222,8,3,3,6246,0,_
446,0,皮卡丘✺◟😄◞✺,131,45,179,6,6,2462,1,V337126139，主经营原切牛排，荷香饭，铁板饭，等简餐，要吃饭打电话还有需要安装指纹锁，防盗门也可以Q我哦_
447,0,独偶不与,3,77,19,1,1,58,0,_
448,0,可乐是只🐱,150,58,78,0,0,0,0,_
449,0,岛城小叔,28,363,13,8,12,262,1,开启🔛抖音新生活疫情影响，回村养鹅临时担当天鹅職人，安抚🦢心_
450,0,托托,2,89,7,0,1,564,0,_
451,0,天才小冬冬,0,4739,0,0,0,0,0,_
452,0,BOOM！,0,743,12,0,0,13405,1,JHY._
453,0,？？,0,1031,17,0,0,1763,0,_
454,0,A世纪嘉创-曹刚,0,62,60,0,0,142,0,_
455,0,钱途无量,0,78,8,0,0,1093,0,_
456,0,刀の雨上がり,0,505,6,0,0,2405,0,_
457,0,飞翔哥（影视剪辑）,1363,120,164,7,264,0,1,感谢抖音❤️感谢官方❤️感谢大家的支持🙏💫六艺文化_
458,0,摩羯座,152,214,21,49,49,251,0,_
459,0,是谁，说过非我不嫁,69,128,31,18,31,1207,0,_
460,0,晨晨,0,153,7,0,0,35,0,_
461,0,iivviiaa,3,68,5,0,0,103,0,_
462,0,曹清，,93,597,93,10,12,4310,1,影响我睡眠的玩意_
463,0,唉……,0,80,5,0,0,3521,0,_
464,0,BabyOuo💖💤,6,1601,23,1,1,21,1,后来遇见他 陪我春秋冬夏_
465,0,sandy,0,128,0,1,1,345,1,Sandyは可愛いです。_
466,0,little,0,50,117,0,1,7908,0,_
467,0,天下.,19,320,57,1,1,15871,0,_
468,0,阿滨的海,0,1283,16,0,0,1114,0,_
469,0,xiaowu22314,0,1203,19,0,0,2342,0,_
470,0,止惜,0,174,0,0,0,0,0,_
471,0,Je t'aime,0,449,3,0,0,687,0,_
472,0,电话那头的李老板,0,117,5,0,0,80,0,_
473,0,celine,0,1742,17,0,0,2880,0,_
474,0,相思意,0,101,2,0,0,3488,0,_
475,0,一只🐶头,0,32,13,0,0,113,0,_
476,0,liangsoft,25,355,72,4,4,4011,0,_
477,0,头像证明,0,58,13,0,1,61700,0,_
478,0,用户6277495735692,6,6,6,3,3,51,0,_
479,0,人,18,291,34,0,0,0,0,_
480,0,时光不言败,0,4994,19,0,0,3080,0,_
481,0,TfcLy、,14,767,98,1,1,33507,1,九月等我。_
482,0,kapok,0,68,7,0,0,431,0,_
483,0,用户4947739669412,0,1208,18,0,0,4743,0,_
484,0,剪刀手加菲,0,8,0,0,0,142,0,_
485,0,过往,18,95,69,1,1,0,1,人生无常 痛却不悔_
486,0,。。,0,182,16,0,0,743,0,_
487,0,世界小的就像一盘儿菜,12,130,15,0,0,0,0,_
488,0,༄࿆刑天ེꦿღ初ོ深ꦿོ゜এ,0,199,4,0,0,266,0,_
489,0,小VV,24,270,26,7,9,1346,0,_
490,0,猪娃子,0,577,8,0,0,7576,0,_
491,0,C👫,512,120,129,25,25,0,1,希望家人幸福安康🙏_
492,0,用户7753997532076,0,114,0,0,0,240,0,_
493,0,不再等候的姑娘,0,3663,44,0,0,6647,0,_
494,0,图 图,0,136,3,0,0,2127,0,_
495,0,猫猫不太乖,251,310,96,0,0,0,0,_
496,0,用户56868586868,0,64,0,0,0,17,0,_
497,0,user1165357235399,0,24,10,0,0,569,0,_
498,0,用户223443766078,0,119,3,0,0,117,0,_
499,0,兔小跳,376,52,60,36,36,1459,1,我就有一个小愿望，希望大家都变美_
500,0,🔝,29,51,24,8,8,470,0,_
501,0,user897721133982,0,102,26,0,0,202,0,_
502,0,王十一,647,266,42,0,0,0,0,_
503,0,李🦌漂亮吖,959073,810,16841,121,123,6302,1,合肥白金汉爵大酒店预定☎13856536720（VX同号）婚宴、宝宝宴、生日宴、乔迁宴、升学宴各类家宴聚会、年会、发布会、商务宴请、住宿等_
504,0,我爱～不加糖,24,465,14,5,5,10510,1,初心易得，始终难守_
505,0,用户4965419928103,59,143,46,2,2,11538,0,_
506,0,墨_Mo,0,42,0,0,0,869,0,_
507,0,云儿,29,183,34,6,6,5950,0,_
508,0,生科二班王同学,96,53,38,4,8,0,0,_
509,0,青颜浅笑,0,63,32,0,1,0,0,_
510,0,沐宝贝儿,47,305,25,13,15,1784,1,沐风而来，随遇而安！_
511,0,Amaya·an,0,168,2,0,0,1520,0,_
512,0,庸人,235,207,40,28,32,6176,1,幸福就在转念间_
513,0,清❤洛兮.人间…,97,1420,58,12,12,3949,0,_
514,0,F。梦妃,320,594,69,34,36,19433,1,新年快乐❤️_
515,0,user6397276588742,32,21,9,3,4,1473,0,_
516,0,哎呀,0,33,0,0,0,19,0,_
517,0,莫逆,0,69,127,0,0,0,0,_
518,0,Yeti华,22,602,2,12,12,538,1,脑子里画面感很强的人_
519,0,长安.,0,50,38,0,0,10117,1,不要拿你的曾经，去评论我的未来。_
520,0,拾叁先生.,0,51,0,0,0,249,0,_
521,0,qzuser,0,24,0,0,0,3,0,_
522,0,竹雨,40,220,9,1,1,171,0,_
523,0,雪,0,32,4,0,0,159,0,_
524,0,星空梦想,0,510,9,0,12,620,0,_
525,0,少墨,0,49,17,0,0,711,0,_
526,0,@ck,0,37,20,0,0,38,0,_
527,0,陈先生,5,11,24,2,2,6995,1,微博：陈陈恋爱日常微信：cht15728354739_
528,0,边界线,20,364,11,8,8,2845,0,_
529,0,smile鱼93,61,287,27,13,20,358,0,_
530,0,用户3340078766662,0,20,2,0,0,82,0,_
531,0,轩,767,336,216,27,28,21,1,我就是我_
532,0,葉濱洋,13,243,35,1,1,0,0,_
533,0,一嫒,33,7,5,2,2,84,0,_
534,0,Yee,0,195,15,0,0,1151,0,_
535,0,和平精英🌜北辰🌛,508,3863,355,29,33,0,1,不处CP玩和平精英微信叫二指黄金直男QQ一样9月z日，喜欢着一个人@_
536,0,『琪』,127,93,33,39,39,147,0,_
537,0,yyyx,16,73,5,4,4,933,0,_
538,0,一个普通的人耶,0,185,4,0,0,366,0,_
539,0,化妆师倾城 ,620,394,199,163,164,20110,0,_
540,0,鸭鸭哎,15,133,12,3,3,1298,1,😐_
541,0,小家伙,0,40,20,0,0,1273,0,_
542,0,钮祜禄·佳培,9,57,13,2,2,0,0,_
543,0,vklllan,34,661,71,2,19,30135,0,_
544,0,笛卡尔式的梦,1,69,2,1,1,68,0,_
545,0,家有萌宝,1146,96,159,94,95,491,0,_
546,0,夜海君,17,216,30,3,5,1023,0,_
547,0,虫姐,0,91,46,0,0,44,1,生活就象脑电波，一帆风顺就挂了_
548,0,哈哈,42,254,11,9,10,129,0,_
549,0,清清悠悠梦,666,311,81,17,17,35293,0,_
550,0,手机用户75888298620,0,203,9,0,0,1329,0,_
551,0,gkky,2,41,10,1,1,0,1,⚡R1SE✨💫虞书欣⭐_
552,0,十三月六,78,95,31,10,10,0,0,_
553,0,Summer°凉,102,365,37,42,51,5036,0,_
554,0,患者如梦,0,35,0,0,0,0,0,_
555,0,김윤군,0,2603,1,0,0,0,0,_
556,0,贵州小丫丫🐭🐭在过几年也是奶奶级别了,13199,1224,856,253,258,12975,1,本人只有一个抖号，感谢抖音这个平台，认识五湖四海的朋友，（关❤️赞💗必🌟回💖💕》贪吃的我^_^看见吃的^_^就忍不住点赞^ _ ^^_^_
557,0,梅竹珍贵,1296,645,167,135,135,1786,1,心随所愿，欢喜就好_
558,0,白泽,0,381,5,0,0,0,0,_
559,0,名声,101,283,49,1,1,0,0,_
560,0,红尘渡客,6,53,27,1,1,18,0,_
561,0,喵柒柒～子怡,1928,1396,78,244,258,5728,1,谁那么可爱关注我_
562,0,赵淑琪的弟弟,12,1228,14,9,9,1343,0,_
563,0,用户5609738476922,0,485,2,0,0,1299,0,_
564,0,流年乱了浮沉,0,283,11,0,0,12676,1,东西南北四条街，打听看看谁是爹？_
565,0,不知道取什么,0,14,0,2,2,14,0,_
566,0,用户9760092746865,0,70,0,1,1,53,0,_
567,0,bong bong bong pa,0,156,3,0,0,480,1,1_
568,0,二叔,42,146,28,5,6,769,0,_
569,0,GTAGTA,0,129,34,0,0,307,0,_
570,0,快易点,0,268,5,0,0,1496,0,_
571,0,゛┃装`詆ぐ調゛,413,192,34,0,0,0,0,_
572,0,申达,5,99,2,3,3,61,0,_
573,0,宝,10,240,24,4,4,319,0,_
574,0,MC 4shen,0,2994,28,0,0,3523,1,额，怎么说呢。。。算了。嘿嘿⚽_
575,0,小小少年,0,81,1,0,0,50,0,_
576,0,叨叨歌,79,34,75,3,3,146,0,_
577,0,jisoo是人间理想,0,656,15,0,0,0,0,_
578,0,东方红,0,4065,10,0,0,14839,0,_
579,0,南桥,1,291,12,1,1,1693,1,W信＋wxxl7172_
580,0,章晏熹,0,932,7,0,0,1832,0,_
581,0,嫣嫣,2140,570,259,138,138,808,1,脾气不好性子傲！吊儿郎当！又爱笑_
582,0,端珂焓,89,1844,9,38,38,5198,0,_
583,0,7777777.,1,53,6,0,0,0,0,_
584,0,酒酿桃叽,0,3887,263,0,0,1915,1,本命Jennⅰe老婆！初一生一枚。[做一个自律无烦恼der幼稚园小精灵]_
585,0,我要接单,0,1177,68,0,0,15019,0,_
586,0,墨宝琑了,61,520,123,6,6,31453,0,_
587,0,ZXpc,0,975,20,0,0,1099,0,_
588,0,人间苦乐是清欢,0,81,0,0,0,13,0,_
589,0,草莓冰激凌,0,1778,6,0,0,493,0,_
590,0,L³,0,166,1,0,0,0,0,_
591,0,💔累了💔,0,1183,14,0,0,1352,0,_
592,0,Baobaoda本人,8,3485,51,1,2,0,1,简介是人需要写的吗？_
593,0,自私的人。,9,240,24,4,5,0,0,_
594,0,漂流瓶♥,36,91,23,18,18,3472,0,_
595,0,用户5027092459736,10,100,14,2,2,90,0,_
596,0,HH,22,69,3,9,9,286,0,_
597,0,用户189022469300,0,102,0,0,0,125,0,_
598,0,芜染✨,0,9,0,0,0,1368,1,心❤️心_
599,0,宿欣👿,301,501,114,36,36,20565,1,👤他在关注你哦_
600,0,用户2223277242358,0,395,2,0,0,4149,0,_
601,0,ब्,0,335,1,1,2,411,1,Hdudbekfhfbwodjvnnvifnrnfjbdksifhrbfnclofjdnrbbfjcueb_
602,0,ZW.💕,11,437,9,4,4,4527,1,"心比长相好,懂比爱重要._"
603,0,盛氏集团、CN131,11,727,125,4,4,6771,0,_
604,0,灵铭,19,243,5,9,9,18192,0,_
605,0,夏末@晴天,82,477,70,29,30,484,0,_
606,0,faz的无奈,0,518,5,0,0,0,0,_
607,0,你的小奶味儿啵.,0,287,13,0,4,20847,1,不喜欢就滚.IG : _siewying.__
608,0,小妍,0,2,0,0,0,1,0,_
609,0,用户4458205382142,0,93,0,0,0,642,0,_
610,0,🦁黄斤欠敏🐷,6,966,41,3,4,50901,1,谢谢关注！😊😊❤️❤️_
611,0,别理我，我叫不开心！,0,514,22,0,0,914,0,_
612,0,A，Happiness高端定制私教工作室,0,40,15,0,0,17159,0,_
613,0,小店铺,0,27,0,2,2,191,0,_
614,0,晚秋.,52,4949,84,2,3,27849,1,这里是晚秋！感谢你的关注！_
615,0,鼠黄等等,0,835,6,0,0,12043,0,_
616,0,阿金鸭,0,442,6,0,0,671,0,_
617,0,Stay丽,87,443,51,11,11,2229,0,_
618,0,心仝啊,33,1554,56,2,2,43607,0,_
619,0,血舞,0,271,0,0,0,1187,0,_
620,0,️,0,110,1,0,0,235,0,_
621,0,倪好时光,145,539,67,8,9,295,1,❤️精剪每一帧精彩片段🎬爱剪辑 爱生活 每天更新🙏感谢您的关注_
622,0,盖世小豆子,71,4951,51,31,31,19944,0,_
623,0,用户9335464793129,0,97,0,0,0,511,0,_
624,0,8908,0,136,1,0,0,3466,0,_
625,0,雪❄️,229,327,63,26,29,8718,0,_
626,0,Mango,92,231,38,32,32,666,0,_
627,0,五年祖安玩家,8,901,144,2,3,39193,1,emm_
628,0,人,0,168,3,0,0,547,1,明华_
629,0,用户144393,6,232,7,1,1,673,0,_
630,0,是轩轩呐,0,618,29,0,0,1734,0,_
631,0,用户9361918141681,0,129,4,0,0,21397,0,_
632,0,森川智爱里,0,26,2,0,0,33,0,_
633,0,用户9140816422538,1,132,0,0,2,232,0,_
634,0,浮生琴弦,0,520,15,0,0,10633,0,_
635,0,南希的哩葛儿愣,0,391,19,0,0,0,0,_
636,0,过街小熊维尼熊,0,122,5,0,0,241,0,_
637,0,小飞马,391,1953,31,87,89,18037,0,_
638,0,哈,0,1635,23,0,0,2152,0,_
639,0,木子士心氵景页,0,3852,86,0,0,2322,1,笑你无知丿_
640,0,杨杨,0,63,1,0,0,16,0,_
641,0,音,0,241,4,0,0,18,0,_
642,0,北染陌人．,44,823,28,5,5,17038,0,_
643,0,七6当然是哥哥啦,125,23,19,11,11,0,1,比❤️：94671716不直播 蹲老板_
644,0,飞,109,1702,42,24,24,4215,0,_
645,0,苏落,5,510,6,0,0,18056,0,_
646,0,鑫焰灶具,747202,206,9158,9,9,2486,1,生而为人，务必善良。_
647,0,小月亮🌙,0,793,3,0,0,822,0,_
648,0,阿米❤胖弹,18,1282,41,5,5,3544,1,我是2013年夏天爱上防弹的，防弹加油2841479351_
649,0,一只鸭鸭,0,22,0,4,4,53,1,🎈日常影视剪辑，好剧分享🎈点了关注  你就是我的人啦！_
650,0,.P,0,344,6,0,0,9687,0,_
651,0,【十三】剪辑师,3382,187,510,3,5,0,1,感谢抖音官方喜欢影视剪辑感谢大家的支持_
652,0,孕贝母婴,37,91,30,13,17,384,1,有一家实体母婴店_
653,0,小【帅】X,2,954,10,1,1,7043,1,我是爸爸。_
654,0,somebody,0,1103,38,0,0,1096,0,_
655,0,111111,0,21,3,0,0,0,0,_
656,0,Aaaaa.兮兮🌫,149181,313,4168,147,152,0,1,🍀顾兮辞／顾兮兮❗️求图的不➕VX QQ⚠️💙你取关，我随后💚不要一次性赞我所有作品🙂❤️宝贝Lisa TFBOYS 🎊👍🏻🧡不要随便拉我进群🙂这样很讨厌！！_
657,0,迷你小仙女,144,435,62,90,90,635,0,_
658,0,AA至尊殿堂,142,2991,222,12,24,12720,0,_
659,0,袁先生,0,238,6,0,0,35,0,_
660,0,铭（13）,3,340,8,1,1,4313,1,🔥：點贊/關注/留言？🔥：愛卡點😂🔥：以上的你都做我會有跟多視頻_
661,0,鷰,7,36,12,0,0,0,1,子非鱼，焉知鱼之乐！🐠的记忆_
662,0,南墨（剪辑）,67,45,6,2,2,152,1,❤感谢抖音，感谢官方❤❤感恩相遇，不负未来❤❤一部电影，一段人生❤_
663,0,是你的小球呀>3<,1131,159,123,83,83,5074,1,07年小男森一枚🤪_
664,0,一叽小脑斧呀🐯,145,147,38,23,23,444,0,_
665,0,热乎的白开水,128,191,50,5,5,423,0,_
666,0,我是乐乐呀~,11,440,5,1,5,6607,0,_
667,0,陪伴终生,0,394,24,0,0,189,0,_
668,0,金秋鼠 ,69,203,60,12,19,2511,1,看似坚不可摧，其实一碰就碎_
669,0,linlin3898,151,838,47,15,19,1673,1,陪你一起白头_
670,0,why,0,351,2,0,0,132,1,평생 주열만을 사랑하다._
671,0,安没马,0,46,2,1,1,151,0,_
672,0,于格格,719,101,75,168,169,1035,1,岁月静好。现世安稳_
673,0,雯雯9181,0,433,2,0,0,1481,0,_
674,0,Deity,39,180,63,13,13,327,1,来了就把你的关注留下，谢谢了。_
675,0,qzuser,0,7,2,0,0,39,1,I'm gonna be rich_
676,0,下雨了§,0,34,5,0,0,875,0,_
677,0,效率决定一切,9,295,12,3,3,351,0,_
678,0,沐峰王者荣耀,228,4238,68,35,35,33599,1,迎风走刀口 只对你温柔._
679,0,嚣丿张,0,225,1,0,0,361,0,_
680,0,虾哥带你去跑山,9,199,19,2,4,635,0,_
681,0,米拉,165,439,45,23,148,3477,1,"喜欢民族风的大姑娘喜欢艾提莱斯, kanway 也喜欢学护肤知识_"
682,0,潜水,0,32,0,0,0,231,0,_
683,0,浮生未歇,2,28,2,2,2,50,0,_
684,0,糖豆ma*~💗,298,82,95,42,43,45,0,_
685,0,Flora,0,417,34,0,0,237,0,_
686,0,菲菲,23,118,4,8,8,2727,0,_
687,0,还够温柔,79,168,33,2,3,2515,1,好好生活 慢慢相遇._
688,0,煜羽风扬,0,305,24,0,0,186,0,_
689,0,c妞允儿妹,14,31,10,0,0,0,0,_
690,0,Petunia,4,133,19,0,14,0,1,胖胖一个，有趣的灵魂，大概没有，美丽的皮囊，肯定没有。哈哈哈哈哈_
691,0,我的未来不是梦,25,522,13,2,2,838,1,哈哈哈哈_
692,0,文风★华章,676,596,103,39,56,3473,1,未来不迎，当时不杂，过往不恋_
693,0,龙啸九天,7209,2575,1278,13,13,0,1,🌞感谢官方！【每天保持更新🔥】🔰精彩大片天天看⚡️🎬坚持内容精彩丶品质高清⭐️坚持原创丶用心对待丶非常宠粉⭐️💫每日更新丶承蒙厚爱丶感谢关注💫🎈好的电影可以改变你的认知。🌱 一群爱玩的人，用剪辑寻找有趣的世界✨一段旋律 一个故事 告别剧荒🌹XSQ🌻旗下📲学习丶合作+V_
694,0,馋猫儿,0,96,5,0,0,1181,0,_
695,0,Chang,0,60,1,0,0,88,0,_
696,0,我,0,32,6,0,1,2049,0,_
697,0,笑看、人世间,0,1582,45,0,0,844,0,_
698,0,冉@少爷,0,141,10,0,0,3592,0,_
699,0,爱的转折,76,250,20,21,21,683,0,_
700,0,64316434619196434686,6,4692,58,0,0,0,0,_
701,0,乐轩,198,447,156,63,69,0,1,好房无数无处寻，抖音找我刘一辰！_
702,0,小冯同学,9,607,11,2,2,781,0,_
703,0,A life of counter-at,0,297,21,0,0,793,0,_
704,0,-/,30,303,60,0,0,2526,1,z18231427058_
705,0,老吴,14,109,28,1,3,25727,1,庸人自扰_
706,0,阳光,0,202,18,0,0,0,0,_
707,0,💞挚爱Li💖,132,456,70,13,15,10999,1,个性是个啥都不知道！还个性签名呢！_
708,0,一朵朵.,10,145,6,3,3,19,0,_
709,0,差點心動了/_,0,1890,171,0,0,21208,1,遇见你们是我最大的幸运.✨_
710,0,抱住自己,1463,1381,164,9,25,4554,1,厌言_
711,0,小莹,6,726,45,2,2,3457,0,_
712,0,user579138,0,470,1,2,2,2940,0,_
713,0,Jackairay,0,25,5,0,0,58,0,_
714,0,空木无心灬,0,46,16,0,0,91,0,_
715,0,用户8051280129672,0,286,20,0,0,162,0,_
716,0,帝少宇,0,146,1,0,0,1,0,_
717,0,小名名叫睡不着,278,171,13,44,58,0,0,_
718,0,MorrisDN,0,18,7,0,0,36,0,_
719,0,晓晓晓晓宣-,373,163,227,12,17,0,1,不稳定因素回关_
720,0,cf七月,10,1454,39,4,4,4492,1,大学毕业，清华北大_
721,0,可乐加鸡蛋，简简单单一顿饭,10,825,29,1,2,3358,0,_
722,0,小铭,0,146,0,0,0,13,0,_
723,0,子豪,7,420,77,1,1,410,1,积极乐观 活泼开朗 当然是说我自己啦_
724,0,小凯,0,15,29,0,0,0,0,_
725,0,哆啦ABCD萌,0,699,0,0,0,0,0,_
726,0,聖,10,164,21,1,1,1358,0,_
727,0,End。,10,282,39,2,9,8,0,_
728,0,柯苹,665,275,0,0,0,0,0,_
729,0,装逼不合适你จุ๊บ,31,183,73,4,5,913,0,_
730,0,meng7,0,383,1,0,0,0,0,_
731,0,天明 李,0,2753,3,0,0,2411,0,_
732,0,不是每一个牛奶都叫特仑苏,0,51,2,0,0,30,0,_
733,0,岩,0,265,16,0,0,0,0,_
734,0,旭锅锅哟,4,55,20,0,0,1286,0,_
735,0,鱼豆腐,0,190,5,0,0,0,0,_
736,0,龙琦,0,2644,36,0,0,7402,0,_
737,0,高仔,11,89,4,1,1,150,1,飞_
738,0,海洋,0,51,1,0,0,135,0,_
739,0,暖话48,5,56,7,1,1,89,0,_
740,0,以后,0,701,1,0,0,1861,0,_
741,0,大梁,19,229,32,3,6,589,1,一人一狗一猫 一栋别输一辆领航者F_
742,0,善食行,0,1818,120,0,0,0,0,_
743,0,小'宗主,53,84,47,2,2,295,1,人生若只如初见_
744,0,爱！呵呵拜拜,0,271,6,0,0,466,0,_
745,0,⚡白鼠 Adios,1955,4998,222,41,43,0,1,啥都没有快来约稿博爱和马嘉祺别动mc老福特b站画世界wxQQ都有快来迷你别来，和好版权费替人家还了吧肖战快糊么么么抄袭那么多首你真牛👄一起玩水啊集美_
746,0,hah,0,68,3,0,0,116,0,_
747,0,餮鰐,0,2551,9,0,0,2206,0,_
748,0,幸福小女人🦋,3753,726,1190,0,0,0,0,_
749,0,🍡小染很甜🍡,8,1306,40,1,1,1617,1,夏日炎炎，小染很甜，hi大加好！这里是小小染很甜的日常🥳每周一更，毕竟我是学生，我也要上课_
750,0,南兮,26,3694,133,1,1,60935,0,_
751,0,泥泥追剧,0,14,1,1,1,1,0,_
752,0,小尾巴xwb,1045039,20,19766,38,47,0,1,原创|渣剪🚫二改二传安利李钟硕～_
753,0,用户8283416588248,0,655,1,0,0,1418,0,_
754,0,噗噗,0,25,7,0,0,41,0,_
755,0,缥缈,11,281,14,3,3,13283,0,_
756,0,LL,0,3768,34,0,0,55397,0,_
757,0,小灰是反向,0,163,0,0,0,2114,0,_
758,0,狍子,498,1454,230,58,58,532,1,成长就像走夜路一样 既没有灯也没啥人 但正因为黎明很美 所以你要酷酷的走下去，可以幼稚谁想成熟_
759,0,晴.,0,706,19,0,0,2466,0,_
760,0,Serein,0,156,0,0,0,333,0,_
761,0,ONE,0,1308,41,0,1,0,1,有钱，有房，有车，有好吃的，有好鞋，不需要别人，自己能过，期待有共同语言的人。勿扰_
762,0,守护,9,670,4,5,5,315,0,_
763,0,鑫,0,311,5,0,0,602,0,_
764,0,小恐龙,0,117,1,0,0,645,0,_
765,0,紫峰,572,175,166,38,49,8179,1,还不咋会写字，所以签名就算了_
766,0,哼╯^╰,2,3288,33,0,2,24698,0,_
767,0,奶油小方,45,145,14,12,12,0,1,……”_
768,0,用户6658115029150,0,4,2,0,0,0,0,_
769,0,终未离,7,269,21,0,26,544,0,_
770,0,瞎闹腾！,0,39,2,0,0,575,0,_
771,0,人间理想.颜笙💕,15,83,7,0,11,22021,1,"即使改名了，也还是你们原来的陌玖(˶‾᷄ ⁻̫ ‾᷅˵)本号的主人是一个可爱的女孩子又回归樱校了因为忍不住，太好玩了(>^ω^<)喜欢卡点视频板女新手底线：人间理想.曦辞💕好滴，简介就这么长╮(￣▽￣"""")╭_"
772,0,西辞学妹,376,154,66,49,49,20627,1,谢谢你的关注如果想关注的话，请关注桃子味的汽水这是我的，另外一个抖音号每天开开心心(ง•̀_•́)ง希望我的粉丝们都能考到100分_
773,0,翼天使1989,0,88,4,0,0,10,0,_
774,0,童童正在努力中,95,133,33,1,2,7761,1,走出自己喜欢的风格，活出自己想要的样子_
775,0,最爱梦,5,198,1,1,1,579,0,_
776,0,刘爱荣,424,110,33,234,234,311,0,_
777,0,一二影视剪辑,1034234,158,100713,17,17,0,1,👉 感谢抖音 感谢官方 ！💓 感谢关注！     交流学习V：duse168_
778,0,像孩子般開心,168,448,29,63,65,43145,0,_
779,0,啊精,1,407,3,0,1,42430,0,_
780,0,赵老四影视剪辑,203,91,16,5,5,0,0,_
781,0,晓晓,101,1120,120,5,5,1402,0,_
782,0,小陈先生,0,323,23,0,0,933,1,南下_
783,0,WWm,7,980,19,0,0,0,0,_
784,0,用户2468949002869,0,141,0,0,0,0,0,_
785,0,❤陈Lu❤,16,204,3,0,0,0,0,_
786,0,倪涛要永远记住西伯利亚的熊,0,256,1,0,0,9,1,“對不起，我知道這樣不好，可是沒辦法了。”_
787,0,瘾.,10,363,16,1,1,40,1,温州小男生👀_
788,0,淑莹兒,64,227,22,19,19,199,0,_
789,0,小兵,0,357,12,0,0,727,0,_
790,0,紫恋蔷薇,0,21,1,0,0,1759,0,_
791,0,炎黄子孙-,0,824,4,1,2,3281,0,_
792,0,提笔:写忧伤,254,662,311,0,0,0,0,_
793,0,禅意,22,972,30,24,26,3956,1,印度克什米尔手工羊绒羊毛披肩围巾 国产百分百蚕丝围巾 饰品 VX 18698826671_
794,0,死神,9,27,1,9,9,1132,0,_
795,0,軟糖酱仙女,0,457,23,0,0,1041,1,骂别人等于骂自己，懂？迷你（反MC狗）已有闺蜜，勿动！❤️❤️❤️❤️爱闺蜜👭_
796,0,希望,0,194,7,0,0,28,1,指明道路的星星，不止在天上_
797,0,用户2248065629454,0,3,0,0,0,3,0,_
798,0,露珠上的草,0,136,6,1,1,0,0,_
799,0,.,94,98,24,0,0,0,0,_
800,0,曾何念,0,181,3,0,0,233,0,_
801,0,小灰灰剪辑,297,2325,358,11,12,1465,1,💕原创剪辑 搬运必究💕谢谢关注 承蒙厚爱_
802,0,烟雨城,0,1437,3,0,0,11364,0,_
803,0,发哥新飞度,0,30,3,0,0,1411,0,_
804,0,i,0,45,1,0,0,48,0,_
805,0,小师兄,54,896,54,12,13,3670,0,_
806,0,杜衡,18,1562,32,6,6,4352,0,_
807,0,爱你么么哒,0,720,29,0,0,480,0,_
808,0,漓丫头,33,158,14,7,7,7405,0,_
809,0,S.w,0,294,10,0,0,163,0,_
810,0,Sunny哥,635,146,59,1,1,6309,1,阳光精神小伙儿_
811,0,安东尼,0,530,5,0,0,117,0,_
812,0,CanCer,163,1291,89,40,40,4398,1,古之君子，其责己也重以周，其待人也轻以约。_
813,0,四点的他…,0,190,34,0,0,2615,0,_
814,0,古某某,16,1152,35,0,0,5759,1,！_
815,0,birdy的男粉,45,26,92,6,6,98,0,_
816,0,用户7812720909127,24,2887,483,1,1,1585,0,_
817,0,🍯,0,75,14,0,0,20380,0,_
818,0,杨江,0,568,12,0,0,1439,0,_
819,0,南风不渡我,0,36,4,0,0,119,1,你所见的灿烂星河，不过是别人眼里的平凡景象_
820,0,用户4987825464921,0,54,2,0,0,77,0,_
821,0,小子亥子,0,179,2,0,0,1772,0,_
822,0,奋斗的旅行者,46980,120,714,43,50,278,1,☀️⛅️🌈🍄🌼💋🦋☘分享生活中的美景人生可以有把玩单调的时间，到没有忍受厌倦的余地🥑余生倾我所能，爱你所有，和我一起在路上……❤️W15841421552_
823,0,阿舟,0,191,21,0,0,1173,0,_
824,0,熊二啊熊二,17787,106,81,4,5,0,1,爱应该是慈悲_
825,0,登啊🎈,0,144,13,0,0,761,0,_
826,0,🦅,3,36,14,1,1,966,0,_
827,0,@专情ing@,1,1144,8,1,1,8342,0,_
828,0,余温°,27,84,14,6,6,1018,1,如果真爱有颜色，那么一定是彩虹色！_
829,0,水默涵,0,67,8,0,1,182,0,_
830,0,等,58,1384,30,6,93,9942,0,_
831,0,人已到中年 我是怪叔叔,0,2608,13,0,0,411,0,_
832,0,若月,90950,140,625,11,11,97527,1,小b崽子看啥呢_
833,0,用户8494240609071,0,2,0,0,0,0,0,_
834,0,拉里想太多,526,395,41,8,9,389,0,_
835,0,我是爆花,3,35,7,1,1,0,1,青山不改赤子心_
836,0,用户5955027929310,0,12,0,0,0,53,0,_
837,0,耳濡目染,5782,146,237,167,169,14136,0,_
838,0,申大漂亮,165,71,72,5,5,26,1,。。。咋说呢_
839,0,Chen,0,47,4,0,0,129,0,_
840,0,Angel°,269,146,66,13,18,1015,1,所念皆星河，星河中是你！_
841,0,八大山人,0,262,19,0,0,0,0,_
842,0,好久不见,17,382,37,8,9,0,0,_
843,0,👀,0,240,41,0,0,0,0,_
844,0,LLMei,0,300,21,0,0,1329,0,_
845,0,鹤辞,1,140,1,1,1,5397,0,_
846,0,枬,25,63,18,3,3,608,0,_
847,0,薛宝,0,268,12,0,0,22188,0,_
848,0,凯凯凯陈先生,439,55,12,0,0,0,0,_
849,0,TiAmo,0,118,4,0,0,2414,0,_
850,0,口袋英雄,0,144,30,0,0,1307,0,_
851,0,小载要赢~,7,4283,85,0,0,19052,0,_
852,0,作ღ,0,14,0,0,0,40,0,_
853,0,🌵,123,205,58,19,30,1292,1,🌻🌻🌻🌻🌻_
854,0,常安,12,2252,93,1,1,0,1,越过山丘 才发现无人等候_
855,0,橙子,532,227,123,13,14,608,0,_
856,0,凌琳杰,0,347,18,0,0,756,0,_
857,0,死前回光,0,254,4,0,0,85,0,_
858,0,L,2173,77,37,10,10,0,1,做自己加油_
859,0,七岁,9,124,8,4,4,174,0,_
860,0,那年花开沈星移,0,203,101,0,0,6292,1,那年花开沈星移_
861,0,小米粒好物推荐,1,147,10095,0,0,392,1,恭喜你找到一个宝藏博主😍每日干货推荐，喜欢的可以关注一波哦每晚8点左右直播哦！谢谢捧场😘😘😘_
862,0,小丑没有嘴,0,334,7,0,0,405,1,分享喜欢的音乐🎵_
863,0,♂♂♂,57,105,6,8,9,2794,0,_
864,0,😈,0,402,6,0,0,5074,0,_
865,0,顺丰快递（刺激战场）,0,151,3,0,0,83,1,生死看淡，不服就干！奥利给！_
866,0,李先森,18,942,46,2,2,667,0,_
867,0,女神～经,11,101,30,2,2,68,0,_
868,0,🃏,217,1564,93,250,251,39031,1,可是Tiffany 纪梵希没有他那么喜欢你。_
869,0,吧啦笃,0,197,10,0,0,978,0,_
870,0,Madman,0,56,6,0,0,128,0,_
871,0,白小白,159,243,24,0,0,0,0,_
872,0,z :u,0,1525,1,0,0,0,0,_
873,0,元宝,334,613,228,39,54,10135,1,没有新故事才会对过往念念不忘_
874,0,xxxkak,0,37,2,0,0,504,0,_
875,0,劉先生。ღ,27,127,56,10,10,146,0,_
876,0,Shirely09,93,1659,134,5,5,8593,0,_
877,0,祥,0,231,8,0,0,277,0,_
878,0,　,19,296,22,10,11,728,0,_
879,0,I Do锦州千盛百货店,31,176,122,8,23,178,0,_
880,0,永恒之心,0,338,0,0,1,187,0,_
881,0,曼巴,0,1155,8,0,0,4430,0,_
882,0,用户7569142741852,6,147,13,1,1,2081,0,_
883,0,小鱼儿剪辑,307,66,17,13,17,217,0,_
884,0,user8015795453166,0,692,18,0,0,1394,0,_
885,0,媛,29,340,59,2,2,25557,0,_
886,0,傷澸.,1,319,12,1,1,578,1,😀_
887,0,1876996785,0,1040,20,0,0,4199,0,_
888,0,认清<人心>,5,439,21,0,13,1823,0,_
889,0,法师中单,28,153,15,8,8,439,0,_
890,0,鹏宇哥哥😬,106,239,73,6,6,3438,0,_
891,0,卷卷卷e,0,161,0,0,0,0,0,_
892,0,用户6958940730039,0,40,2,0,0,21,0,_
893,0,淑女太野,382,49,61,32,37,1018,0,_
894,0,南風吹北巷,10,2138,33,1,1,3862,0,_
895,0,我,0,136,10,0,0,426,0,_
896,0,Drake,0,500,41,0,0,2315,0,_
897,0,孤独劣人,0,2194,11,0,0,188,0,_
898,0,无情,0,720,0,0,0,783,0,_
899,0,很酷,0,325,1,0,0,4222,0,_
900,0,无忧无虑666,0,131,0,0,0,0,0,_
901,0,用户6104889287874,0,259,0,0,0,335,0,_
902,0,是个宝贝,0,699,55,0,0,0,0,_
903,0,独白,7,2199,16,2,2,19841,0,_
904,0,周金华,5,704,6,2,2,1879,0,_
905,0,江舟舟,0,10,1,0,0,0,0,_
906,0,老王影视剪辑,25344,291,1824,30,55,1254,1,学习剪辑橱窗里有教学原创剪辑，每日更新最好看的电视剧关注我欧巴看不停_
907,0,我就我呀,0,117,75,0,0,973,1,从现在起，追寻你的名字_
908,0,LGGGGGG,7,108,4,0,24,1092,1,不悲不喜，不吵不闹_
909,0,何以顾人初,0,72,2,0,0,416,0,_
910,0,戴奔奔,0,3,7,0,0,49,1,灵混中单_
911,0,Aqq,17,34,36,3,3,67,0,_
912,0,芒果布丁90,4,803,56,1,1,7393,0,_
913,0,丑的想上吊,795,381,72,16,18,0,0,_
914,0,用户894039,0,108,1,0,0,303,0,_
915,0,pineapple,0,233,3,0,0,18,0,_
916,0,芜星在努力,0,1607,26,0,0,7278,0,_
917,0,谢特，,0,293,61,0,0,1814,0,_
918,0,安小信,42,460,51,19,19,735,1,也没啥_
919,0,尘封琐事,32,22,62,10,10,518,1,❤累了就停下看看_
920,0,赤木。,0,333,10,0,0,755,0,_
921,0,赌怪,1,1090,4,1,1,2802,0,_
922,0,虾小米剪辑,801,197,23,12,12,407,1,感谢抖音官方绿色平台❤️热爱抖音，热爱剪辑❤️坚持原创，拒绝搬运❤️感谢关注，每日更新❤️_
923,0,💢,0,581,16,0,0,0,0,_
924,0,꧁༺ൢ冥小妖ൢ༻꧂,20,34,21,1,1,84,0,_
925,0,小小米,3793,1658,191,0,0,0,0,_
926,0,用户4600025594262,0,356,0,0,0,2782,0,_
927,0,白白的球宝,0,603,19,0,0,5865,0,_
928,0,～,0,254,6,0,0,1421,0,_
929,0,雅琳（影视剪辑）,1537,13,29,6,6,50,1,❤️ 影视电视剧 长期更新❤️❤️感谢小哥哥小姐姐们给予的支持和鼓励❤️❤️感谢抖音官方给予的平台❤️_
930,0,影视剪辑-Soul 昊,70,69,25,4,5,864,1,☞关注我，不剧荒🙇一首歌，一段电影8＜剪辑爱好者👂告诉我你想看的剧，喜欢的人物👊感谢官方❤感谢抖音平台_
931,0,Jay,0,427,1,0,0,8980,0,_
932,0,🚗🚕🚙,6,1005,23,1,1,6090,0,_
933,0,ok,0,1125,67,0,0,0,0,_
934,0,君莫笑,0,1276,10,0,0,1948,0,_
935,0,J.Cheung,18,347,35,0,0,0,0,_
936,0,글리세린,145,175,37,3,4,857,1,入目无他人，四下皆是你🌻_
937,0,Clair📑,0,588,20,0,0,0,0,_
938,0,路人好慌张,0,304,8,0,0,476,0,_
939,0,卢小黑,38,110,7,22,22,484,0,_
940,0,阿水剪辑,786660,17,95733,80,89,559,1,☀️剪辑不易👉🏻感谢关注☀️原创剪辑👉🏻只剪精品☀️努力的人👉🏻运气都不差☀️脚踏实地👉🏻一步一脚印☀合作交流👉V：lishuisheng022721_
941,0,用户8527551377759,0,138,0,0,0,6,0,_
942,0,风流,0,345,54,0,0,982,1,谈笑风生，却不动情_
943,0,文才丶,241,244,79,27,27,138,0,_
944,0,追梦的我,3,775,6,1,1,7328,0,_
945,0,语落凡尘（明书）,74,174,27,14,14,12418,0,_
946,0,太阳太阳快出来☀️,25,35,9,6,7,355,0,_
947,0,大王,16,52,4,5,5,380,0,_
948,0,多良,30,883,107,3,3,15278,1,成都体育学院运动训练学学士湖南师范大学体育学院运动训练学硕士湖南师范大学男篮前教练助理，体能教练。_
949,0,¹,19,897,35,1,2,17697,0,_
950,0,用户2272301321023,0,1269,1,0,0,1513,0,_
951,0,最早的早安,0,4172,154,0,0,13210,0,_
952,0,夏织落伊,0,285,1,0,0,86,0,_
953,0,航航🐶🐶,913,125,51,106,112,9453,1,新晋妈妈一枚_
954,0,___  W 。,0,234,0,0,0,2049,0,_
955,0,3.,0,290,17,0,0,12541,0,_
956,0,Z至,56,441,39,4,17,0,0,_
957,0,Zero Two,0,618,19,0,0,0,0,_
958,0,合鸟,0,621,40,0,0,0,1,往昔当念 来日可期🌊_
959,0,冯凌锋,31,253,42,5,5,549,0,_
960,0,阿:-O,0,2494,10,0,0,2686,0,_
961,0,两页,0,58,16,0,0,494,0,_
962,0,你回家吃饭吗,30,221,49,1,1,9330,1,🍵_
963,0,来福,13,172,96,0,1,297,0,_
964,0,原蓝度🍯秋梨膏,0,20,2,0,0,197,0,_
965,0,周青梅我是江西人宜春市幸福美满,1336,5001,364,96,120,12754,1,开一_
966,0,秦蒂,179,661,38,28,31,20546,0,_
967,0,大橙子,87,433,39,14,17,5479,0,_
968,0,乔木💋,1,17,19,1,1,18,0,_
969,0,小葛影视剪辑,4899,53,177,11,11,91,1,为大家呈现精彩的高能💝💝精彩的电影剧情剪辑💝💝科幻电影的剪辑💝💝_
970,0,🙈,27,719,36,10,10,1902,0,_
971,0,可惜久巴,0,59,2,0,1,136,0,_
972,0,杀意,0,1736,18,0,0,10951,1,Q：22281533_
973,0,喔喔喔,11,10,14,3,3,236,0,_
974,0,🌸,3,118,3,0,0,0,0,_
975,0,kungpaochicken,0,1987,129,0,0,2434,0,_
976,0,黑泽,695,3402,577,13,13,9429,1,圈子比你干净_
977,0,凉话＆刺心！,0,8,0,0,0,147,0,_
978,0,False    反迷你,61,780,57,1,2,0,1,考好了叫栀子花开 🌸考差了叫灵魂尽头 💀开家长会叫捉妖记👹 放假叫做大圣归来🐒[看]_
979,0,清风徐徐,41,183,52,7,7,764,1,因为没有，从不担心失去;因为想要，才会患得患失。_
980,0,crazy,26,311,32,3,4,1874,0,_
981,0,薛毛朱,0,37,13,0,0,15227,0,_
982,0,Griff57928,0,343,1,0,0,0,0,_
983,0,病人十三,605,286,285,4,4,2700,1,精神病见多识广，脑残儿童欢乐多！_
984,0,干啥啥不行,9790,45,5200,9,9,0,1,vx:313684387_
985,0,凉薄之人不留心,0,55,3,0,0,18,0,_
986,0,堂堂,0,152,42,0,0,9,0,_
987,0,快乐的小屁孩,0,105,6,1,1,181,0,_
988,0,赵小七,34,909,15,20,24,0,0,_
989,0,徐丶尼瑪,0,108,17,0,0,39,1,讲咩？_
990,0,Chan,0,72,0,0,0,18,0,_
991,0,ㅤㅤ,0,139,3,0,0,0,0,_
992,0,勒不死的狗,0,380,6,0,0,766,0,_
993,0,期期别别,19,677,6,0,0,0,0,_
994,0,PTU,0,47,28,0,0,79,0,_
995,0,Lo-OpLF,0,170,12,0,0,0,0,_
996,0,小麦,0,66,2,0,1,308,0,_
997,0,玄子爱吃牛粪,0,5000,28,0,0,35871,0,_
998,0,萌鼠宝宝,12,314,12,0,3,5169,0,_
999,0,S,0,706,36,0,0,5885,0,_
1000,0,私欲丶,33,245,31,3,3,2617,1,吃鸡扣扣裙7548239_
1001,0,Break up,0,2885,17,0,0,0,0,_
1002,0,杠精成员,6,803,20,2,3,2885,0,_
1003,0,冷淡,0,146,29,0,0,0,0,_
1004,0,剪辑叔,0,21,1,0,0,24,0,_
1005,0,张北车,211,330,191,11,11,2657,1,王北车文章结合体🤘🏻每天晚上七点直播😎欢乐多多😂_
1006,0,黑虎阿福丶,0,1955,39,0,0,8763,1,管他那么多干嘛 抖就完事了_
1007,0,camel阿姨,0,23,0,0,0,0,0,_
1008,0,JOKER,0,3180,0,0,0,0,0,_
1009,0,啊哈    💢,0,49,7,1,1,6,0,_
1010,0,Zlatan●,1190,340,48,32,557,243,1,为了自己的梦想而奋斗的一个青年_
1011,0,S,0,46,21,0,0,27,0,_
1012,0,陌陌,0,37,4,0,0,0,0,_
1013,0,Lxxxin_,665,842,123,15,15,3404,1,一个跳国标的小学生💃_
1014,0,99,14,104,8,4,5,1255,0,_
1015,0,🌻🌻🌻🌻,23,847,25,7,7,580,1,签名什么的没什么好说的！_
1016,0,噜啦啦,0,4,0,0,0,11,0,_
1017,0,☁️,17,145,6,3,3,450,0,_
1018,0,沐·小兔叽🍊,22,1111,24,3,4,6314,0,_
1019,0,杨鹏民,2,1748,23,0,0,0,0,_
1020,0,王者237752462,42,125,10,0,0,1692,0,_
1021,0,Judy,45,50,103,2,50,0,0,_
1022,0,饼干🍪,23,99,27,4,5,0,0,_
1023,0,相交线,12,1412,71,3,4,3469,1,苑_
1024,0,我是你大爷,0,31,1,0,0,377,0,_
1025,0,🅰️🍒🍒🅰️,1135,422,305,373,375,735,0,_
1026,0,　JiaJIA 🐎,0,661,52,0,0,614,1,习惯一个人过所有生活_
1027,0,正经先生Mr＇Z,41,413,68,9,10,12908,0,_
1028,0,尹,3069,63,238,18,18,1274,1,wb:1waitingii_
1029,0,Self-discipline丶,0,43,0,0,0,1409,0,_
1030,0,Moons,0,334,42,0,0,0,0,_
1031,0,Y,5,422,9,1,1,208,0,_
1032,0,Xxxxxxxxx,0,447,29,0,0,8100,1,啊啊啊啊啊啊啊啊啊啊_
1033,0,山有木兮木有枝ベ,7,659,10,2,2,1237,0,_
1034,0,安稳丶,0,385,119,0,0,6052,0,_
1035,0,霍天满,51,142,9,0,0,0,0,_
1036,0,嘻嘻嘻嘻嘻,3804,802,181,17,17,7626,0,_
1037,0,花里胡哨,0,1220,20,0,0,0,0,_
1038,0,用户354948653716,0,51,1,0,0,2,0,_
1039,0,深离,0,76,9,0,0,85,0,_
1040,0,vv,0,54,3,0,0,7,0,_
1041,0,北雁,129,1050,37,8,9,14624,0,_
1042,0,Hwj,1042,136,138,0,0,0,0,_
1043,0,浩Σ(°Д°;,48,640,55,8,8,1653,1,"The last time, there will be no next tim_"
1044,0,A&D金刚和芭比,16,127,52,0,0,366,0,_
1045,0,风流倜傥小天才,5,181,13,0,0,0,0,_
1046,0,🐿,17,335,43,2,2,2795,1,地狱空空荡荡，魔鬼都在人间_
1047,0,404,0,10,0,0,0,19,0,_
1048,0,熊猫猫,0,376,25,0,0,14509,0,_
1049,0,Charles,0,85,2,0,0,1221,0,_
1050,0,贱贫君,0,2,6,0,0,4,0,_
1051,0,毛毛惹人爱,8,432,22,5,5,793,0,_
1052,0,默,10,317,25,3,6,713,0,_
1053,0,用户5846465916425,0,66,0,0,0,103,0,_
1054,0,宋倪子ﻬ          👹,176,163,70,14,15,769,0,_
1055,0,terrence,0,874,40,0,0,294,0,_
1056,0,胡桃夹子wynee,181,88,26,17,19,269,1,一个深井病_
1057,0,呸呸,0,504,3,0,0,1668,0,_
1058,0,三生,0,274,3,0,0,0,0,_
1059,0,Njdjd,0,17,5,0,0,27,0,_
1060,0,叶漠,0,4,1,0,0,1,0,_
1061,0,是三岁丫,0,60,9,0,0,0,0,_
1062,0,biabiabia,0,65,0,0,0,0,0,_
1063,0,晚安鸣人,0,783,53,0,0,14578,1,我也渴望你的关注_
1064,0,狗子,0,66,7,0,0,300,0,_
1065,0,铃木雅,18491,575,6969,91,92,2206,1,呦！呦！呦！_
1066,0,我i,807,59,55,2,2,0,1,☁️_
1067,0,雨晨,13,368,44,1,1,984,0,_
1068,0,贺凯诚,0,16,7,0,0,0,0,_
1069,0,朱梓源阿_,526,117,102,32,32,4903,1,家有可爱女友._
1070,0,挠斧挠斧挠斧～,17,1659,32,9,9,68,0,_
1071,0,.      .poi,0,1017,25,0,0,2577,0,_
1072,0,大肥猫👻,0,139,2,0,0,237,0,_
1073,0,Ronin🍂,13,299,46,2,2,0,1,生活就是这么可可爱爱、奇奇怪怪。_
1074,0,塑料炸脑兄弟👬,53,1517,12,70,72,9852,1,😌😌😌😌_
1075,0,走两步,0,89,2,0,0,120,0,_
1076,0,用户8509972929542,0,1302,4,0,0,5227,0,_
1077,0,superzeze,0,171,0,0,0,0,0,_
1078,0,人间神明大朵拉,0,60,0,0,0,11,0,_
1079,0,嗯哼,0,527,8,0,0,0,0,_
1080,0,粒子,0,302,16,0,1,289,0,_
1081,0,蛋蛋,201,232,76,38,38,422,0,_
1082,0,C,32,240,22,29,63,1327,1,做彼此的天使，我做天_
1083,0,精彩电影剪辑君,164096,409,4697,99,100,0,1,🎬给我一分钟，我将让你爱上一部电影。❤️美好的事物，喜欢你✨优秀的电影☕️美丽的人生💡感谢关注_
1084,0,嘎,0,297,15,0,0,397,1,如果有点多好_
1085,0,Çç,0,900,52,0,0,44672,0,_
1086,0,璿璿,0,236,4,0,0,582,0,_
1087,0,Chen0814,485,155,100,90,90,575,1,"Every people have their own happiness, what's yours 💕✌🏻Filipina/Chinese每个人都有自己的幸福，什么是你的💕✌🏻_"
1088,0,用户604134684,0,218,2,0,0,2237,0,_
1089,0,L&.,0,1582,3,0,0,0,0,_
1090,0,寰宇,0,1828,25,0,0,4065,0,_
1091,0,倾他一世,9,158,30,0,0,0,0,_
1092,0,网友A,1,21,0,0,0,0,0,_
1093,0,Napper,1,231,3,1,1,0,0,_
1094,0,Yearning impression ,31,954,20,6,7,1719,0,_
1095,0,上麻衣口lisa,62,109,32,14,14,535,1,183，58kg🐧:2516632119vx：18078450134_
1096,0,用户7446003076241,4,186,1,1,4,360,0,_
1097,0,晨静,0,66,2,0,0,0,0,_
1098,0,剪辑手一木,17,59,5,4,7,0,1,感谢抖音，感谢每个观看的小伙伴！你们的支持将是我前进的动力！坚持每天回复各位的宝贵评论！_
1099,0,Odyssey,9,932,55,3,3,3364,1,321_
1100,0,糸丶,0,1405,6,0,1,3052,0,_
1101,0,踟蹰,28,280,10,2,2,250,0,_
1102,0,詹姆斯mvp,5,59,12,1,1,379,1,詹姆斯MVP_
1103,0,路明飞一样的小孩,1,116,4,1,1,2269,0,_
1104,0,芳菲_,10,335,10,1,1,0,0,_
1105,0,ShaoJXiang,0,131,17,0,0,192,0,_
1106,0,Michael,13,530,75,3,7,20023,0,_
1107,0,优秀.,16,172,16,1,1,0,0,_
1108,0,慢慢想我,473,151,102,30,30,930,1,星星温柔泛滥，人间至善_
1109,0,鱼也,3,1308,8,3,5,4231,1,哦豁？_
1110,0,我只是个橘子啊,74,851,43,11,11,26857,1,总有一丝光芒将你引到清澈的地方_
1111,0,🔱Jack🚬Rules€,17,438,20,2,2,2793,0,_
1112,0,再来一瓶👀,0,318,70,0,0,0,1,请勿扰，谢谢_
1113,0,哈哈哈,0,3382,30,0,0,10955,0,_
1114,0,Chili👻,0,68,1,0,0,85,0,_
1115,0,花颜诱人醉♚,66,3655,37,12,13,12302,0,_
1116,0,✨🌟吖,0,126,6,0,0,494,0,_
1117,0,Angrybaby,439,917,128,2,2,2434,1,我正在关注你_
1118,0,小汤圆,6,267,9,1,1,913,0,_
1119,0,你本来就很美or,0,176,7,1,1,276,0,_
1120,0,Closing,0,86,3,0,1,84,0,_
1121,0,闪灵,43,138,3,47,48,15,0,_
1122,0,余生,0,139,16,0,0,651,0,_
1123,0,大王木木,11,403,33,1,1,212,1,“总之 很感谢你能耐着性子来了解我的喜好啦”_
1124,0,阿精【靓仔】大队,0,255,42,0,0,4293,0,_
1125,0,run away,0,14,5,1,1,0,0,_
1126,0,纪年🍓香芋,0,462,0,0,0,0,0,_
1127,0,Minecraft.残影,0,51,1,0,0,14,1,我是新人，请大家多多关照我的世界是我的最爱会一点指令，红石，生存会亿点沙雕🤗🤗🤗🤗大爱抖音🥰🥰🥰🥰_
1128,0,不懂,0,93,5,0,0,256,0,_
1129,0,咖啡馆的猫,7,140,20,2,2,729,0,_
1130,0,北原野里,2661,1091,89,12,12,13892,0,_
1131,0,Foll to she（沦陷于她）,0,1685,74,0,0,0,0,_
1132,0,苏苏,2876,1719,344,0,0,0,0,_
1133,0,领头羊,57,131,78,3,6,3106,1,加油我们都是最棒的_
1134,0,花藤哥哥,0,2369,10,0,0,729,1,KOBE. FOREVER_
1135,0,"C。 "" 尛 媛 💋👠 💄",886,1200,95,283,305,0,0,_
1136,0,用户7272482388413,0,35,1,0,0,34,0,_
1137,0,Miss_一半,4,136,3,1,1,1901,0,_
1138,0,用户4573311599772,0,108,4,0,0,42,0,_
1139,0,影视卡斯奥,16,14,2,1,15,57,1,更多影视剪辑每日推荐好影视_
1140,0,门房老秦,1,261,8,0,1,716,0,_
1141,0,一个过路的假面骑士,36,4626,11,9,9,11615,1,我会向假面骑士的方向出发的_
1142,0,沙雕一枚,0,99,0,0,0,198,0,_
1143,0,Mannix,0,19,1,0,1,48,0,_
1144,0,用户6020188788062,67,233,28,12,12,654,0,_
1145,0,大脚板影视,71,103,11,6,6,412,1,🦖感谢抖音官方平台🦖关注大脚追剧不迷路🦖欢迎评论留言你想看的🦖近期每天持续更新《紧急呼救》🦖右上抖一下更新立刻第一时间收到哦_
1146,0,Kape,73,43,30,1,1,0,1,☻_
1147,0,你的粉丝。,0,1026,8,0,0,12869,0,_
1148,0,ℤ秀小男神,5,1323,33,2,20,3584,1,帅气天成无需作秀！_
1149,0,Ψ((司徒家))Ψ司徒·杠精,40,1040,32,0,0,0,0,_
1150,0,丹丹啊,869,35,181,52,52,692,1,懂得珍惜，才配拥有v：964667301_
1151,0,蕊宝🧚,142,245,107,19,19,658,1,城西雪佛兰的可爱小仙女🧚_
1152,0,杨先生🌈,33,742,120,0,0,819,1,使人成长的不是岁月.而是经历._
1153,0,七月.,505,20,34,4,4,0,1,❤分享好剧❤❤感谢关注❤_
1154,0,喔~,0,28,3,0,0,0,0,_
1155,0,yinsurface,0,1143,11,0,0,489,0,_
1156,0,淡定的鹿鹿,78,434,69,4,4,14254,1,v:abcd2723707504_
1157,0,吴卓富喔,3,71,20,3,4,29,1,话你憨鸠又怕你嬲_
1158,0,沐辰,73,547,40,11,11,5767,1,😑_
1159,0,红桃J,53,191,60,5,5,352,1,只愿得一心人_
1160,0,熬过漫长.,0,224,21,0,0,3696,0,_
1161,0,YU   XIAO   XUAN,858,443,78,36,41,977,1,169.5   体育生  上饶师范学院_
1162,0,君枫,937,4117,208,39,40,35335,1,大家都可以@我，我一定来很高兴和大家做朋友爱玩:王者，吃鸡……大家可以来找我玩_
1163,0,十亿少女的梦,1,187,22,1,1,107,0,_
1164,0,萍儿,33,5001,53,6,6,65889,1,可以加我微信_
1165,0,小小娃娃,13,90,13,1,3,1480,0,_
1166,0,帝骑,0,129,3,0,0,251,0,_
1167,0,唐凌,0,145,1,0,0,0,0,_
1168,0,🌸1Yzi🌸,1530,44,21,23,23,604,0,_
1169,0,躲一只猫,110,713,27,5,49,0,0,_
1170,0,皮皮,638,496,69,97,97,543,1,灵动的小胖妞，本条街最亮的仔_
1171,0,Rose.,0,164,31,0,0,23895,0,_
1172,0,幺狗在此,6,247,7,6,6,0,0,_
1173,0,冰红茶,7,6,11,1,1,3,0,_
1174,0,如一,0,11,1,0,0,15,0,_
1175,0,凉城呀,0,453,28,0,0,935,0,_
1176,0,溫柔待命的JK制服馆,14474,220,4220,49,49,166,1,溫柔待命的JK制服馆        “余下的风 陪你在夜晚里溫柔待命”VB：溫柔待命🍑宝：溫柔待命的JK制服馆·暂不收稿 要做新款·_
1177,0,insidious,0,246,5,0,0,735,0,_
1178,0,REN,0,409,15,0,0,0,0,_
1179,0,晴暄～～,438,416,244,19,308,0,1,💗是心动啊🌟开开心心🥰✨快快乐乐🤩_
1180,0,马乐乐,0,33,8,0,0,124,0,_
1181,0,Misent,0,275,8,0,0,0,0,_
1182,0,🐰爽大歪🍥,33,54,24,11,11,587,0,_
1183,0, 颖,226,121,56,26,26,2297,1,确认过眼神。我遇见对的人_
1184,0,渐行远,3,998,39,0,3,3390,0,_
1185,0,沉默者150,0,111,3,0,0,112,0,_
1186,0,墨璃,0,125,1,0,0,602,0,_
1187,0,v顾好多人挺高的,0,32,2,0,0,1163,0,_
1188,0,故 事,169977,71,23146,678,678,21183,1,🌸故事里的事 说是就是不是也是————————————————🌸故事里的事说不是就不是是也不是——————————————————🌸感谢抖音 感谢官方推荐————————————🌸感恩遇见 感谢关注与分享——————————————_
1189,0,猫格格,29,17,12,0,0,0,0,_
1190,0,',0,39,4,0,0,12,0,_
1191,0,忆\_,3,296,19,0,2,2948,0,_
1192,0,,124,437,70,11,11,10448,0,_
1193,0,小龙哥,1,164,13,0,1,4973,0,_
1194,0,啵啵,6,1010,17,1,1,16982,0,_
1195,0,额额啊,0,32,18,0,0,182,1,嗯嗯  对  就这样_
1196,0,情谊永恒,0,326,19,0,0,2190,0,_
1197,0,喜欢鬼灭…,3,279,11,0,0,0,0,_
1198,0,戏子,2,479,37,1,1,51122,0,_
1199,0,朵朵麻麻,0,33,6,0,0,119,0,_
1200,0,💗AKI💗,347,537,119,43,48,10726,1,一个在尝试减肥的吃货单身狗！_
1201,0,愤怒的小蜻蜓,66,179,70,10,10,717,0,_
1202,0,梦醒时夜续🍂,0,262,3,0,0,734,0,_
1203,0,余生不及情长,27,598,84,4,27,2531,1,我们最终都活成了自己讨厌的样子……_
1204,0,🎀菲宝宝🎤,10880,481,1798,32,33,738,1,一个爱唱歌的菲宝宝💓PAULANER普拉娜驻唱🎤只想把🎵分享给更多的人感谢关注，感恩有你🥰_
1205,0,龘龘龘,129,684,73,9,10,9422,1,奥力给_
1206,0,爱剧喵,3,28,2,1,1,116,1,❤️优质、精彩电影片段剪辑☘️每天12:00更新      🖐️剪辑不容易，大家点个赞再走吧👍_
1207,0,彼岸君行,2,133,12,3,3,858,0,_
1208,0,同学(OO￣▽￣OO)YAMI~,0,1441,12,0,0,0,0,_
1209,0,趁年轻折腾吧,70,766,90,4,7,4121,1,Keep  on dancing_
1210,0,傲世龙王。,0,161,4,0,0,14,0,_
1211,0,糖宝,28,77,33,4,8,36047,1,既许一人以偏爱，愿尽余生之慷慨。_
1212,0,小春日和,11,739,24,5,21,5119,0,_
1213,0,鄙人乃精灵王子,99,668,19,16,16,16123,1,喜欢中土系列_
1214,0,χ    X U Y  °,25,279,62,6,6,295,0,_
1215,0,幻境日记,0,600,150,0,0,20,0,_
1216,0,[看],0,549,28,0,0,10142,0,_
1217,0,victory,40,367,11,14,16,8820,0,_
1218,0,满天都是小星星✨,7,48,17,1,1,2828,1,我好像已经放弃你了 又好像一直在等你_
1219,0,影,20,75,6,19,20,748,1,若干年后，愿所有的宝贝儿一样翻看着自己的成长足迹，感受着爸爸妈妈所有的爱与付出_
1220,0,言无心,0,2620,36,0,0,0,0,_
1221,0,我叫M,0,466,1,0,0,0,0,_
1222,0,情话太粘人,0,108,4,0,0,2611,0,_
1223,0,独孤泥叩,1943,521,98,4,11,0,1,泥叩和你一起追剧📺_
1224,0,afo,0,318,0,0,0,218,0,_
1225,0,疯,0,97,0,0,0,0,0,_
1226,0,浮尘。,47,54,79,3,3,3514,0,_
1227,0,平凡之路,0,834,4,0,0,7457,0,_
1228,0,CC,0,86,3,0,0,0,0,_
1229,0,点滴剪辑,22,9,11,2,2,11,1,原创剪辑，带你追剧！感谢抖音，感谢平台！_
1230,0,艺凡影视,0,31,2,0,0,6,1,🎈感谢你的关注！非常宠粉！有求必应🎈感谢抖音 感谢官方正能量！🎈一首音乐 看一部电影🎈每天更新精彩视频 🎈追光文化mcn_
1231,0,咔咔斯基,12,76,7,2,2,1435,0,_
1232,0,风,0,185,10,0,0,1234,0,_
1233,0,晨北北☁️,0,33,6,0,0,469,0,_
1234,0,九巷,0,494,5,0,0,5263,0,_
1235,0,用户8516216754967,0,135,0,0,0,0,0,_
1236,0,雪,0,261,19,0,0,0,0,_
1237,0,学不会伪装,0,84,1,0,0,753,0,_
1238,0,忧郁的香菇,60,375,6,420,420,1549,0,_
1239,0,红草,0,59,26,0,0,107,0,_
1240,0,郭梦云,0,30,5,0,1,91,0,_
1241,0,一生只为有你,15,3531,15,3,3,92724,0,_
1242,0,卡丝莉,7,27,3,1,2,435,0,_
1243,0,阿振SW,84,352,28,16,16,444,0,_
1244,0,落俗゛,0,1400,12,0,0,10700,0,_
1245,0,用户1085132055174,52,152,11,12,12,374,0,_
1246,0,冬天来了,51,39,12,6,6,31,0,_
1247,0,俺兜兜里有糖,0,494,16,0,0,217,0,_
1248,0,上上,0,298,11,0,0,2148,0,_
1249,0,she,0,495,64,0,0,3302,0,_
1250,0,王NaNa。,150,74,45,12,12,0,1,微信号nana960718_
1251,0,灭绝师太,95,79,89,1,1,70,0,_
1252,0,Howa,8,525,16,1,1,0,0,_
1253,0,大庆庆,0,1087,30,0,0,5692,0,_
1254,0,# m-萌,847,594,91,52,57,7320,1,一切都会好_
1255,0,hypoxia.,0,223,2,0,0,0,0,_
1256,0,用户9833383856453,0,26,2,0,0,87,0,_
1257,0,梦梦♪(^∇^*),7,152,7,10,10,1089,0,_
1258,0,xolpan,2094,115,437,36,36,2187,1,👨👩👧_
1259,0,我想起个名最好不要太社会因为我希望稳当的,0,124,17,0,0,0,0,_
1260,0,溪.,0,35,3,0,0,306,1,菀菀类卿_
1261,0,蒲蒲,144,606,23,42,43,3077,0,_
1262,0,BaZ.,0,67,3,0,0,0,0,_
1263,0,活该,2,994,23,0,0,38934,1,世界第一退堂鼓打手_
1264,0,轩哥,280,225,56,56,56,261,1,6.4日，9.22分，深圳市坪山区_
1265,0,请叫我加菲猫,0,4986,39,0,0,43091,0,_
1266,0,故久寺,88,4923,51,0,0,0,0,_
1267,0,愿此风景如人愿,8,24,3,3,3,214,0,_
1268,0,墨轩,0,30,29,0,0,0,0,_
1269,0,老兔子～天依无缝,83,265,31,27,27,851,0,_
1270,0,月亮不睡我不睡🦋,22,25,0,2,3,12,0,_
1271,0,汽车人阿立,22,6,5,6,6,23,0,_
1272,0,有想起你,0,66,20,0,0,4674,0,_
1273,0,偏见,0,329,55,0,0,0,1,记得八月._
1274,0,啵啵呆的0506,371,350,33,14,17,2731,1,贤月来了❤️❤️❤️❤️❤️❤️bolo2🉑🉑🉑🉑别给爷乱带焚寂OK？？？lv别来，惹事🐔婆也别来_
1275,0,瑞,96,56,34,13,13,139,0,_
1276,0,只想当只熊猫崽,0,74,1,0,0,119,1,我不是胖 我只是跟崽崽一样有点肉  目标瘦到90斤_
1277,0,曾经,0,83,8,0,0,552,0,_
1278,0,手机用户72943145935,0,22,9,0,0,91,0,_
1279,0,哈喽啊！,345,142,103,9,9,23287,1,原来是你_
1280,0,33的梦,0,102,6,0,0,378,0,_
1281,0,子琰,0,4661,25,0,0,14514,0,_
1282,0,吴小特,86,1461,35,13,55,11188,0,_
1283,0,明亮的小星星,57,908,62,7,7,567,0,_
1284,0,嗨！,47,105,20,3,3,2368,0,_
1285,0,sky,8,108,6,4,4,2370,0,_
1286,0,L_FOUR_C$L,105,918,156,11,44,950,0,_
1287,0,白胖子@姐姐,0,2590,26,0,0,3928,1,开开心心_
1288,0,用户2884084824790,0,16,3,0,0,0,0,_
1289,0,限流一姐,174,540,58,18,18,2493,1,双子🚺🔒zyc武汉加油！中国加油！2020加油！👏👏有关必回，有赞必回粉丝名:流星雨爱豆:蔡徐坤，蔡徐坤，蔡徐坤，蔡徐坤，好友:zyc赞过500有福利粉丝过百也有福利_
1290,0,0⃣️,8,42,5,9,9,309,0,_
1291,0,夜风凛凛,3,99,4,2,2,145,0,_
1292,0,用户9624139534548,0,181,3,0,0,0,0,_
1293,0,西月壹拾贰🌙,0,111,8,0,0,146,1,总有一天你会因为一个人而觉得人间值得_
1294,0,我是依依呀,2,82,21,0,0,2180,0,_
1295,0,Smile丶橙g,1,37,14,1,1,102,0,_
1296,0,李医师,0,59,0,0,0,17,0,_
1297,0,用户5488010825388,791,259,117,112,112,307,0,_
1298,0,潮宝贝,122,53,56,9,10,130,1,更多好看的衣服在朋友圈里有意的宝妈们➕VX1⃣️7⃣️8⃣️3⃣️9⃣️1⃣️5⃣️8⃣️8⃣️2⃣️8⃣️_
1299,0,BM709,1501,81,334,101,104,953,0,_
1300,0,AKA WEN-J,9,855,46,1,1,0,0,_
1301,0,和平精英鸽子,639,1957,45,135,138,3344,1,粉丝到100送王者号玩。_
1302,0,不打烊剧集,0,9,0,0,0,0,0,_
1303,0,代号:柒,109,4107,58,20,20,13574,1,希望能获得点赞_
1304,0,NASA,389,3774,26,110,114,7122,1,我很宠粉的_
1305,0,heyvivi,0,871,41,0,1,912,0,_
1306,0,[看],0,2414,25,0,0,0,0,_
1307,0,frb💕,0,561,20,0,0,6562,0,_
1308,0,我是？,0,77,3,0,0,136,0,_
1309,0,王者星钻,11,1937,60,7,8,5210,1,以后只做娱乐视频_
1310,0,我想做个坏孩子,5,156,32,3,3,2079,0,_
1311,0,Devil,15,162,9,4,22,6644,1,此人乃地球上的某只哺乳动物_
1312,0,小慧🧚🏻‍♀️爱剪辑,1936262,49,331501,63,63,435,1,❤️感谢抖音   感谢关注🎬精剪每一帧精彩片段💫每天持续更新中💍关注我不在闹剧荒👉新剧《外星女柴小七》更新中……👄学习交流＋V： lives068🏡御今文化mcn旗下_
1313,0,燕影飞侠,26,254,12,3,34,3959,0,_
1314,0,伽,44,96,12,7,7,1121,0,_
1315,0,. X.,77,232,32,0,0,0,0,_
1316,0,PHYO KO KO,0,126,2,0,0,2,0,_
1317,0,小嘉同学,0,438,15,0,0,1853,1,"感谢各位小伙伴的支持,可能会一周一更本人初中生，学业繁忙，所以只能这样啦！技术菜鸡，大佬求带_"
1318,0,ce,0,2,9,0,0,32,0,_
1319,0,fi,0,79,6,0,0,121,0,_
1320,0,帮不帮爸爸不不不,0,4,0,0,0,4,0,_
1321,0,许小猪o,0,36,19,0,0,756,1,看啥，什么都没有😢_
1322,0,溫度の微笑,1,3223,34,0,1,2392,1,"It's amazing how someone can break your heart,but you still love them with all the little pieces不可思议的是，即使他令你心碎，你却依然用 破碎的心爱着他。_"
1323,0,蒙骐骐🥰,710,804,57,112,112,853,0,_
1324,0,是你就是你,48,114,7,0,0,0,0,_
1325,0,爱吃肉的🐠,9,125,3,3,3,1052,0,_
1326,0,夜道的人,31,4368,38,0,0,0,0,_
1327,0,甜馨,205,267,23,64,64,802,0,_
1328,0,兮溪,6,752,62,0,2,517,0,_
1329,0,周大发-,345,177,25,89,90,0,0,_
1330,0,🍃,2,37,12,0,0,256,0,_
1331,0,1,0,28,5,0,0,0,0,_
1332,0,夏风～轻抚,0,21,1,0,0,411,0,_
1333,0,李小随z,49,44,36,1,2,87,1,不吃香菇🍛_
1334,0,风声,0,61,9,0,0,570,0,_
1335,0,小白白,11,39,6,1,2,208,0,_
1336,0,啊飘,64,212,14,20,127,815,0,_
1337,0,探索者,0,2202,114,0,0,51085,0,_
1338,0,错的不是我♥,57,614,61,4,7,0,1,错的不是我，而是这个世界_
1339,0,菩提树下的梵心,0,33,5,0,0,47,1,人间纵有百媚千红，唯独你是情之所钟_
1340,0,#发牌员当个人,0,1208,28,0,0,0,0,_
1341,0,绝魇,0,50,3,0,0,144,0,_
1342,0,已重置,0,3843,8,0,0,17565,0,_
1343,0,Ryan,0,438,6,0,0,0,0,_
1344,0,多鱼影视,0,88,0,0,0,102,1,🎗原创剪辑，影视人生🎗学无止境，欢迎指导_
1345,0,樱桃少了丸子,1,1065,2,0,0,0,0,_
1346,0,染尘,4,918,31,2,2,754,0,_
1347,0,James,47,208,41,3,3,256,0,_
1348,0,王大锤🌈,0,7,1,0,0,27,1,一个神经病。感谢关注。慎聊。_
1349,0,小阿狸,1204,689,78,11,42,2705,1,前路有阴影、是因为背后有阳光☀️_
1350,0,.,0,40,0,0,0,25,0,_
1351,0,一家人,35,129,19,1,41,193,0,_
1352,0,珂珂妈,91,734,110,6,9,30509,1,心有沉香  何惧浮世_
1353,0,饺子☀,0,267,30,0,0,0,0,_
1354,0,🙈小岳岳,0,230,5,0,0,2024,0,_
1355,0,浪浪山游戏日记,12,51,1,4,4,433,1,抖音D级游戏领域实况主_
1356,0,健忘ヾ,1,106,66,0,0,0,0,_
1357,0,Await丶,0,200,11,0,0,672,0,_
1358,0,Y.,0,3578,45,0,0,44491,0,_
1359,0,审判,25,4988,42,0,0,0,0,_
1360,0,只会睡觉,0,760,11,0,0,49394,0,_
1361,0,小小娴,798,174,202,23,24,171,1,白驹过隙_
1362,0,已重置,0,43,20,0,1,973,0,_
1363,0,鹿小北,0,48,17,0,0,0,0,_
1364,0,咔咔叩,12,1060,39,0,0,74700,0,_
1365,0,耶耶耶,0,293,90,0,0,1741,1,感谢官方提供绿色平台_
1366,0,Ryukh,19,558,23,1,2,19911,0,_
1367,0,可乐电影,0,21,0,0,0,21,1,💁别走，点下关注啦🙅_
1368,0,残翅烟蝶,0,83,31,0,0,732,1,诺似梦里蜜，错若心间雪，为是千万情，不过一段姻。_
1369,0,小爷,66,120,5,82,82,286,1,本液体暂时还没想到个性的签名_
1370,0,一点点.,0,522,13,0,0,19668,0,_
1371,0,薰咻,0,784,0,0,0,0,0,_
1372,0,刘丹,675,308,89,31,31,2999,0,_
1373,0,C.lian,0,213,45,0,0,0,0,_
1374,0,娜宝宝爱我,1414,451,128,99,101,650,1,爱喝一口的女！汉子！_
1375,0,安Ann,22,1172,25,1,1,0,1,✡️我心向南身向北✡️✡️喜薄情灭泪成灰✡️✡️欢喜庄生蝴蝶梦✡️✡️你道夜长惹人醉✡️_
1376,0,ZG.🦖,109,231,22,4,4,19805,1,居住在深圳南山可爱的一只小恐龙_
1377,0,小白羊🐑,451807,268,23610,14,36,0,1,hi，好久不见，别来无恙_
1378,0,小鱼,104,137,11,23,23,3373,1,得嘞_
1379,0,卢大仙儿,1982,504,269,82,82,928,1,高冷老阿姨萨克斯教师_
1380,0,风烛粹月,3,1045,12,1,1,3775,0,_
1381,0,魔女梓萱,2036,653,192,185,188,0,0,_
1382,0,小野,195,793,70,27,27,6819,0,_
1383,0,略。,1,67,1,0,0,0,0,_
1384,0,天王老子,0,124,17,0,0,6338,1,。。_
1385,0,J,0,99,47,0,0,0,0,_
1386,0,九宫怨♝,0,310,1,0,0,0,1,种下一个萌妹子，收获一堆小娘子_
1387,0,ღ         小双,408,393,160,48,56,534,1,以后，不再以后！_
1388,0,五档起步,34,219,31,9,9,902,0,_
1389,0,Cyrus·兮彦吖🐯,15263,98,5153,22,22,23,1,A Dream Come True....ღ新人主播 多多关照 会好好努力💪身高175 喜欢健身旅游的靠谱Girl.🥰95后的小阿姨😁（每晚9点18分直播）粉丝牌7级可以➕WeChat哦❤️_
1390,0,长虫的牙,7,146,7,0,0,0,0,_
1391,0,。,0,686,1,0,0,1143,0,_
1392,0,动次静次,230,21,57,45,45,2047,1,啦啦啦，我是卖报的小行家想要软件的➕vx:ZZ07249039_
1393,0,樱桃偏偏没丸子,0,95,43,0,0,1020,0,_
1394,0,乌拉吧啦HAOAI冲呀！,1,19,0,1,2,50,0,_
1395,0,林郁.,0,4078,11,0,0,8422,0,_
1396,0,begin,15,615,54,1,1,50221,0,_
1397,0,獨酔丶,0,20,1,0,0,10,0,_
1398,0,如果能高兴,4,326,27,1,2,3806,1,一点就好_
1399,0,初夏d味道,0,418,47,0,0,466,0,_
1400,0,不浪漫罪名,153,3061,189,32,32,0,1,三山视觉/专注健身市场外包业务范围【品牌包装、营销策划、活动策划与执行、线上推广引流】【微信公众号、美团点评运营、平面设计、渠道开发、商家合作等】微信/电话  17308011785_
1401,0,十有八九i,4,45,46,2,2,1587,1,90后_
1402,0,吃不着右,63,85,26,0,0,0,0,_
1403,0,果果,163,86,53,32,33,908,0,_
1404,0,闲着无聊^_^,39,137,92,8,13,371,0,_
1405,0,鬼兰,0,147,10,0,0,0,0,_
1406,0,Alex Chen,0,433,3,0,0,578,0,_
1407,0,歹妖怪哪里跑,18,19,14,2,2,174,0,_
1408,0,已重置,7,45,11,1,1,54,0,_
1409,0,我在过马路,0,69,16,0,0,80,0,_
1410,0,..._,0,142,27,0,0,0,0,_
1411,0,珂珂嘟嘟的爸爸👨‍👩‍👦‍👦,144,25,76,13,14,278,0,_
1412,0,臻,22,320,23,0,0,0,0,_
1413,0,女王的猫 撸猫轰趴馆,1129,538,194,37,39,578,1,张家口首家猫咪主题轰趴馆  地址凤翔山庄福祥超市马路对面佳友宠物，V⭐ 18831346818，18路38路31路传染病医院站到达_
1414,0,sunny33小超人,604,1296,73,65,66,1755,0,_
1415,0,用户3888995555596,3,124,6,3,4,138,0,_
1416,0,🇨🇳LIU薇拉Beра🇷🇺,164,213,26,67,67,125,1,一个喜欢到处乱跑的人_
1417,0,小丸子,29,94,50,0,0,0,0,_
1418,0,一个人,12,25,5,4,4,13,0,_
1419,0,虎妞说房,14,79,25,7,7,6,1,家乡:秦皇岛关注我让你买房不吃亏每天分享房产知识和买房经验_
1420,0,佳明,0,4501,6,0,0,0,1,就你？就你？_
1421,0,其其,4583,2347,1375,204,204,6271,0,_
1422,0,Dale,196,28,31,3,3,2105,1,一个小女孩和两只猫_
1423,0,陳_,0,92,25,0,0,0,0,_
1424,0,Your nightmare。,0,1194,19,0,0,4005,0,_
1425,0,用户5468820428405,22,47,6,7,8,240,0,_
1426,0,木头,0,114,12,0,0,99,0,_
1427,0,Chris,6,1824,56,0,0,0,0,_
1428,0,益西曲久,1197,688,146,31,32,7027,0,_
1429,0,努力的(๑•㉨•๑)ฅ,0,11,1,0,0,13,0,_
1430,0,狗哥,0,102,4,0,0,249,0,_
1431,0,丶猫猫er,0,386,29,0,0,3316,0,_
1432,0,在下复姓弓长,4478,50,61,4,4,2340,1,在下复姓弓长_
1433,0,暗夜_2147064,0,14,5,0,0,21,0,_
1434,0,不多不多,0,3187,455,0,2,1213,0,_
1435,0,球球,8,1252,50,0,1,86889,0,_
1436,0,િ😊ી,213,12,70,15,15,27,0,_
1437,0,traveler,0,41,10,0,0,162,0,_
1438,0,MM,1,1067,21,0,1,4421,0,_
1439,0,ni的娅哥👺,0,394,5,0,0,11466,1,没兴趣认识你……_
1440,0,用户130408876,4,16,14,2,2,72,1,需要代私_
1441,0,Anne,431,35,97,0,0,0,0,_
1442,0,用户5190614091034,0,189,24,0,0,4263,0,_
1443,0,夜凌霄,0,70,1,0,0,369,0,_
1444,0,铠,0,74,0,0,0,1,0,_
1445,0,ls,123,177,72,4,4,410,1,清远山塘走地鸡，玉米喂养，150天左右，有需要可以私聊💗_
1446,0,阿露露,55819,36,7393,55,56,8392,1,._
1447,0,墨,0,89,5,0,0,10955,0,_
1448,0,平头王,28,4,90,4,5,1137,1,生死看淡，不服就干！_
1449,0,萧兮,0,224,5,0,0,0,0,_
1450,0,遇事要过脑，拜托！,2520,50,166,129,139,733,1,吃十堑，也没长一智！_
1451,0,夏,69,85,7,0,0,0,0,_
1452,0,蜡笔小新不要蜡笔🌚🌚,3,56,21,0,0,0,0,_
1453,0,墨侠影视,2150,600,1182,3,4,4841,1,🇨🇳热爱电影的你和我❤️感谢抖音给予的缘份♨️挂怀你的每一分关注♦️愿付出终将获得快乐🅾我是墨侠，我爱你们🅾_
1454,0,浅陌初心,0,1514,24,0,0,25704,0,_
1455,0,桃野,948,75,75,13,13,0,1,有趣的灵魂比较野♥_
1456,0,名字,0,96,8,0,0,1256,0,_
1457,0,🎎,7,51,52,0,8,1195,1,祝家人平安🙏_
1458,0,must,0,2090,5,0,0,0,0,_
1459,0,马先生,34,568,54,5,35,323,1,只是为了用视频记录生活中的点点滴滴_
1460,0,👉🏻我是大娴娴👈🏻,1187,372,141,58,60,0,1,啦啦啦_
1461,0,东的冉仔,0,72,0,0,0,183,0,_
1462,0,☀️,130,169,38,13,13,1452,0,_
1463,0,JOKER,0,1596,24,0,0,3250,0,_
1464,0,君君,8,592,42,0,10,3563,0,_
1465,0,jessie,0,62,17,0,0,0,0,_
1466,0,小青,93,1465,29,41,41,3923,0,_
1467,0,Eva,0,217,11,0,0,0,0,_
1468,0,整个网名太难了,135,93,57,4,5,262,1,我很懒_
1469,0,😈biu😈,0,1067,22,0,0,5028,0,_
1470,0,我我我俊哥,340,323,59,30,30,349,1,只是想和你交个朋友！_
1471,0,Uncle Drew,25,404,34,0,0,0,0,_
1472,0,八一麻麻,10,86,5,2,2,123,0,_
1473,0,用户2548889917547,0,49,5,0,1,6695,0,_
1474,0,最强的胡萝卜,0,2736,64,0,0,2472,0,_
1475,0,Blanche,0,240,0,0,0,825,0,_
1476,0,超囝3,0,196,9,0,0,117,0,_
1477,0,RYANSILVERY🥀,0,946,64,0,1,50379,1,💩💩💩💩💩💩💩_
1478,0,还我光明,0,427,35,0,1,67,0,_
1479,0,2333,29,798,51,3,5,3440,1,重新认识下 我叫十安_
1480,0,喵星人,154,259,179,39,44,678,0,_
1481,0,ɞ,12,107,11,2,5,438,0,_
1482,0,呵呵,35,268,122,3,3,0,0,_
1483,0,☀我叫杨忠美呀！,331,967,131,23,28,23498,1,与世无争    图的安稳_
1484,0,赵邦晟,128,412,94,14,14,742,1,嗨起来_
1485,0,哦了了,7,32,12,0,0,0,0,_
1486,0,🌿🌿🌿,112,585,26,25,25,2067,0,_
1487,0,DoubleS,64,82,72,1,1,0,1,🖖🏻_
1488,0,夜色深深,8,350,26,2,2,653,0,_
1489,0,阿、阿、阿、,10,149,42,4,12,248,0,_
1490,0,绅士无非是耐心的狼🐱,0,907,8,0,0,0,0,_
1491,0,ZYT,8,768,8,4,4,12144,0,_
1492,0,carry on .,0,106,18,0,0,7380,0,_
1493,0,大龙爷爷,51,700,48,8,8,907,0,_
1494,0,Tina,1,664,7,0,3,1089,0,_
1495,0,JS,0,181,0,0,0,181,0,_
1496,0,。Ve,48,44,17,10,10,141,0,_
1497,0,迩忆,0,186,9,0,0,67,0,_
1498,0,会飞的小龙虾,340,1203,94,18,19,49073,1,一个会做饭不会打羽毛球的国家一级吃西瓜羽毛球爱好者_
1499,0,我琴,1367,164,1463,41,42,1376,0,_
1500,0,努力的小秃头,0,115,13,0,7,0,0,_
1501,0,⑨🌈,523,196,24,13,18,895,0,_
1502,0,🌈小阿杰™,61,434,24,8,8,2780,1,虎豹终难骑       人心隔肚皮 ·_
1503,0,洋洋影视,77197,143,5168,1,7,0,1,👆👆橱窗一部手机教剪辑👆😁😁每天中午12点更新好先生😁😁交流学习：a13170025864_
1504,0,小叶子🍃,21,453,2,0,0,0,1,这里没你要的颜值 没你要的身材 更没你要的才华._
1505,0,heart丶小心,0,91,13,0,0,4082,0,_
1506,0,\執念〞,0,61,69,0,0,434,0,_
1507,0,李新芝,727,1875,80,25,25,4969,0,_
1508,0,锦艺^O^,0,459,19,0,0,16439,0,_
1509,0,ANELCOLI,917,31,97,2,3,87,0,_
1510,0,两宝妈妈,137,2082,37,33,34,2751,1,小宝宝_
1511,0,Lovexzyb,4,178,57,0,3,0,1,虽素未谋面但愿其平安喜乐_
1512,0,琉璃心 -💋,21,41,7,1,1,177,0,_
1513,0,伴你走@,0,96,21,0,0,0,0,_
1514,0,用户2042907933249,0,673,3,0,0,1684,0,_
1515,0,乐乐影视👑,21958,171,2076,49,49,0,1,💖感谢抖音平台给的热门💖原创剪辑，推荐影视👑每日更新，关注我哦_
1516,0,阳光少年,0,4325,36,0,0,10096,0,_
1517,0,温水,719,373,148,6,6,1326,0,_
1518,0,忧伤゛别来无恙う╮,993,412,59,123,219,15679,0,_
1519,0,十一吖💋,8,26,10,5,6,410,1,城南以南不在蓝，城北以北不在美，城中从此不在挤，心中从此在无你，南墙已撞，故事已忘。_
1520,0,人生最大的快乐是满足,6063,1837,313,126,126,18940,1,微信15941531568_
1521,0,春日部小新,9,158,7,2,2,1030,0,_
1522,0,唉嘿嘿嘿,6,333,6,0,0,0,0,_
1523,0,用户967685097753,0,432,0,0,0,0,0,_
1524,0,Serilda,441,467,50,45,45,976,0,_
1525,0,吉日木图,4502,1135,553,56,56,147050,1,抖音记录美好_
1526,0,C11haron,4,253,10,0,0,1862,1,爱我_
1527,0,张小咪,62,574,36,9,9,11215,0,_
1528,0,Ivy.JJY,36,465,18,7,7,183,0,_
1529,0,❤️醉人的绿草香,946,362,82,28,29,168,1,我本善良 拒私聊  想要得到别人的尊重 先要学会尊重自己_
1530,0,爱吃柚子,54,252,19,5,5,147,0,_
1531,0,人,0,382,37,0,0,485,0,_
1532,0,嘿卡丘,0,88,9,0,0,240,0,_
1533,0,万事如意,16,1272,23,3,21,2189,0,_
1534,0,网名被我吃了🍃,0,79,0,0,0,556,0,_
1535,0,天天天天,0,302,46,0,0,1703,0,_
1536,0,จุ๊บ抠脚小仙女,325,85,94,8,8,385,1,你来，我信你不会走；你走，我当你没来过。_
1537,0,不死 楠木😉┌,423,60,27,1,2,932,1,记录生活  记录创业  相信自己总有一天会更好🍀🍀_
1538,0,—,0,207,0,0,0,150,0,_
1539,0,肢解,0,2465,26,0,0,17398,0,_
1540,0,00000000,0,10,0,0,0,2,0,_
1541,0,Nine丶香菜,4,2434,13,1,1,8907,0,_
1542,0,落,2,12,2,2,2,171,0,_
1543,0,白衣天使加油(ง •̀o•́)ง,14,295,31,0,0,0,0,_
1544,0,小熊软糖.,150,321,72,7,7,11436,1,棉花味的梦_
1545,0,Bob236628130,0,237,0,0,0,0,0,_
1546,0,A.,0,339,14,0,0,1410,0,_
1547,0,小木偶,22,552,76,6,7,4991,0,_
1548,0,永远在减肥路上的春雨,0,42,5,0,0,23,1,喜欢动漫的佛系女孩_
1549,0,在下方丈,95,238,54,23,23,71517,1,哈哈哈_
1550,0,濮潇,39,302,13,15,16,977,0,_
1551,0,dyn262nzv2q7,0,227,1,0,0,234,0,_
1552,0,用户3873343663164,0,193,0,0,0,375,0,_
1553,0,四喜丸子,10,336,21,7,7,216,0,_
1554,0,萌了个萌i（声控）,110,910,23,22,25,1170,1,50个粉丝露脸唱歌。100个粉丝带粉一起唱。200个粉丝和粉丝露脸一起唱。300个粉丝在抖音上和粉丝打电话。就这样，拜拜。_
1555,0,大白兔雪糕,117,143,23,16,17,734,0,_
1556,0,哲,0,249,1,0,0,592,0,_
1557,0,沐,0,404,17,0,0,0,0,_
1558,0,清   酒,394,204,430,12,13,207,0,_
1559,0,stars_慕安梦 (开学暂退中),89,923,137,34,34,0,1,本💝来夏洛这里，我宠你呀！人💝过来我这里可就没有福利哟！正💝本人天秤座，闺蜜水瓶座！在💝来呀，你过来呀！关💝冲鸭！！超1000粉注💝哈，我也不知道成功了没你💝超车啊！哟💝我喜欢你哟！😓开学啦，每星期六 七更新_
1560,0,宝贝：往往,0,337,29,0,0,15556,0,_
1561,0,Error、,8,1849,42,0,0,0,0,_
1562,0,@Ba,0,38,9,0,0,588,0,_
1563,0,你妈产幻,0,59,1,0,0,39,0,_
1564,0,阑珊,107,119,66,2,2,3012,1,z_
1565,0,Mrsunns,89,289,33,23,23,4629,1,人生的厚度取决于经历事多少的程度_
1566,0,yj雪,20,17,8,2,2,59,0,_
1567,0,hhhhh,0,274,0,0,0,0,0,_
1568,0,川_218930235,2,77,6,1,2,17,0,_
1569,0,诶嘿dfq吖,0,326,11,0,0,0,0,_
1570,0,清风,0,19,28,0,0,1104,0,_
1571,0,燃放已经后，,0,55,15,0,0,1265,0,_
1572,0,IFNT,0,24,6,0,0,0,0,_
1573,0,내가 잃어버린 사랑,1,2344,35,0,0,348,0,_
1574,0,摘星☼,29,602,20,3,3,7610,0,_
1575,0,孙六六🍑,2266,59,2715,54,60,0,1,🖤_
1576,0,一朵。,1913,108,248,40,41,3453,0,_
1577,0,敢笑杨过不痴情,114,732,96,0,0,0,0,_
1578,0,A. ＾HMmmmmm🌟,65,72,43,9,10,1225,0,_
1579,0,阿彤*,350,439,77,25,35,1682,1,人因不惜而散，茶因不饮而凉。_
1580,0,🧡坨坨,52,519,41,24,24,6047,1,三只狗的幸福生活🐕‍🦺_
1581,0,豆兜儿,0,165,2,0,0,820,0,_
1582,0,TaiDi 不是泰迪！,938,277,114,107,124,1707,1,奥利和奥黛丽狗蛋的成长日记_
1583,0,阿蛮💞ing,4533714,121,197911,97,101,0,1,💞爱抖音 爱生活💞你们的陪伴是我最大的动力_
1584,0,JIAyuejing👼,290,148,62,25,26,402,0,_
1585,0,涵&墨,1164,720,60,0,0,0,0,_
1586,0,Mu,0,53,10,0,0,2416,0,_
1587,0,/.悦（已黑化🌞💔),25,218,26,0,0,0,0,_
1588,0,囿于银河.,0,1023,4,0,0,0,0,_
1589,0,好声音,0,259,0,0,0,332,0,_
1590,0,Own,0,1319,47,0,0,9096,1,迷？_
1591,0,柴可夫斯基NL,39,944,31,25,26,1056,1,💖感谢大家支持，来的就是亲人💗喜欢的点点关注🐶【不定期直播，希望大家喜欢】坐标👉黑龙江省牡丹江市_
1592,0,·,0,17,2,0,0,248,0,_
1593,0,跳跳虎,33,295,26,5,5,14691,1,没有什么好说的_
1594,0,胖哒🌙,175209,95,1683,88,140,0,1,时间让痛苦不平都沉淀*_
1595,0,十分钟好人。,0,454,17,0,0,5378,0,_
1596,0,梵册贝叶,2,9,5,1,1,35,1,平心静气_
1597,0,有故事的林妹妹,22,214,13598,1,1,420,1,有故事的林妹妹，欢迎关注_
1598,0,小燕子only,2,69,1,0,0,0,0,_
1599,0,用户6708565760839,0,12,9,0,0,50,0,_
1600,0,聆听世界,146,291,19,27,27,1516,0,_
1601,0,小猴子MM,578,732,63,9,9,217,0,_
1602,0,小朋友嗳！,826,130,83,6,6,7535,1,你看日子山高水长 可谁和谁来日方长_
1603,0,关茜惠,169,83,97,49,106,0,1,一切随缘 顺其自然！_
1604,0,ゞ ゞ 慧媚ʚ💋ɞ,192,50,44,21,21,0,0,_
1605,0,Spectre,40,586,38,4,4,221,0,_
1606,0,腾云驾雾的桃子,0,2,0,0,0,1,0,_
1607,0,捕梦,257,3050,147,0,0,19670,0,_
1608,0,@.,15,182,4,2,2,1009,0,_
1609,0,梦之痕蒋大花,32,89,23,12,12,370,1,护肤美容知识分享直播健身动作洋葱平台上进口商品分享_
1610,0,叫人家楚倩啦,0,28,2,0,0,0,0,_
1611,0,公举殿夏,24,82,70,0,0,0,0,_
1612,0,用户5496404729063,0,692,1,0,0,1930,0,_
1613,0,MINT,47,84,7,5,5,1691,0,_
1614,0,＃,0,462,52,0,0,22459,0,_
1615,0,D.,28,973,47,30,30,5180,0,_
1616,0,杨霄呈,43,1140,26,16,19,5639,1,好好学习_
1617,0,石乐志,25745,259,438,5,6,4749,1,记录生活而已_
1618,0,小延（帅哥收集器）,0,246,0,0,0,0,0,_
1619,0,生菜,0,466,15,0,0,1190,0,_
1620,0,嗯了,0,443,27,0,0,339,0,_
1621,0,合适的话,17,123,34,3,4,6,0,_
1622,0,6466,0,356,14,0,0,4131,0,_
1623,0,麋鹿觅路迷了路,1,45,1,0,4,0,0,_
1624,0,⊂(˃̶͈̀ε ˂̶͈́ ⊂ ),32,148,22,0,0,0,0,_
1625,0,成成成成,0,496,34,0,0,265,1,刚刚开始玩，交朋友吧_
1626,0,趸趸,17,149,62,5,6,612,1,心之所向，情之所至。_
1627,0,扛大刀的黑皮猴,670,311,32,23,23,0,1,敏感 多虑 不太吵闹_
1628,0,看看,0,244,3,0,0,3441,0,_
1629,0,菠萝妹,236,91,19,52,52,398,1,神湾菠萝种植户，神湾菠萝，红肉火龙果，龙眼荔枝均有种植。欢迎到果园采摘🌸🌸V:410729203。预约采摘 18923342857_
1630,0,我绝不会起名字的,0,278,5,0,0,244,0,_
1631,0,Perfect,8,54,5,2,2,0,0,_
1632,0,都交给时间吧,0,113,2,0,0,1,0,_
1633,0,昵称已重置,0,4999,65,0,0,0,0,_
1634,0,往后余生,0,13,0,0,0,0,0,_
1635,0,小晖,49,269,23,40,40,259,0,_
1636,0,良久缘铁板鸭,375,163,139,28,32,1750,0,_
1637,0,小敏子,17,127,74,5,5,203,1,浪个里个浪_
1638,0,用户8598012194215,0,273,4,0,0,426,0,_
1639,0,念念酱,76,141,20,22,22,1391,0,_
1640,0,何瑜钊,79421,718,3691,12,13,14993,1,93年一名服装人自主品牌设计师只想在变优秀的道路上有你陪伴直播时会提前告诉大家客服：jccjcc01_
1641,0,黑猫与牛奶,0,728,31,0,0,0,1,人际交往是麻烦的根源_
1642,0,用户5508304315796,0,1224,2,0,0,4515,0,_
1643,0,Oi,16,227,34,1,1,4219,1,人生苦短   及时行乐_
1644,0,🌼,44,135,26,7,7,0,0,_
1645,0,死面儿馒头,0,1095,22,0,0,0,0,_
1646,0,闲人,0,525,22,0,1,7732,0,_
1647,0,用户8629463161105,0,46,0,0,1,40,0,_
1648,0,阿逸啦,135,221,25,0,0,0,0,_
1649,0,小石子妈,1187,287,1098,0,0,0,0,_
1650,0,用户641939603638,0,90,0,0,0,83,0,_
1651,0,小飞飞也太烦了吧🦁,1,258,29,1,2,1046,0,_
1652,0,荣轩,24,588,48,10,10,12127,1,苦，自己尝，累，自己扛，相信老天不会把我怎么样。_
1653,0,小邹_,85,88,39,4,4,532,1,最喜欢自己努力的样子_
1654,0,宋仲基zz,0,51,5,7,7,197,0,_
1655,0,糯米包,63,1635,39,11,16,21189,1,要及时清醒，也要事事甘心。_
1656,0,林黛玉,0,44,4,0,0,291,1,暂无简介_
1657,0,海绵宝宝的pax,211,351,47,57,58,7338,0,_
1658,0,胖头鱼吖🌸,9,81,20,0,0,0,0,_
1659,0,nilisa~〆,28,388,10,0,0,0,0,_
1660,0,What can I say,4,35,4,1,1,592,0,_
1661,0,奶球不爱吃鱼🐟,94,129,12,17,17,0,1,喵喵喵🐱_
1662,0,Q.,47,233,19,4,4,1736,0,_
1663,0,佳阿佳阿佳忆😍,0,281,10,0,0,675,0,_
1664,0,那个惜瑶🎊,168,58,40,22,23,47,1,没有哪一种生活会主动适应人心_
1665,0,湫,77,2126,143,10,11,4310,0,_
1666,0,乌日古娜,2591,105,469,43,62,509,1,积极向上~💜_
1667,0,hong,0,619,10,0,0,1278,0,_
1668,0,浅时光,5,594,20,0,2,6605,0,_
1669,0,kj,0,111,3,0,0,200,0,_
1670,0,超人不会飞,0,376,17,0,0,9577,0,_
1671,0,大脸猫刘月,303,679,65,36,38,9368,0,_
1672,0,garyo,0,206,2,0,0,2704,0,_
1673,0,公仔面,27,387,18,11,11,30,0,_
1674,0,奋斗从不Ng！,44,1086,50,16,16,0,1,斯人若彩虹，遇上方知有_
1675,0,恶魔の渡海,94,2188,83,11,11,4095,0,_
1676,0,蛋壳(影视剪辑),21076,4,3376,13,13,6,1,🤝感谢官方推荐🤝感谢大家的点赞关注🤝非常宠粉 每天互动🕵🏻大家一起来寻找真相吧_
1677,0,Coisini🌈,138,91,71,25,25,1323,1,得不到的爱情就别等了！_
1678,0,Xian.,16,30,1,0,0,2640,0,_
1679,0,燕子,0,186,13,0,0,0,0,_
1680,0,如果可以隐藏一切,0,119,5,0,0,144,0,_
1681,0,望尘莫及,247,333,78,38,44,2111,1,永远要爱自己多一点_
1682,0,Orgasm.,0,7,2,0,0,0,0,_
1683,0,重磅坦克,0,388,45,0,0,78,0,_
1684,0,s.,0,297,4,0,0,1115,0,_
1685,0,小仙女,0,29,4,0,0,0,0,_
1686,0,腚海神针,1,200,8,0,0,0,0,_
1687,0,Burgundy red,304,74,41,60,61,0,0,_
1688,0,kevin,541,948,196,0,0,0,0,_
1689,0,ik,25968,145,168,22,23,3259,1,mid_
1690,0,某姣的豆包,1001,200,65,10,10,57486,0,_
1691,0,老不Die,0,1530,113,0,0,9672,1,Sneakerhead憨憨一枚_
1692,0,君君....,0,677,14,0,0,2871,0,_
1693,0,秋日恋,0,987,45,0,0,29594,1,style Retro    goloboiewalking dead forever_
1694,0,春秋冬夏🍊,43,172,8,0,0,0,0,_
1695,0,文慧,53,44,23,12,19,127,0,_
1696,0,♍️一见大叔就爱笑💕♒️,15112,681,571,0,0,0,0,_
1697,0,我是小郑同学,651,687,65,90,90,0,1,愿你的生活中总是快乐六年级小仙女一枚✅主页干净✨♒️无小号⭐️😷拒绝黑粉❌爱蓝💙色  🧡色1月27日🎂🎉🎁_
1698,0,老唐,216,958,119,13,13,0,0,_
1699,0,十年后的亿万富翁.,30,189,122,6,11,0,1,我何时再拥有一个怕失去我的姑娘呢？下跌阻力大就往阻力最小的上涨冲。上涨阻力大就往阻力最小的下跌冲。顺应趋势比什么都好😊_
1700,0,阳,0,32,4,0,0,727,0,_
1701,0,◉‿◉,174,400,46,1,1,4182,0,_
1702,0,屿雾,0,1473,24,0,1,17963,0,_
1703,0,虫虫游戏,28,136,2,11,11,423,0,_
1704,0,爱喝冰阔落,0,77,0,0,0,93,1,我已开始怀念你的美丽_
1705,0,失眠落日,0,959,15,0,0,24657,0,_
1706,0,谈,0,46,6,0,0,4656,0,_
1707,0,13758,0,216,0,0,0,0,0,_
1708,0,5路,0,209,4,0,0,0,0,_
1709,0,代昔恒x三丰地产,0,52,5,0,0,30,0,_
1710,0,剧烈失控，,331,1227,97,43,43,0,0,_
1711,0,୧ ⍤⃝🌸,0,286,8,0,0,0,1,人间很值得 .❤_
1712,0,追猪少年不会累,31,952,27,9,9,3878,0,_
1713,0,梨山茶,32,355,34,4,8,0,1,别推荐给我如懿传，虐死了_
1714,0,开坦克的舒克meng,1,201,3,1,1,806,0,_
1715,0,西柚苏打水,4,179,43,1,1,258,1,三坑少女我爱刘总_
1716,0,👿,0,113,11,0,0,0,0,_
1717,0,今年我将会去哪里,1,18,2,0,0,187,0,_
1718,0,就睡五分钟,0,32,12,0,0,0,0,_
1719,0,秦枭洋啊！,10,252,20,2,2,703,1,嗯~ 想多来点文化_
1720,0,爱钻箱子的橘喵,0,339,11,0,0,1507,0,_
1721,0,Lipstick2010,7,62,46,1,1,137,1,30'_
1722,0,Chloeeewen,0,106,2,0,0,528,0,_
1723,0,k.y,0,333,13,0,0,1358,0,_
1724,0,十有八九,41243,1638,14090,159,159,1456,1,💭说不尽的心酸只能当笑谈不尽的往事只好随风吹散_
1725,0,威猛的小老虎～嗷呜,52,162,42,3,3,1266,1,全村骄傲_
1726,0,中國電信我不信,77,156,34,17,17,3841,0,_
1727,0,Crossover＇,0,190,4,0,0,3530,1,。_
1728,0,柑 你 拿,0,101,14,0,0,731,1,看 三 小_
1729,0,小十五🍼,150,5,72,2,2,239,1,一个翻滚的小奶瓶🍼反派叔叔的小奶瓶、谁敢动反派叔叔  滋他！_
1730,0,氧气是你,0,508,11,1,1,443,0,_
1731,0,精神病院有個人像我,217,32,12,34,37,603,0,_
1732,0,昵称已重置,0,36,10,0,0,0,0,_
1733,0,温了个润,0,753,15,0,0,575,0,_
1734,0,/若易·,5,564,12,0,0,12758,0,_
1735,0,琥珀,0,37,2,0,0,99,1,反正你那么懂事不是吗？_
1736,0,....,0,322,12,0,0,3981,0,_
1737,0,🐏。,7,4977,342,0,62,8892,1,王子化_
1738,0,做一个俗人,116,30,15,11,11,420,1,每一季花开，都是一场等待！_
1739,0,怪蛋,0,1197,14,0,0,19582,0,_
1740,0,MokaFlower摩卡花艺工作室,314,236,116,65,68,255,1,❤️18740032237_
1741,0,电影派Mr,0,78,18,0,0,397,1,请把心留给在乎你的ta_
1742,0,步青,5,491,35,2,2,2509,0,_
1743,0,顶顶,460,176,79,51,51,38,1,在哪里跌倒 就在哪里躺一下～_
1744,0,我再也想不到这么长的网名了！,0,51,0,0,0,0,0,_
1745,0,I.am SUMMER,530,117,37,63,63,673,0,_
1746,0,G梦,0,2316,42,0,0,5511,0,_
1747,0,可乐家的小盆友的小盆友,0,248,1,0,0,433,0,_
1748,0,哼哼唧唧,1,483,18,0,0,5399,0,_
1749,0,水子,0,274,34,0,0,875,1,刚当麻麻 很多不会希望和大家多多交流下心得😁😁_
1750,0,你呀·,361,1442,123,27,27,0,1,慢走不送_
1751,0,光狙,0,1583,15,0,0,2951,0,_
1752,0,luchai,0,23,3,0,0,0,0,_
1753,0,嗯。,1,343,5,1,1,8532,0,_
1754,0,慧慧,26,171,6,8,10,514,0,_
1755,0,luohano,42,186,64,2,3,132,0,_
1756,0,Ev,11,98,35,1,1,1427,0,_
1757,0,You＇re  Beautiful…～！,1,336,8,0,2,0,0,_
1758,0,Ⅱ,0,15,0,0,0,5,0,_
1759,0,Mr_囧青年,39,143,101,0,0,329,0,_
1760,0,R,0,203,3,0,0,769,0,_
1761,0,summer晨晨,0,99,1,0,0,334,0,_
1762,0,WHJ,32,1144,21,0,0,0,0,_
1763,0,今天你笑了吗,105,233,91,12,27,23142,1,找个理由笑一个_
1764,0,用户9021475450369,0,241,4,0,0,1397,0,_
1765,0,喵大王,50,241,24,1,140,12875,1,喵知节，字义贞_
1766,0,一问三不知,0,3599,1,0,0,0,0,_
1767,0,痴情的小西红柿,18,18,89,0,0,0,0,_
1768,0,川鹤&（Ronin）,1,76,6,0,0,2169,1,爱篮球，爱NBA，爱勇士_
1769,0,好好过,1,111,2,3,3,2016,1,涛🍑_
1770,0,手机用户74926363199,0,844,2,0,1,1686,0,_
1771,0,Pan·,0,551,6,0,0,1006,0,_
1772,0,嬌嬌,31,99,14,3,3,0,1,想成为你眼里的一点星光～_
1773,0,用户7120308101418,8,156,1,7,7,368,0,_
1774,0,灰太狼,7,143,16,0,66,0,1,加工中心_
1775,0,我和我的猫都在想你,0,147,51,0,0,10894,1,有种孤独 来自灵魂深处_
1776,0,匹诺曹,124,1219,59,6,6,1480,1,就这样向前飞吧黑暗的最后迎来黎明的曙光_
1777,0,奶豆儿,55,270,19,12,18,0,0,_
1778,0,德克剪辑,71,51,1,10,13,314,1,自学剪辑，不定期更新！你的点赞或评论都是我的动力，喜欢的可以关注。不喜欢的看看就行_
1779,0,🧸曦玥璃🧸（破35🎉🎉，宠人大神,132,342,31,38,38,1097,1,新号.  ❤️❤️❤️❤️❤️❤️.                    闺蜜：燃然🍭                      今年两岁🎀🎀_
1780,0,boom,0,56,14,0,0,399,0,_
1781,0,BBQ,38,309,44,4,19,5611,0,_
1782,0,豌豆,898,912,188,57,57,19647,1,一颗豌豆，埋在泥土里，还没有醒悟……_
1783,0,昵称已重置,0,825,11,0,0,4396,0,_
1784,0,初心💕,103,285,11,15,15,944,0,_
1785,0,喂喂喂喂喂喂威,0,96,3,0,0,57,0,_
1786,0,哈哈,0,358,3,0,0,0,0,_
1787,0,泊舟观雪,539,102,89,24,27,3468,0,_
1788,0,用户5368220870495,0,660,1,0,0,77,0,_
1789,0,癌º,11,108,6,0,0,0,0,_
1790,0,嗯我叫涂涂,0,1124,51,0,0,0,0,_
1791,0,清风自来cc,1,253,3,1,1,415,0,_
1792,0,九天雷霆双脚蹬！,2,199,49,2,2,38,1,即使你会雷霆半月斩 你也得不到我的认可！_
1793,0,cg💕,0,153,1,0,0,34,0,_
1794,0,盛夏北梦初心未改i,0,149,4,0,0,26,0,_
1795,0,用户4084442053983,0,82,46,0,0,196,0,_
1796,0,不会玩鞋的臭弟弟,0,2249,81,0,0,4660,1,不会发，只会看。80后的大爷，没事健身房走一个！_
1797,0,夏家妞,3111,951,109,0,0,0,0,_
1798,0,随风队长,575,1347,121,6,6,0,1,融于生活_
1799,0,RE,20,18,24,1,1,591,0,_
1800,0,Monologue,35,1033,62,4,6,16377,1,阿思_
1801,0,HspsH,6,499,19,4,4,6298,1,nice_
1802,0,快乐的大生蚝,1906,1155,147,4,4,0,0,_
1803,0,幽灵公主,225,493,198,18,18,31,1,原相机拍摄，，13750936899_
1804,0,紫晴,9,2756,111,1,1,12039,1,生而为人.不必抱歉_
1805,0,做我莱恩的蛤蟆,0,25,3,0,0,7,0,_
1806,0,人之初.❤️本善,138,579,57,4,4,590,0,_
1807,0,用户7232804792873,0,9,3,0,0,4,0,_
1808,0,🟡姜姜,2915,49,951,25,26,2068,0,_
1809,0,人生来的。,0,221,4,0,0,203,0,_
1810,0,用户3629303642920,0,173,3,0,0,2446,0,_
1811,0,阿开古力猴亚猴奔,589,114,620,0,0,0,0,_
1812,0,Amo、,1687,134,135,7,8,0,0,_
1813,0,等会等会,0,180,1,0,0,3035,0,_
1814,0,Knightき.,31,163,24,0,0,0,0,_
1815,0,Judy,0,71,4,0,1,0,0,_
1816,0,婧请期待,0,23,0,0,0,1542,0,_
1817,0,Mr.maSk,389,191,31,21,27,2994,0,_
1818,0,懒羊羊～,0,196,18,0,0,1491,0,_
1819,0,奥利给剪辑,29,618,21,13,16,0,1,总有些惊奇的际遇       比方说当我遇见你_
1820,0,z  z  h,18,4595,78,1,4,15196,1,去死吧死垃圾_
1821,0,天性如此,0,91,2,0,0,2161,0,_
1822,0,传奇,118,497,27,18,22,1299,1,痛仰🇨🇳新裤子🇨🇳刺猬🇨🇳永远不老不死的心🤘🏻_
1823,0,用户4568105156274,0,335,8,0,0,39,0,_
1824,0,sY. z,18,109,32,3,3,289,1,so far so good_
1825,0,比猪更懒的猪,0,21,3,0,0,1104,1,EXO🦁_
1826,0,我。。,0,1703,3,0,0,0,0,_
1827,0,昵称.888,5,390,13,1,2,15197,0,_
1828,0,诙羽清歌,2,288,32,2,2,500,1,"那么怂还爱BB,谁给你的勇气？梁静茹吗？_"
1829,0,7,71,577,52,8,8,26615,0,_
1830,0,美酒,31,176,23,7,8,947,0,_
1831,0,西瓜,0,50,13,0,0,12,0,_
1832,0,墙都不扶就服你,5,1156,16,1,1,915,0,_
1833,0,顾北相西,0,21,0,0,0,13,1,什么是更好的自己，连你自己都越来越喜欢自己，越来越佩服自己_
1834,0,嘴嘴♡,4,18,2,0,1,52,1,♡♡♡_
1835,0,战斗者,0,349,29,0,0,751,0,_
1836,0,anthonyboer,0,253,3,0,0,0,0,_
1837,0,微光,57,526,62,2,2,964,0,_
1838,0,嘟    嘟嘟,0,50,6,0,0,105,0,_
1839,0,筱崎先森.,5,31,2,0,0,686,0,_
1840,0,life is not seen,9,229,89,3,3,57,0,_
1841,0,小容同學_,19,233,20,2,2,9685,0,_
1842,0,🧟♂️,56,305,51,3,3,449,0,_
1843,0,春杨丶,0,163,7,0,0,8,0,_
1844,0,Ah hey hey,21,2200,59,0,0,2047,0,_
1845,0,灼小桦哦,14,367,10,7,7,12001,0,_
1846,0,樂,0,3107,84,0,0,0,0,_
1847,0,soulmate®,0,69,37,0,1,272,0,_
1848,0,不想熬夜,0,83,2,0,0,18,0,_
1849,0,Alan,6,118,16,4,4,0,0,_
1850,0,ao,4,374,12,0,0,0,0,_
1851,0,等天放晴,95,84,34,20,27,2448,0,_
1852,0,乐哥,1,120,16,0,0,29286,0,_
1853,0,薰衣草,4,871,30,2,2,1334,0,_
1854,0,渣渣灰,0,785,31,0,0,1698,1,嚯～～～_
1855,0,🚶♀️,0,78,0,0,0,0,0,_
1856,0,Luminous,6173,1953,251,272,274,0,1,我叫王悦宁，年龄：12岁，在欧尚童模学习模特，我们的口号是:学在欧尚，赢在未来！我2018一2019年参加过石家庄中国好猫步、暑期大秀、白马天使礼服走秀⋯⋯_
1857,0,伽瑜,1,176,24,1,1,1261,0,_
1858,0,憑,25,4857,6,0,0,0,0,_
1859,0,跳水白菜123,0,605,28,0,0,68426,0,_
1860,0,小喻小喻  随心所欲,0,773,17,0,0,14290,0,_
1861,0,大嘟嘟督,13,499,80,2,3,4164,0,_
1862,0,刘钧,14,131,20,2,2,254,0,_
1863,0,名字？,0,366,0,0,0,2135,0,_
1864,0,Lost stars,34,159,86,6,8,157,0,_
1865,0,柠檬不酸,0,1863,25,0,0,0,0,_
1866,0,Jiao,58,380,54,3,4,1310,0,_
1867,0,守她的城,0,67,9,0,6,3959,0,_
1868,0,画衣描骨,0,119,2,0,0,407,0,_
1869,0,鹿角珊瑚,0,754,8,0,0,5613,1,LOL青铜勇士，DNF氪金勇者。_
1870,0,Alive,76,60,69,4,4,0,1,欲要从容，必先心定_
1871,0,小羊肖恩,3,252,10,1,2,4169,1,每天爱你多一些，希望我可以坚持爱你_
1872,0,張小惠,6,112,32,0,1,648,0,_
1873,0,雪月天涯,0,3561,37,0,0,24220,0,_
1874,0,蛋哥,0,30,7,0,0,137,0,_
1875,0,小丑的精神,406,528,136,86,93,720,0,_
1876,0,Goodboy男孩,1,132,5,1,1,254,0,_
1877,0,我被你甜到了,0,148,11,0,0,61,0,_
1878,0,MAk 可汗,214,821,105,0,0,0,0,_
1879,0,怪盜キッド,1,1798,92,0,1,0,1,在校学生_
1880,0,无名之辈,122,729,55,20,20,19205,1,谁关注我，我就关注谁。真的。_
1881,0,mu8635千机,0,31,0,0,0,50,0,_
1882,0,气死我噜.,0,17,17,0,0,14395,1,喜欢过的人无论过多久都还是会心动_
1883,0,肆之日九,0,41,52,0,0,0,1,你猜_
1884,0,老四56,0,116,2,0,0,0,0,_
1885,0,青稚,6,187,68,0,1,28727,0,_
1886,0,赴宴,0,19,7,0,1,657,1,我再也不想再听见任何人任何形式的对不起了，我想被对得起。V:VisarYing_
1887,0,Li Nan,5,302,15,0,4,93,0,_
1888,0,还是那个袁同学,34,480,42,7,7,360,0,_
1889,0,回归,0,58,0,0,0,15,0,_
1890,0,特别晴,14,175,9,3,4,605,1,因疫情在宿舍自闭的英留党_
1891,0,阿濤哥,26,87,74,3,5,1583,0,_
1892,0,都迪欧眼大🌸🌸,23,365,25,3,3,0,0,_
1893,0,六叶草,767,332,78,0,26,0,0,_
1894,0,苹果,0,3255,37,0,0,0,0,_
1895,0,꧁柳⑥⑥꧂,0,753,74,0,0,0,0,_
1896,0,木事,0,2189,24,0,0,18620,0,_
1897,0,拖鞋,0,144,64,0,0,0,0,_
1898,0,締嫣,0,2184,18,0,0,1988,0,_
1899,0,一只小黑猫,13,51,1,7,7,93,0,_
1900,0,瑀瑞,0,95,27,0,0,0,0,_
1901,0,嗨！,149,281,46,0,0,0,0,_
1902,0,羊儿出没,0,273,6,0,0,499,0,_
1903,0,健,0,662,2,0,0,102,0,_
1904,0,用户2794305926333,0,101,3,0,0,409,0,_
1905,0,七七七七七七七七七七,0,315,0,0,0,0,0,_
1906,0,华子涵,9,529,40,0,2,70118,1,不要顺便判定一个人的将来，人经历了一些事情是会变的。_
1907,0,呆,0,19,1,0,0,10,0,_
1908,0,青瓷,0,3,0,0,0,5,0,_
1909,0,WHAT,0,209,4,0,0,1403,0,_
1910,0,Lin9,0,808,22,0,0,0,0,_
1911,0,索酒Saul,0,260,0,0,0,0,0,_
1912,0,用户2322140708718,0,22,0,0,0,147,0,_
1913,0,嗯,0,554,5,0,0,0,0,_
1914,0,不做善类,0,234,65,0,0,12143,0,_
1915,0,免费爽,11611,614,590,19,19,2608,1,点点关注_
1916,0,🚶.,10,1357,2,0,0,0,0,_
1917,0,Z、,22,71,36,1,1,95,1,一直在……_
1918,0,颖 儿✨,135,439,44,17,17,4203,0,_
1919,0,Kill the wind,55,394,25,4,5,936,0,_
1920,0,亼,165,40,15,0,0,0,1,-_
1921,0,會唱歌的貝塔,19821,41,744,27,27,30,1,Vb- 廖晨池_
1922,0,挺挺挺,5048,3028,1438,18,88,10478,1,建筑装饰设计师_
1923,0,mjy.,16,49,3,0,2,310,0,_
1924,0,朋友跟我讲名字很长一定会有智障跟着念😑,0,123,21,0,0,266,0,_
1925,0,......,0,914,2,0,0,3125,0,_
1926,0,๑,80,602,53,15,15,2490,1,休命。_
1927,0,不吃香菜呀,2134806,51,83038,9,9,14384,1,上海 ｜ 纽约看私信 无厘头的不回 ins：moon.8l 微博：8萌moon_
1928,0,Desperado,0,75,9,0,0,2145,0,_
1929,0,OzzA,0,111,0,0,1,8,0,_
1930,0,十.,0,433,1,0,0,1540,1,i槿一_
1931,0,Courtis,0,426,26,0,0,0,1,没有签名_
1932,0,persistence,0,20,0,0,0,9,0,_
1933,0,想喝雪碧辽,0,85,6,0,0,3767,0,_
1934,0,Ashley.,0,55,7,0,0,263,0,_
1935,0,By丶,0,38,19,0,0,332,0,_
1936,0,十方,0,34,2,0,0,5680,0,_
1937,0,我看你脑袋里是进大米粥了,0,49,0,0,0,0,0,_
1938,0,当废物不太好,0,1847,15,0,0,27837,0,_
1939,0,昂,117,280,13,10,10,1156,0,_
1940,0,F卫是个憨憨,74,350,73,7,7,2752,1,欢迎来扩我QQ:3509346929cn:f卫是个沙雕不太好看但是希望你们喜欢！坐标石家庄_
1941,0,Aurora.,0,374,1,0,0,0,0,_
1942,0,Open,0,207,6,0,0,484,0,_
1943,0,饭一碗碗碗,1031,554,61,13,21,5671,1,啥是个人简介_
1944,0,DvddV,0,236,27,0,0,1456,0,_
1945,0,隱居東山幾十年,9,499,14,1,1,5461,0,_
1946,0,姜涵呢！！,8973,1013,16488,202,205,5220,1,各位哥哥......我没有群噢…有点最近有点事情，停播30天有事情的话私聊看到会回复的。_
1947,0,不甘,0,358,32,0,0,2078,0,_
1948,0,....,0,580,17,0,0,34188,0,_
1949,0,鸽咕咕不会咕咕咕,0,1171,12,0,0,1713,0,_
1950,0,爱玩数码,524071,187,51777,57,58,0,1,🤘感谢支持关注💞⌚️评测数码各种干货、技巧和种草📱📝有什么问题可私信📮👇下方联系方式也可➕_
1951,0,南京沈先生,82,428,1403,1,1,3145,1,凡是过往，皆为序章 。_
1952,0,江河三千里⫍ ⃢👁ܫ👁⃢ ⫎,0,380,0,0,0,0,0,_
1953,0,扯线木偶,0,49,17,0,0,533,0,_
1954,0,让节奏带感,0,178,23,0,0,52,0,_
1955,0,最初,11,64,6,3,4,784,0,_
1956,0,Raymond,0,44,1,0,0,37,0,_
1957,0,PH7先生,133,3999,112,2,2,11799,0,_
1958,0,飓风,604,557,172,0,0,0,0,_
1959,0,Demon,0,91,14,0,0,0,0,_
1960,0,向上,52,240,39,11,15,1892,1,白茶清欢无别事，还有电影院搬砖工，还有做做饭、爬爬山、学子新知识还有口号：好好学习，天天向上_
1961,0,迓大/::* yan*,24,108,29,2,2,74,0,_
1962,0,7,0,61,6,0,0,25,0,_
1963,0,liup,0,22,0,0,0,33,0,_
1964,0,木加木加木,2,148,12,0,5,826,0,_
1965,0,.,5,133,18,0,0,0,0,_
1966,0,➕,80,447,45,1,2,3538,1,🐣_
1967,0,.,0,464,7,0,0,0,0,_
1968,0,miumu,28,125,28,2,3,10,0,_
1969,0,老实人石铁柱,224,674,78,0,0,0,0,_
1970,0,　　　　,3,144,7,0,1,194,1,心里有个她🐯️🌟️🌟️_
1971,0,A_拉灯神ding,30,229,54,4,11,2502,0,_
1972,0,。,29,294,91,3,3,465,0,_
1973,0,黑泽,0,417,9,0,0,10111,1,新年快乐！_
1974,0,Le Minh,0,27,0,0,0,212,0,_
1975,0,沈,0,56,0,0,0,872,0,_
1976,0,嘤嘤怪小水獭🍥,56,214,11,13,30,1501,0,_
1977,0,真就是蒙丙格,9,32,12,4,4,157,0,_
1978,0,Andy,32,1184,25,2,20,23315,0,_
1979,0,豆子不吃香菜,7407,602,1037,171,375,0,1,🐬游泳社会指导员（游泳教学可私）🐬二级游泳裁判员🙋二级排球运动员🙄国家一级怼人运动员🤫175cm的老阿姨✨不越界，不逾矩✨是对他人的尊重✨也是一个人自身修养的体现_
1980,0,Junlllll,120,455,71,10,16,9799,1,👣_
1981,0,六萬,0,616,34,0,0,823,0,_
1982,0,amat 来了,47,1465,84,3,59,0,0,_
1983,0,我当然是小新哥哥啦,0,430,12,0,0,1510,1,喜欢娜娜子姐姐_
1984,0,鲸落.,0,119,22,0,0,54334,0,_
1985,0,杀死卡路里,25,320,24,4,4,14279,1,我家小约1岁多啦～正在留毛中还有1个4月大的小神兽😜_
1986,0,桑ki落,14,4092,333,0,0,0,0,_
1987,0,麦序一,75,1017,42,0,0,0,0,_
1988,0,柠雉,1,951,10,1,1,8164,0,_
1989,0,心灬有山海,4658,233,394,8,8,3609,0,_
1990,0,@Rayes,0,108,6,0,0,4028,1,…_
1991,0,ShawnWe1,455,242,195,1,11,0,1,vb 董子玮_ShawnWei_
1992,0,空海,0,4071,81,0,0,0,0,_
1993,0,bcbc北辰,19,148,7,5,5,248,1,喜静_
1994,0,♡,2,189,8,1,1,536,0,_
1995,0,小明爱您🧸ིྀ,1973,8,785,7,7,0,1,WangYanRong💝作品全删♍️ ：）取关随意_
1996,0,Hi BabyXy,29,787,23,5,6,33530,1,认真生活 就能找到生活藏起来的糖果_
1997,0,C.,0,78,21,0,0,1732,0,_
1998,0,Protect   her,0,2,1,0,0,7,0,_
1999,0,叶先森影视剪辑,9,28,11,2,2,41,1,🎈感谢关注！感谢官方！感谢粉丝！————————————————🎈聚鑫传媒MCN旗下高级剪辑师—————————————————🎈线上·第二期剪辑班招募中.....🎈剪辑教学V.x：yedongming0(备注来意)————————————————————_
2000,0,卿膜,4042,543,259,31,31,3344,1,v.   h13321313660q.   1539523037哈哈哈哈记得关注喔_
2001,0,乐乐,0,154,11,0,0,233,0,_
2002,0,热心市民李狗蛋,15413,603,538,53,84,2159,1,著名电视剧、电影观众知名平台、微博、搜狐、腾讯、爱奇艺、优酷上都充过会员_
2003,0,Holy.L,3,2336,15,0,10,0,1,如果过去可以改变，我什么都不会改变_
2004,0,ds,0,58,6,0,0,16522,0,_
2005,0,L.L,78,876,19,37,110,7927,1,掉了就不找，找回来未必还是好的。。_
2006,0,陈同学坐不下,0,26,13,0,0,216,0,_
2007,0,Herbert🦧🦧,181,106,14,25,25,546,1,In addition to two of a kind all love is sad_
2008,0,wdnmd,1,154,2241,0,0,1806,0,_
2009,0,？,0,1012,73,0,0,0,0,_
2010,0,昵称已重置,0,865,14,0,0,0,0,_
2011,0,朱迪,0,446,27,0,0,3806,0,_
2012,0,沐白—,0,12,0,0,0,346,0,_
2013,0,阿硕,0,66,17,0,0,10956,0,_
2014,0,@黑与白,649,25,170,36,36,64,1,谁过得都不容易没必要讨你开心_
2015,0,超狗爱吃可爱多,0,39,10,0,0,0,0,_
2016,0,瑜妹  🐠,310,103,20,60,60,703,0,_
2017,0,刘先生的小💕肝,0,50,7,0,1,458,0,_
2018,0,翳,0,2359,30,0,0,4831,0,_
2019,0,Zz。,0,44,45,0,0,3170,1,我想你了_
2020,0,雅寶,4648,98,262,14,14,894,1,爱舞蹈滴宝宝_
2021,0,瑾辰艾★☆~,0,274,2,0,0,0,0,_
2022,0,fish.,30,383,29,0,0,0,0,_
2023,0,JIanjun,9,271,6,1,1,591,0,_
2024,0,恩子,5,261,11,3,5,965,1,(分钟后天i155得得都没_
2025,0,头上有犄角🍀,5,106,21,1,1,1023,0,_
2026,0,小老哥,22,320,95,1,1,0,1,嘻嘻嘻_
2027,0,一葉ღ秋℡,0,26,4,0,0,31507,0,_
2028,0,🌞.,0,31,3,0,0,161,0,_
2029,0,昨夜西风凋碧树,4,44,4,0,0,147,0,_
2030,0,哈里的小菠菜,54,1329,13,14,15,2694,0,_
2031,0,R,0,78,23,0,0,1192,1,无权谈人生，既是修行也是享乐_
2032,0,小先生,0,68,6,0,0,0,0,_
2033,0,真是猩猩啊,35,144,52,8,8,1640,0,_
2034,0,是shirly 呀,22,596,18,0,0,0,0,_
2035,0,用户8969424222519,0,29,2,0,0,149,0,_
2036,0,沐哲,0,442,13,0,0,1780,0,_
2037,0,谦,0,76,8,0,0,2568,0,_
2038,0,猱,0,56,1,0,0,424,0,_
2039,0,·　尼古拉斯,28,11,16,9,9,14,1,正在输入中···_
2040,0,杨圳洋,0,53,8,0,0,948,0,_
2041,0,Micko,36,3040,146,2,3,6473,0,_
2042,0,dollar,0,31,2,0,0,1,0,_
2043,0,络臣,0,1493,5,0,0,6693,0,_
2044,0,梁先森,10,54,9,1,1,147,0,_
2045,0,莫亦汐,468,242,145,18,18,1002,0,_
2046,0,▲ Amor、安于命*,0,90,5,0,0,1031,0,_
2047,0,7dn,431,710,570,0,0,0,0,_
2048,0,邱小来等129.6万人,330,492,115,2,7,6734,1,一个有趣的人_
2049,0,LOL丶PX,0,896,60,0,0,0,0,_
2050,0,大哥.,256,104,30,27,27,1697,1,喜欢就杀掉_
2051,0,💋,14,853,46,0,0,16553,1,从来事情并不容易_
2052,0,阿楚姑娘,0,970,19,0,0,15896,0,_
2053,0,杰尼龟,7,237,7,0,0,0,0,_
2054,0,市民の崔崔,136,63,46,25,26,0,0,_
2055,0,WHR,18,77,29,2,2,186,0,_
2056,0,娜娜,115,183,13,46,47,6546,0,_
2057,0,爱ss,0,246,46,0,0,216,1,转身的方式有很多，纠缠是最不酷的一种_
2058,0,用户258566,0,178,5,0,0,41,0,_
2059,0,yyyouqian,18773,143,1413,14,14,321,1,总有一天你会来_
2060,0,C4。,0,293,21,0,0,1071,0,_
2061,0,迷失的姗姗,38,13,77,0,0,0,0,_
2062,0,大狗能,9,190,16,0,0,0,0,_
2063,0,.莉莉安.,40,110,5,16,16,602,0,_
2064,0,輝,22,466,57,1,1,2203,0,_
2065,0,-biu～,39080,213,1888,53,53,1342,1,懒➕拖延症更新一个视频不容易🙃_
2066,0,k,833,151,38,27,27,1049,1,两幅面孔_
2067,0,已重置,6,41,1,1,1,11,0,_
2068,0,3055,2,83,4,1,1,53,0,_
2069,0,39.,110,479,88,4,4,2279,1,钱💰_
2070,0,醉丶忆,0,73,0,0,0,0,0,_
2071,0,joe,0,130,8,0,0,775,0,_
2072,0,🖕🏿🖕🏾🖕🏼🖕🏻🦶,0,303,17,0,0,68997,0,_
2073,0,木易,0,98,21,0,0,0,0,_
2074,0,爱吃猫咪的鱼摆摆！,0,146,18,0,0,336,0,_
2075,0,　Kratos、嗯哼？,0,2040,18,0,0,3611,0,_
2076,0,我是不白看,150,46,13,0,2,185,1,I  went  from  zero，to  my  own  hero.我从零开始，一路逐渐成长为自己的英雄。_
2077,0,start很潇洒,0,92,16,0,0,70,0,_
2078,0,荆芥芥芥芥芥,11,113,7,1,1,49,1,花开堪折直须折，莫待无花空折枝。_
2079,0,月球,0,563,14,0,0,2501,0,_
2080,0,It's you,0,17,0,0,0,60,0,_
2081,0,王者之道,0,694,12,1,1,2934,0,_
2082,0,edwin,0,15,0,0,0,6,0,_
2083,0,狂风抚柳,2,453,56,0,0,0,0,_
2084,0,吴甫颜,0,208,6,0,0,13199,1,你那么孤独却说一个人真好_
2085,0,Troy72,0,304,7,0,0,66,0,_
2086,0,RE:,5,79,37,1,1,633,0,_
2087,0,AIuo大龙,0,685,0,0,0,0,0,_
2088,0,用户440855719460,0,138,0,0,0,1188,0,_
2089,0,放肆意识流,1,59,6,0,1,447,0,_
2090,0,煜见你318,18,173,13,3,3,2544,0,_
2091,0,开心,0,175,11,0,0,2462,1,笑脸给多了，惯的全是病_
2092,0,顶丁定定定定定,0,123,10,0,0,1831,0,_
2093,0,影视天空,0,188,43,0,0,0,1,感谢抖音平台，感谢每一个关注我的朋友🌝         一部剧，一首歌，一个故事🐌❤️不断更新剪辑视频，精心剪辑，努力创作❤️新片推荐，网剧连载，剧影更新，欢迎来敲_
2094,0,十年之约珊宝,56,84,26,2,2,0,0,_
2095,0,浩,0,115,2,0,0,0,0,_
2096,0,宁缺毋滥,347,39,110,29,29,4102,1,不讨好任何冷漠，不亏待每份热情。_
2097,0,熙熙16,14,104,2,7,7,0,1,分享快乐生活_
2098,0,72,0,598,231,0,0,0,0,_
2099,0,劉尐冄,1340,197,190,31,31,0,1,把遗憾丢进行囊，把美好放在心间，把苦难留在过去，与快乐撞个满怀。_
