0,0,木子夕,0,264,36,0,0,14633,0,_
1,0,覃巧,33,65,3,13,13,885,0,_
2,0,丑孩子,174,269,46,30,42,124,1,希望一生安好，希望可以有个陪伴的一直到老_
3,0,Mandy,0,132,8,0,0,382,0,_
4,0,🍃 清若卿眸丶,216,739,48,23,23,2920,0,_
5,0,丫头^_^,135,252,45,14,14,890,1,总会有一个人出现  让你觉得人间值得._
6,0,拜拜啦,9,238,18,2,3,486,1,听妈妈唠叨ᕙ(⇀‸↼‵‵)ᕗ_
7,0,天边的云,135,350,80,14,14,408,1,夏天的风_
8,0,番茄🍅马铃薯都是圆的,79,1403,23,0,0,0,0,_
9,0,回忆回不去_212635327,38,314,6,30,30,203,0,_
10,0,小丑,6,134,4,2,2,340,0,_
11,0,陌,40,1858,7,15,19,0,0,_
12,0,期待.,0,43,0,0,0,1981,0,_
13,0,…………,78,103,22,9,9,516,0,_
14,0,( •͈ᴗ⁃͈ ),3,365,4,0,0,0,0,_
15,0,用户7041175757104,1,844,7,1,1,1216,0,_
16,0,王宏,77,87,82,6,6,1043,0,_
17,0,東方欲曉,0,251,48,0,0,8722,0,_
18,0,壹贰叁肆伍哟,19,164,16,3,3,0,0,_
19,0,哦,4,51,4,1,1,118,0,_
20,0,ღ゛小时光。,27,97,44,6,6,1630,0,_
21,0,et,134,1160,79,2,2,2611,0,_
22,0,Doesh `t give upon yon,0,292,6,0,0,64,0,_
23,0,临界点,139,317,84,28,29,2727,1,心若相知，无言也默契；情若相眷，不语也怜惜。_
24,0,星 晴8888,199,22,37,29,31,346,0,_
25,0,ヾ颜汐ㄟ,124,242,47,10,54,3841,0,_
26,0,用户4699925612907,0,46,5,0,0,262,0,_
27,0,用户6218605563262,81,118,2,0,0,0,0,_
28,0,赵佳玉^O^,123,189,60,10,10,1100,1,雁过天空～唯有留鸟_
29,0,悟空,107,259,68,5,9,9246,1,大家都来开心！！_
30,0,媛媛,39,290,55,1,11,194,0,_
31,0,江山不换韩云汐，此生不换鞠婧祎💕,4,2669,63,1,1,11579,1,底线：鞠婧祎宝藏女孩：鞠婧祎、迪丽热巴永爱小鞠可乐要加冰，爱鞠要用心一闪一闪一闪亮晶晶，婧婧眼里有星星些生不换韩云，此生不负鞠婧祎蓝大衣、白大衣，你是我的鞠婧祎农夫山泉有点甜，不爱小鞠有点悬古有秦王护云汐，今有蜜鞠护婧祎蓝海猖狂，护鞠为王正统偶像鞠婧祎，一心一心只为你😘_
32,0,旁窗,0,61,31,0,0,0,0,_
33,0,洋洋皓皓,0,101,10,0,0,432,0,_
34,0,boomboompa,0,55,12,0,0,193,1,倾国倾城的美貌，也抵不上骄傲的活着_
35,0,Trista,0,61,18,0,0,295,0,_
36,0,是樱子na,216038,492,2647,133,142,44716,1,要图的私信标注哪个作品，尽量回复。多多pick奶破森 ，微博同名，谢谢大家!_
37,0,小夏,307,224,50,67,68,3007,1,一个退隐江湖多年的女纸5年在家，专心研究一条鱼🐟喜欢我就关注我吧！V⭐️xiaxia974285_
38,0,虚度年华,0,14,1,0,0,17,0,_
39,0,淡忘,3,107,9,1,1,24,0,_
40,0,居居心上人,278953,254,3781,214,225,5053,1,本命朱一龙⛄️微博  b站同名通常下午或晚上更视频不定时删作品，喜欢可保存，但禁二传二改_
41,0,时光不老,48,195,22,15,24,10542,0,_
42,0,蓉,138,92,62,14,14,372,0,_
43,0,芭芭拉,0,74,15,0,0,3201,0,_
44,0,JIMMY,0,115,11,0,0,68,0,_
45,0,！,0,157,5,0,0,0,0,_
46,0,不给我点赞的抬走,0,4850,152,0,2,8863,0,_
47,0,1234567,0,236,1,0,0,22,0,_
48,0,吾卿慕汝,0,177,4,0,0,40,0,_
49,0,笑口常开😊,144,2480,80,14,14,11816,1,我有两个“小棉袄”冬天都不冷、还出汗呢！😄👭_
50,0,过期的空气,0,94,43,0,0,467,0,_
51,0,鑫颖    卟呤卟呤,156,178,29,34,45,15795,0,_
52,0,孤独喵,462,496,157,9,11,768,0,_
53,0,用户9117331098198,0,21,1,0,0,628,0,_
54,0,奥利弗🤺,22,130,14,9,10,102,0,_
55,0,💋丁小予,388,102,102,27,27,772,1,简简单单，快快乐乐做自己_
56,0,highmore,0,38,19,0,0,133,0,_
57,0,4371,0,80,3,0,0,236,0,_
58,0,老婆max,7,219,26,1,1,406,1,爱不爱，何为_
59,0,@w,0,386,5,0,0,3363,0,_
60,0,李天硕,0,27,17,0,0,38,0,_
61,0,布伦达也是糖糖妈💕,2,129,3,2,2,599,0,_
62,0,麦田的稻子,0,59,15,0,0,603,0,_
63,0,略略略,0,957,1,0,0,5757,0,_
64,0,黎咕咕明酱一,31,181,13,9,17,585,1,世界和平_
65,0,悦,6,110,12,0,0,0,0,_
66,0,～回味～,88,98,22,13,13,619,1,上天不会负努力的人。。。_
67,0,兔子,0,48,9,0,0,19,0,_
68,0,星柚Sophia,14,107,19,0,1,0,0,_
69,0,loumu暮,34,56,6,6,6,1045,0,_
70,0,东东,0,334,12,0,0,2662,0,_
71,0,崔健Max,34,18,38,3,11,78,0,_
72,0,ﾉ☀,5,20,3,3,3,63,0,_
73,0,我是大美丽,0,17,1,0,0,20,1,日常沙雕日常秀恩爱日常丧_
74,0,千里梦/fw,2,1114,163,1,2,724,0,_
75,0,阿秋秋💫啾,342,97,81,28,28,0,1,可乐要加冰 爱我要走心_
76,0,.,0,56,13,0,0,67,0,_
77,0,依ys深. ,16,279,24,1,1,341,1,生活不应该是一成不变的☀️_
78,0,原来是梓辞鸭！,0,630,4,7,7,362,0,_
79,0,诶,2,84,43,1,5,167,0,_
80,0,夏沫@❄️冬雪❄️,21,2504,26,0,0,0,0,_
81,0,苏振超,0,77,15,0,0,499,0,_
82,0,。。。,0,280,22,0,0,297,0,_
83,0,小周“师傅”,0,469,37,0,0,14619,0,_
84,0,用户1230340774867,0,7,5,0,0,6289,0,_
85,0,惊呆了,0,105,1,0,0,1218,0,_
86,0,酸皮奶,17,212,22,8,8,10168,0,_
87,0,皮皮虾~,8,120,27,1,1,28896,0,_
88,0,张小贤,8,55,16,1,1,100,0,_
89,0,叁廿初始Z央,3,92,1,3,3,36,0,_
90,0,萌蒙,0,956,6,0,0,8265,0,_
91,0,骑着蜗牛追着你,1,866,31,0,10,635,0,_
92,0,珊珊来痴,174,131,37,14,16,4546,1,@王珊、Ⅹfshmyt。_
93,0,用户9170009959436,0,2645,39,0,0,5530,0,_
94,0,倾城之恋～萍,1214,564,128,146,148,31960,0,_
95,0,静儿,43,152,24,9,9,0,0,_
96,0,噢够够里,0,26,1,0,1,102,0,_
97,0,Gone.,0,88,6,0,0,1048,0,_
98,0,兰云奶奶,0,11,0,0,0,35,0,_
99,0,🙄,8,312,35,0,0,0,0,_
100,0,用户5776720281939,11,128,4,7,11,593,0,_
101,0,~,0,71,22,0,3,2202,0,_
102,0,苏苏,2,2259,121,0,1,1942,0,_
103,0,kimi,0,219,71,0,0,512,0,_
104,0,十三七,0,243,7,0,0,3873,0,_
105,0,CHN铭记,72,19,49,13,13,2442,1,。。。。。_
106,0,施小霞,8,44,3,5,6,171,0,_
107,0,随缘,13,1651,90,2,2,550,0,_
108,0,Aurora🌈,0,216,6,0,0,0,0,_
109,0,miu和Luyi,246,10,11,20,20,48,1,两只猫日常_
110,0,时间不语🌿,111,158,34,16,31,0,1,感谢你长得那么好看还关注我_
111,0,rice,3,65,7,1,1,126,0,_
112,0,·◡̈,62,219,5,17,17,0,1,普通小孩热爱生活中._
113,0,追梦人,0,69,47,0,0,1309,0,_
114,0,娜妮,525,324,95,78,79,1983,0,_
115,0,奈耐,0,57,1,0,0,798,0,_
116,0,NANA🌸,16,19,5,4,4,0,0,_
117,0,黑豆,215,171,27,24,24,1761,0,_
118,0,蓉蓉,303,154,80,52,56,374,0,_
119,0,瑾渊,44,66,75,6,7,1801,0,_
120,0,崔先生,0,114,5,0,0,177,0,_
121,0,Kristly,122,367,28,14,14,4861,1,我的心借了你的光是明是暗 🕰_
122,0,陌路。。。,2,346,26,1,1,13621,0,_
123,0,曹雪慧,99,759,67,7,7,3306,0,_
124,0,xxzj990,277,48,32,57,57,269,0,_
125,0,晓淘冰,110,74,33,25,41,359,1,好好生活，努力工作，做一个积极向上的人_
126,0,岩宝,52,149,59,10,10,446,0,_
127,0,用户2265813772058,0,52,0,0,0,33,0,_
128,0,用户7643997882032,0,1154,11,0,0,2268,0,_
129,0,糖糖糖tt,0,60,1,0,1,420,0,_
130,0,考拉,67,156,31,20,20,5765,0,_
131,0,毓贞,3922,920,150,88,97,22676,1,相思赋予谁，小辫儿张云雷_
132,0,iet,82,188,71,21,21,1340,0,_
133,0,刘,16,126,16,1,1,310,0,_
134,0,Muriel💋,0,124,43,0,0,528,0,_
135,0,幸心,13,401,10,0,34,14593,0,_
136,0,人生如直播,64,11,11,10,17,190,1,不要从别人嘴里去认识一个人，如同看风景，应身临其境！_
137,0,小风衣,4,82,40,1,1,90,0,_
138,0,唐糖,9,35,18,2,2,297,0,_
139,0,人淡如菊,29,338,47,4,4,374,1,做快乐的宝宝_
140,0,白川樱子,2118,2294,103,27,27,13374,1,经纪人/星探（ Scouter) Fashion blogger 随心情更新_
141,0,瞬休,28,101,18,5,5,594,0,_
142,0,殇心玫瑰542,0,270,35,0,1,442,0,_
143,0,Lseymour,0,33,0,0,0,35,0,_
144,0,逆风更适合飞翔,2059,131,137,101,101,1178,0,_
145,0,闹市Ω一孤星,71,264,68,7,31,18136,1,假如时光倒流   我不会随波逐流_
146,0,洛杉矶,35,324,4,1,18,0,1,沒有簡介_
147,0,糖豆,1302,532,234,47,47,1358,1,学最好的别人，做最好的自己～_
148,0,阳近夕,0,77,3,0,0,171,1,我是个骗子，连自己都骗._
149,0,用户566629826405,25,9,6,11,11,5,0,_
150,0,贤贤,0,84,10,0,0,0,0,_
151,0,平行世界的风,0,48,96,0,0,61,0,_
152,0,三少的鱼尾,0,165,8,0,0,5399,1,主玩部落，皇室，和平精英，刺激战场国际服， 等要加的人多了建群大家一起玩耍，谢谢关注😊_
153,0,用户5218436427333,0,66,1,0,0,152,0,_
154,0,jin,0,38,6,0,0,724,0,_
155,0,可爱的柠檬糖。,83,164,26,10,15,2259,0,_
156,0,指尖上的放肆,0,140,4,0,0,69,1,☞混也是一种态度⇔混也是一种生活☜_
157,0,用户9988820107109,0,48,0,0,0,58,0,_
158,0,露露,78,54,18,14,14,1373,0,_
159,0,壹柒壹柒,14,13,0,3,3,64,0,_
160,0,灵魂重生,0,774,18,0,0,10579,0,_
161,0,L、X,0,154,7,0,0,19583,1,Just Do It_
162,0,鱼店,835,476,105,98,98,503,0,_
163,0,€差不多先森$,97,131,56,10,13,120,0,_
164,0,莫心忧,157,147,32,27,27,151,0,_
165,0,小蒲,60,951,75,2,3,49138,0,_
166,0,⭕,38,64,32,0,0,375,1,爱笑的女孩运气不会太差_
167,0,Daniel小超同学,436,318,108,27,29,816,1,俺就是辣个帅哥🤫_
168,0,小野人,0,348,5,0,0,0,0,_
169,0,RongRong,5,217,9,1,2,972,0,_
170,0,呵呵噠,0,6,2,0,0,0,0,_
171,0,xiao.,138,83,67,5,8,887,0,_
172,0,我是天蝎座,9,5,6,5,7,338,0,_
173,0,手机用户86366104661,0,135,7,0,0,189,0,_
174,0,琪司✘,19,10,36,3,3,8021,1,傻傻傻_
175,0,安安💖吖,56,156,349,5,11,22232,1,废话太多  你  🐷_
176,0,_,13,228,23,0,0,0,0,_
177,0,爱旅游的小姐姐@you,36,198,28,14,19,2045,1,喜欢旅游，喜欢旅游的人，喜欢旅游看风景，喜欢给其他人介绍旅游_
178,0,笙歌,35,96,17,6,6,0,0,_
179,0,山有木兮,461,296,98,29,32,2354,1,总有人笨拙的想把所有的温柔给你.😘_
180,0,用户6180250369232,0,4760,151,0,0,17933,0,_
181,0,溜溜弯去潇洒,3,77,10,1,1,615,0,_
182,0,用户1309499410989,0,20,0,0,0,570,0,_
183,0,诺筱云,6,615,78,0,2,3811,0,_
184,0,叶轮,0,1534,19,0,0,1176,0,_
185,0,小小酥,622,67,49,180,183,511,0,_
186,0,哪吒我命由我不由天,23,118,7,4,6,1242,0,_
187,0,夜未央&惊梦,7,404,5,7,7,18,0,_
188,0,用户3251227999980,0,191,0,0,0,1117,0,_
189,0,善良到不讲道理,1,25,4,0,1,98,0,_
190,0,懿+浅浅,87,224,70,14,15,310,0,_
191,0,长安帰故里…,127,26,29,18,21,0,1,道理都懂   可是只有清醒的人才是最难过的_
192,0,山野村夫,0,88,5,0,0,151,0,_
193,0,伊路向北,31,1244,27,0,50,1893,1,北方有洲，南方有伊~_
194,0,晴天,161,79,137,5,8,621,0,_
195,0,太阳☀树,851,230,147,57,79,2364,1,快乐每一天_
196,0,r微管蛋白,0,459,13,0,0,0,0,_
197,0,Leo🐈,422,409,221,50,52,0,1,平凡的学生一个_
198,0,用户4535564839468,0,9,4,0,0,9,0,_
199,0,陈开心,136,490,49,27,27,0,1,多喜乐 长安宁_
200,0,孟姜,0,507,8,0,0,0,0,_
201,0,🇨🇳@我的山田心,306,236,60,28,34,0,1,人生的方向盘         要紧握在自己的手中_
202,0,我属星星~,14,390,20,7,7,2781,1,刷刷抖音~_
203,0,宋惟明,4,444,20,2,2,396,0,_
204,0,qzuser,74,365,12,15,15,17409,0,_
205,0,*        初一、,1092,181,264,8,8,520,1,不会DJ的调酒师，不是好吃货..._
206,0,膳泽♡,13,1113,19,0,0,12867,1,三言两语道不尽我_
207,0,旅途🇨🇳🇪🇸,3671,470,448,39,39,2822,1,重庆妹纸，爱吃辣爱旅行，定居西班牙🇪🇸VX❤️：BY158776765_
208,0,光可爱,8,8,17,0,0,0,0,_
209,0,-,0,307,92,0,0,1021,0,_
210,0,M .,0,229,7,0,0,0,1,想…_
211,0,The stars,1,68,0,0,0,0,0,_
212,0,沙琪玛配面包,55,227,30,9,9,2677,0,_
213,0,叶子.,0,146,59,0,0,12695,0,_
214,0,浓情淡如你,151,159,38,29,29,853,1,瘦了，一切都会好的。没有什么能抵得过时间！_
215,0,yyy晴晴,0,17,30,0,0,0,0,_
216,0,提酒醉人间ღ,0,97,2,0,0,10425,0,_
217,0,忱_遥,0,1884,4,0,0,1916,0,_
218,0,睁一只眼闭两只眼,0,37,0,0,0,0,0,_
219,0,小麦HI,150,579,49,35,35,1093,0,_
220,0,☀️L.            珊珊°,33,110,15,6,6,294,0,_
221,0,二狗的内心世界,19,311,24,7,8,0,0,_
222,0,星星 ✨,73,14,38,2,2,96,1,想跟你徹夜長談那些可愛的廢話_
223,0,52Hz,578,77,96,54,56,3632,1,从一而终认真且怂_
224,0,噠,14,119,14,1,1,377,0,_
225,0,冲动是栓不住的狗,16,645,52,1,2,3367,0,_
226,0,划船不用桨,0,236,25,0,0,1535,0,_
227,0,今天抢到专场票了吗,112,96,22,10,12,0,1,💚_
228,0,尔尔,0,129,9,0,0,220,0,_
229,0,凉白开,0,37,15,1,1,293,0,_
230,0,瞌睡虫,581,546,211,74,99,411,0,_
231,0,独宠俉妃 楠儿  旭哥,69,3939,154,4,22,6484,0,_
232,0,zero,0,349,5,0,0,1689,0,_
233,0,Throb,13,107,13,4,7,1855,0,_
234,0,宋二妹,0,76,38,0,0,144,0,_
235,0,髑jia麟,65,80,56,9,11,809,0,_
236,0,苏大强沈阳分强,285,203,63,58,59,0,0,_
237,0,许诺,58,666,29,0,0,0,0,_
238,0,X 寻 .W味,10,1090,27,0,1,2632,1,○ ～_
239,0,用户3659660950363,110,31,30,17,38,434,0,_
240,0,一诺铁粉,6,145,1,2,2,126,0,_
241,0,蘇,206985,805,1805,44,44,6725,0,_
242,0,Emma …,0,61,2,0,0,0,0,_
243,0,CC,75,1161,116,6,6,35,1,还没正式开抖音，发了几个紧为体验。_
244,0,玩游戏的蛇,16,124,24,2,2,177,0,_
245,0,是心动吗,0,1701,16,0,0,0,1,温水煮青蛙_
246,0,大诗人Y,0,30,2,0,1,2439,0,_
247,0,Qing_ 青,0,92,12,0,0,1736,0,_
248,0,姜丽,179,139,38,26,26,168,0,_
249,0,Lucky_coin99,15,61,23,13,14,36,0,_
250,0,wsm,0,56,7,0,0,53,0,_
251,0,草里眉,0,115,8,0,0,3737,0,_
252,0,姥爷,407,785,101,69,69,4183,0,_
253,0,王王行,38,47,7,6,6,259,0,_
254,0,☆水瓶座℡,400,396,136,33,33,1729,1,谁在悬崖沏一壶茶，温热前世的牵挂._
255,0,云海,133,35,22,38,38,266,1,其实我并不胖，我只是瘦的不明显......_
256,0,京北懒龙,0,199,5,0,1,41,0,_
257,0,璐瑶。。。。,0,110,5,0,1,129,1,我就是我，没什么好说的，做自己就行_
258,0,阿盼盼吖,247,21,83,4,4,0,1,及时行乐8️⃣_
259,0,DY小麻烦🎈,166,133,71,9,79,2093,1,不畏将来、不念过往_
260,0,꧁꫞꯭等꯭风꯭来꯭꫞꧂,0,328,36,0,0,485,0,_
261,0,我在梦里一切都有,39,270,38,6,6,3911,0,_
262,0,北冥有鱼共长生,10,10,7,5,5,0,1,北冥有鱼寄云舟，何人与我共长生？_
263,0,吕,0,25,2,0,0,143,0,_
264,0,玲哥的晚年生活,19,82,27,6,10,0,0,_
265,0,fireworks°,0,3011,27,0,0,0,0,_
266,0,榆林二少,1266,360,5256,121,122,2024,0,_
267,0,安(ღ˘⌣˘ღ),3,79,3,1,1,702,0,_
268,0,凡界众生,0,6,0,0,0,20,0,_
269,0,w小妞,0,71,3,0,0,0,0,_
270,0,轻佻,12,398,14,1,1,1832,0,_
271,0,短腿梦🍫,4,149,16,0,1,0,0,_
272,0,Z.,30,535,38,6,6,858,0,_
273,0,犯＆溅,1670,196,109,53,53,1780,0,_
274,0,从此以后.,171,330,42,22,22,2315,0,_
275,0,是迷恋,48,36,36,6,6,0,0,_
276,0,Smile Againゾ,9,205,20,1,4,1657,0,_
277,0,李大花是个好姑娘,519,81,90,7,7,0,1,一个佛系且懒惰的小模特_
278,0,芨芨草,9,80,14,3,3,323,0,_
279,0,默,23,444,36,7,7,9573,0,_
280,0,_🐹,0,102,1,0,0,9862,0,_
281,0,望穿秋色凝波,0,38,2,0,0,3,0,_
282,0,吃橙,0,98,0,0,0,63,0,_
283,0,玖*君*兰,0,300,42,0,0,4338,0,_
284,0,照旧,42,133,45,5,5,262,1,🐷我叫陈美丽_
285,0,小红帽,43,45,40,9,9,274,0,_
286,0,love&100%,0,95,2,0,0,514,0,_
287,0,Cherish,0,33,20,0,0,224,0,_
288,0,天使之翼,26,181,3,7,7,2050,0,_
289,0,小悦悦~,2005,95,92,28,34,459,1,微信yuehua8385_
290,0,已重置,0,704,1,1,4,519,0,_
291,0,Tdd,1,127,1,0,0,448,0,_
292,0,.楸巛,13,1360,12,6,6,14991,0,_
293,0,死囚梦魇,142,965,119,3,5,2330,0,_
294,0,用户1691569995889,0,12,0,0,0,2,0,_
295,0,郝玖玖RAIN,1949,1122,930,71,78,3831,1,成年人也是过了期的小朋友_
296,0,用户89800692087,0,476,12,0,0,1324,0,_
297,0,@啥也不是,51,563,108,8,11,6234,1,啥也不是_
298,0,小老鼠,312,244,41,71,71,3680,0,_
299,0,珟珏,183,36,21,15,15,0,1,三坑破产少女 大三狗小裙子和化妆品不可辜负微博@珟_珏工会勿扰_
300,0,小黄黄黄,20,21,13,5,5,97,1,阿哈哈哈哈哈哈哈哈哈哈哈哈_
301,0,lilibaby,309,230,18,0,0,6287,0,_
302,0,🎀姗小仙女💕,693,150,127,63,63,329,1,🌺愿你在贫瘠的土壤里     绽放出最坚韧的花朵🌺_
303,0,苍雪无痕,0,63,5,0,0,24,0,_
304,0,Ciioouu,0,67,0,0,2,220,0,_
305,0,ʚ🐏ིྀɞ,8,97,12,1,1,1253,0,_
306,0,乐此不疲,0,176,7,0,0,1034,0,_
307,0,Z  Y,0,130,2,0,0,135,0,_
308,0,秦霄贤&贤鱼,117,243,46,21,21,57603,1,此时已莺飞草长爱的人正在路上，我知他风雨兼程途径日暮不赏，穿越人海只为与你相拥_
309,0,一方水土,43303,708,2272,34,36,0,1,人生如茶细细品之_
310,0,冰鸾雪舞之月,0,195,23,1,1,157,0,_
311,0,性别妖(璐助),0,28,2,0,0,0,0,_
312,0,持梦.,0,76,4,0,0,330,0,_
313,0,海米,198,563,119,37,37,42413,1,看在你这么帅（美）的份上，点个关注呗。_
314,0,Forever,5530,455,1042,331,333,0,1,不爱了，就是不爱了。。。_
315,0,用户4205028680005,0,172,5,0,0,837,0,_
316,0,北城以北🙈,13,36,14,0,7,320,0,_
317,0,Bubble,0,121,4,0,0,567,0,_
318,0,w,0,9,2,0,0,1,0,_
319,0,大文静,373,35,32,0,0,0,0,_
320,0,桃气包,2,32,12,1,1,1469,0,_
321,0,一万吨的少女心♡,19,452,29,0,0,14029,0,_
322,0,欣儿～,0,59,5,0,0,350,0,_
323,0,说好了😘1辈子,202,145,74,0,0,0,0,_
324,0,Bonson,595,219,63,105,105,1958,1,你赞不赞我都只为了自己拍的开心_
325,0,万能玩乐,284,701,90,0,0,0,0,_
326,0,.🐳,0,152,8,0,0,11,0,_
327,0,国家级音乐“砖家”,9,524,24,4,10,50072,1,直播~唱歌设备维新lijing2453765_
328,0,丹丹,877,258,214,145,151,1576,0,_
329,0,乖女孩,34,61,32,5,6,546,0,_
330,0,爱你❤小心辛,0,220,3,0,0,0,0,_
331,0,진박_àīwǒbīézǒ,9,797,6,0,0,0,0,_
332,0,芳芳芳芳儿,737,319,107,36,81,1211,1,高级的人皆由高尚的理想为指引_
333,0,🙈🙈🙈,203,16,1,0,0,0,0,_
334,0,♛G-xuechun ♛,217,128,52,48,48,4387,1,😇_
335,0,阿阿阿先生,0,150,17,1,1,275,0,_
336,0,周WW,0,417,14,0,0,6,0,_
337,0,user2543468523886,0,18,2,0,1,269,0,_
338,0,吃货汤小圆,294,1090,84,29,31,11717,0,_
339,0,丶椰波的香菜,253,123,78,40,41,2012,0,_
340,0,蛋蛋的忧伤,0,242,17,0,0,190,1,b_
341,0,成哥mami,123,77,48,10,13,1471,0,_
342,0,---。,0,236,20,0,0,2888,0,_
343,0,子暮闻舟,5,419,7,1,1,6200,0,_
344,0,壹籽,135,197,31,22,23,682,0,_
345,0,焱哥哥,18,223,29,3,3,491,0,_
346,0,鎏菜茶,157,59,14,6,6,82,0,_
347,0,🍋薄荷凉♍︎,587,160,38,113,115,328,0,_
348,0,,77,122,19,11,11,4678,0,_
349,0,xuan璇💕,35,327,18,4,4,8781,0,_
350,0,囧人001,0,48,1,0,0,84,0,_
351,0,用户2319216t,0,1126,63,0,0,8242,0,_
352,0,狼狼,0,23,38,0,0,0,0,_
353,0,🍉,158,579,125,7,8,2992,1,喜欢的都很贵，所以要努力💪万事开头难，创业前期是比较累啦～_
354,0,❃  💋   Jo ,36,210,56,11,16,3096,0,_
355,0,刘 静,6,135,41,1,1,1372,0,_
356,0,臻号文化传媒～刚哥,186,1759,200,13,13,3388,0,_
357,0,余桁,0,557,29,0,0,24051,0,_
358,0,杨动动,0,333,17,0,0,2629,0,_
359,0,展眉,0,161,4,0,0,0,0,_
360,0,Frankie,21,1734,48,3,4,34933,0,_
361,0,biu~,0,8,55,0,0,0,1,莫得感情(●°u°●) 」_
362,0,小涂狗儿么么哒🌻,0,142,26,0,0,0,0,_
363,0,麦太,105,263,48,12,20,1079,0,_
364,0,小透明🐻,1288,101,73,70,72,0,1,谢谢你这么好看还关注我_
365,0,小哥哥,183,2528,117,78,79,0,0,_
366,0,老猫,0,6,1,0,0,15,0,_
367,0,🌸√3,0,70,6,0,0,14408,0,_
368,0,🍓Kilig🍓,142,25,34,34,34,105,0,_
369,0,包装,1,150,5,7,7,709,1,WX：z2842245z_
370,0,馍馍哒,348,3125,359,52,53,10340,1,善待自己，善待自己的同时也是在善待身边的的人！_
371,0,你不懂我的Style、,263,175,61,5,5,315,1,生活是自己的，尽情打扮，尽情可爱。🎀_
372,0,左脚右脚,0,131,12,0,0,341,0,_
373,0,撒浪嘿哟嘿哟,10,239,52,2,3,5293,0,_
374,0,嘻嘻哈哈,13,378,42,4,7,237,1,好男人，贵在品质！_
375,0,kkk,0,148,8,0,0,14896,0,_
376,0,user74124599375,75,356,6,16,16,930,0,_
377,0,💪,35,164,55,2,3,1256,0,_
378,0,N.N,335,354,18,16,16,559,0,_
379,0,曲终人散阿,0,313,0,0,0,0,0,_
380,0,何小四,268,161,72,57,57,1950,0,_
381,0,紫伟蓝_,229,217,51,74,79,1596,1,喜欢绣十字绣喜欢偶尔喝一杯喜欢平凡😘_
382,0,a.蔡蔡蔡。🌸🌺,259,404,68,44,45,3068,1,该用户他关注了你_
383,0,╰假装、很深沉,0,325,13,0,0,0,0,_
384,0,一枚  客栈的小店主,346,73,82,2,2,0,1,✔️该用户同时关注了你_
385,0,小短腿,8,83,18,1,1,0,0,_
386,0,豆豆,0,65,3,0,0,0,0,_
387,0,小饼干,23,41,32,4,4,823,1,我很懒，谢谢喜欢_
388,0,宁姐姐,2,43,4,2,3,57,0,_
389,0,用户3668139100127,0,2324,3,0,0,1508,0,_
390,0,Bubble_color,0,205,16,0,0,11243,0,_
391,0,织*夏,215,59,20,27,27,375,1,等流心💕_
392,0,yyh,0,337,34,0,0,0,0,_
393,0,用户2203645896422,7,284,13,1,1,48,0,_
394,0,军哥,9,43,20,1,1,0,0,_
395,0,悠悠,0,63,5,0,0,185,0,_
396,0,散✟场,3,81,17,1,1,64758,0,_
397,0,小李同学,4,66,4,1,1,0,0,_
398,0,凉  薄  `,297,10,73,0,0,0,0,_
399,0,命里💕,35,101,33,3,3,1378,1,傻傻分不清楚_
400,0,不爱柚子爱柠檬°,0,117,7,0,0,3370,0,_
401,0,用户5021677368929,0,764,33,0,0,1043,0,_
402,0,岸本,18,157,9,7,7,11286,0,_
403,0,黑妹,1649,978,884,29,30,14610,1,玻璃胶女皇_
404,0,柠檬你个思密达@,377,1154,35,65,69,3061,1,给个小心心😢😢😢好人一生平安🙏🙏_
405,0,喵喵喵喵喵喵喵,0,56,2,0,0,16,0,_
406,0,Play.,24,47,20,3,6,0,0,_
407,0,青青子衿,38,40,41,5,5,10,1,悠悠我心_
408,0,火山加冰,0,129,7,0,0,0,0,_
409,0,荷香香子,248,1728,75,10,11,0,1,记录我的生活_
410,0,故人以北爱荒凉°あ,43,4244,63,1,1,0,0,_
411,0,鲲,31,283,52,4,4,252,0,_
412,0,～ Ying,0,6,2,0,0,4,0,_
413,0,☞CZY☜,28,264,32,0,0,0,0,_
414,0,如果北京不下雪,28,28,25,10,10,0,0,_
415,0,吃可爱多长胖的仙女🐰,589,398,418,17,20,1792,1,🎈🎈🎈🎈🎈_
416,0,阿呆、,0,115,3,0,0,344,0,_
417,0,追🐟的🌞,4,45,4,2,2,737,0,_
418,0,hk416A5,0,345,92,0,0,37490,1,留不住的终归是留不住的_
419,0,樱桃小财子,381,321,48,17,19,18501,0,_
420,0,_gulbanu,0,499,7,0,0,3421,0,_
421,0,用户328051162556,0,80,0,0,0,438,0,_
422,0,定制家具,1,252,38,0,1,846,0,_
423,0,书韵飘香Virgo,54,97,2,0,193,417,0,_
424,0,Reinhardt Meng,176,592,131,11,13,425,1,人会变，梦会醒。_
425,0,杀鸡的鱼,24,164,17,3,3,244,0,_
426,0,夏无祭,0,109,24,0,0,194,1,你站的方向，连风吹过来都是暖的。_
427,0,一个十四,327760,90,20937,40,42,0,1,(๑⃙⃘°◊°๑⃙⃘ )谢谢你们喜欢我呀！_
428,0,做个俗人丶不亏不欠，不负遇见。,24,299,27,1,8,553,0,_
429,0,岁月静好,0,1074,13,0,0,9669,0,_
430,0,乔巴兎,92,49,37,9,9,160,1,-         做最真实的自己 活的不可思议_
431,0,用户2859719695455,0,6,0,0,0,3,0,_
432,0,蓝牛奶,20,744,11,3,6,11549,0,_
433,0,山风岚岚👸,714,402,106,65,65,39988,1,本宝宝是个仙女哦 不定时直播，赶紧关注我吧_
434,0,🌸多肉丸子🍡,89,188,48,17,37,442,0,_
435,0,杨畅816,0,30,11,0,0,1202,0,_
436,0,陪我从齐肩短发到长发及腰,33,164,14,6,7,0,0,_
437,0,半腔熱情,0,10,11,0,0,537,0,_
438,0,cance,0,5,1,0,0,2,0,_
439,0,快乐的小笨猪,0,229,1,0,0,164,1,😉_
440,0,爱熙熙熙宝,64,110,34,4,5,338,0,_
441,0,赣南信丰脐橙~lisa,612,115,122,47,50,0,1,爱笑的人😊运气都不会差，越努力越幸运_
442,0,月下飞鸟,60,74,33,6,33,6697,0,_
443,0,杨丽,404,234,107,22,22,1927,0,_
444,0,side,296,1488,60,53,53,2668,0,_
445,0,发发万物,64,69,14,21,21,46,1,成长快乐_
446,0,疯子💋,104,129,17,10,10,78,1,V:ning002508_
447,0,用户8828628245506,0,9,0,0,0,10,0,_
448,0,小宠大爱love,410,225,52,201,202,204,0,_
449,0,狐狸🦊大人,70,170,69,8,8,1022,0,_
450,0,Desire,142,189,54,24,25,1897,0,_
451,0,温酒,0,166,11,0,0,11457,0,_
452,0,木易,155,137,31,40,40,7163,0,_
453,0,H,0,79,3,0,0,923,0,_
454,0,秀啊丶狗子,0,8,5,0,0,8,0,_
455,0,用户6677740705559,0,103,88,0,0,70,0,_
456,0,恁大一龙去哪儿了,28,156,13,0,0,0,0,_
457,0,金爪和卤蛋,2,2950,21,0,0,0,0,_
458,0,小赵，小赵，福星高照,11,2512,41,1,1,7396,0,_
459,0,胖叔,5,683,17,1,1,310,0,_
460,0,呆呆熊.,2,671,6,1,5,0,1,人生如逆旅 我亦是行人_
461,0,北葵,127,751,52,9,29,0,1,如果你给我的，和你给别人的是一样的，那我就不要了。_
462,0,牽豬逛商場,0,177,10,0,0,2820,0,_
463,0,yoyo🌸,7005,82,115,1,1,281,0,_
464,0,。。。。。。。。,6,162,3,0,0,0,0,_
465,0,Summertime,43,741,22,2,2,1891,0,_
466,0,Song si nan,58,322,87,16,16,6931,1,Biology and intelligence_
467,0,饶窜天,405,512,136,78,78,26176,1,不谙世事女文青带你去看美食和风景❤️非职业酒店试睡员❤️非职业美食评论员✈️🍰🍷🧍‍♀️👁👀✍️🙏👌🏃‍♀️👓🙉微博：letisa饶_
468,0,Promise,18,25,6,2,6,24,0,_
469,0,EVA,2022,465,39,0,0,0,0,_
470,0,小冰子,53,115,33,10,10,0,0,_
471,0,夏洛特疯狂,4,874,15,1,1,1240,0,_
472,0,清秋,0,69,4,0,0,263,0,_
473,0,阿哲,750,1297,62,30,85,72839,1,哔哔哔哔哔哔哔哔哔_
474,0,点点,19,146,34,2,2,2577,0,_
475,0,Ivy,170,71,52,9,9,312,0,_
476,0,罗千岁,23,144,77,1,5,23981,1,生来讲究 何必将就_
477,0,assss小宝,582,79,83,38,55,13762,1,萌萌达_
478,0,橘子酱,36,106,9,14,14,0,0,_
479,0,刺猬,0,14,8,0,0,509,0,_
480,0,皮卡邱,0,128,0,0,0,302,0,_
481,0,林森,67,127,45,5,6,8780,1,家有三宝🐱_
482,0,萱尼诗,37,33,52,5,5,0,0,_
483,0,福尔摩司,671,413,72,28,28,7362,1,人生这么漫长有我才不孤单啊_
484,0,秦二月啊💨,0,269,11,0,0,12400,0,_
485,0,Kidsy,3,117,4,1,2,0,0,_
486,0,Gaga乌啦啦M,0,10,1,0,0,20,0,_
487,0,青柠杏仁茶,0,138,8,0,0,193,0,_
488,0,你是谁啊,355,47,2,29,651,0,1,不认识_
489,0,长安’,0,2524,3,0,0,0,0,_
490,0,开心果😀,0,156,0,0,0,0,0,_
491,0,已重置,0,342,7,0,0,63856,0,_
492,0,自由行走,5,142,8,3,3,194,0,_
493,0,怡宝怡喔,22,111,11,10,10,835,0,_
494,0,用户5958506159735,0,102,0,0,0,333,0,_
495,0,赵小年,0,92,2,0,0,398,0,_
496,0,123跳,0,834,31,0,2,702,0,_
497,0,醉、斜阳,263,45,34,3,4,0,1,我们都是远视眼，模糊了离我们最近的幸福!_
498,0,桃子,27,133,17,8,12,61,0,_
499,0,balloon,83,282,29,24,26,3005,0,_
500,0,爱笑的燕子宝宝,172,148,45,9,9,210,1,👸放弃待了5年的城市选择来深圳重新开始的湖南妹子💃希望用短视频记录我新生活所有的一切🍻喜欢交朋友，希望我们能成为畅所欲言的朋友_
501,0,高端玩家 ♞,8,134,25,4,4,5607,1,❤💔💕💞💓💗💖🎈🎉🎀🎁🎂🍅一个傲娇水瓶_
502,0,大喵小虾,12,38,9,2,2,104,0,_
503,0,‘枯年闻少☜,0,226,14,0,0,1053,0,_
504,0,🤪🤪🤪🤪,123,184,68,14,14,1277,0,_
505,0,ॐ张攀红ॐ,6,198,129,0,0,0,1,本宝宝暂时还没有想到合适本宝宝气质的签名☁️_
506,0,biubiubiu,0,79,5,0,0,17,0,_
507,0,叶淮,0,353,5,0,0,23482,1,同九义，汝何秀（这是我朋友画的速写作业，她还真就这么交上去了，老师嗯。。。。还说_
508,0,dan.wangsmx,182,120,124,33,33,234,1,从来没有什么不可以😏_
509,0,家宝日常,0,597,15,0,0,345,0,_
510,0,不明白的关系 i,43,699,91,2,2,20208,0,_
511,0,萱萱,0,511,10,0,0,7010,0,_
512,0,砸狗熊的玉米,0,89,9,0,1,5028,0,_
513,0,无法填写,34,265,17,4,4,222,0,_
514,0,vivi,302,198,132,22,27,15222,1,皮？_
515,0,我是呀很早很早（2）,0,3,1,0,0,14,0,_
516,0,阿丁有道理,7,1395,9,0,5,0,1,嘿嘿嘿_
517,0,小脾气哎,0,21,0,0,0,13,0,_
518,0,L,0,70,6,0,0,0,0,_
519,0,笑,16,92,18,2,8,5833,1,巴拉巴拉 piu ～_
520,0,💋樱桃小丸子💋,93,297,23,28,28,749,0,_
521,0,夜的第七章,10,105,52,1,3,4009,1,从前从前  有个人爱你很久_
522,0,老蒋,0,336,97,0,0,301,0,_
523,0,Y。,3362,161,1321,0,0,0,1,关于未来🎈敬请期待☀️_
524,0,西西是呆子℡,1424,194,58,25,25,1302,1,我不喜欢我喜欢的人被太多人喜欢_
525,0,carol,4,512,76,0,0,0,0,_
526,0,别撒我狗粮,14,1108,13,2,23,25918,0,_
527,0,胡胡哥斯拉,0,21,0,0,0,1488,0,_
528,0,池城,0,118,14,0,0,289,0,_
529,0,用户4985559101074,0,20,1,0,0,22,0,_
530,0,雨滴237587183,0,797,4,0,0,1100,0,_
531,0,筱筱情殇_,0,2095,12,0,0,19972,1,离别与重逢，是人生不停上演的戏，习惯了也就不再悲怆。_
532,0,kelly,0,205,13,0,0,214,0,_
533,0,😝,0,175,4,0,0,96,0,_
534,0,Whitney Liu,195,99,45,25,26,82,1,流年的话语，你是我的九分之一时光，神秘感触里的期待_
535,0,除却巫山不是云,93,41,42,16,25,5095,0,_
536,0,逆游的鱼,0,175,24,0,0,0,0,_
537,0,Mia、,276,344,67,0,0,0,0,_
538,0,我就笑了,8,54,6,1,1,101,0,_
539,0,是婧不是静🙈️🙈️,60,347,53,2,11,6147,1,🙈️🙈️🙈️🙈️_
540,0,南城,0,85,16,0,0,6605,0,_
541,0,💛薇寶儿。。🍭,2325,358,340,148,150,2850,1,我的理想就是希望我的理想不在是理想！_
542,0,-YaAMe,10,66,20,3,3,6972,0,_
543,0,火锅涮年糕,28,111,15,11,11,167,0,_
544,0,霍丹丹,4380,651,136,1331,1372,1978,1,愿你最想嫁的人也刚好最想娶你_
545,0,壮壮™🔱,28,122,27,1,1,1432,0,_
546,0,西红柿番茄苦瓜,27,71,9,12,14,0,1,人生如逆旅    我亦是行人_
547,0,Miss Ysy,62,146,254,0,0,0,0,_
548,0,你猜我是谁,295,490,56,55,55,0,1,我家有只狗子叫丁满，有只腿子叫胖子，还有只小豹子_
549,0,あ莫小↖、'斤∞丨想念、,0,20,4,0,0,988,0,_
550,0,1988818,128,457,11,2,27,1540,1,VIP互相关注呀🤝🤝🤝🤝🤝🤝🤝🤝🤝🤝🤝🤝🤝🤝🤝🤝🤝🤝🤝🤝🤝🤝_
551,0,碧卡,13,202,27,0,0,3734,0,_
552,0,_Smileヾ淡莣c,0,223,7,0,0,0,0,_
553,0,出来吧葡萄,0,92,0,0,0,124,0,_
554,0,是谁的心啊(互,1899,1369,568,150,174,1825,1,❤九零后二胎全职宝妈❤互相学习拍摄抖音❤分享生活琐事❤互粉互粉互粉_
555,0,鸡腿,0,34,0,0,0,88,0,_
556,0,クビナワ,1,192,5,0,1,1883,0,_
557,0,意中人,8950,628,2741,98,98,1948,1,一位贵州毕节威宁迤那小姐姐_
558,0,择一城终老,108,176,35,14,14,2412,0,_
559,0,DOMILLAR$,0,266,21,0,0,0,0,_
560,0,🌼花🌼想容💄,574,261,146,52,52,0,1,☁️云想衣裳🌸花想容_
561,0,巫岐,0,102,88,0,0,45923,0,_
562,0,用户695100813,0,789,19,0,0,706,0,_
563,0,阿黎吖,369,292,55,72,75,1198,1,浓淡相宜_
564,0,123 一Q遊,19,126,5,5,5,57,0,_
565,0,相见欢,0,52,4,0,0,300,0,_
566,0,诱惑的翅膀,0,35,3,0,0,37,0,_
567,0,哑铃小恶霸✨,720,85,92,26,27,261,1,不活人生 只活心情♡👩🏻‍💻mengmeng7818_
568,0,X,22,31,9,11,14,66,0,_
569,0,柒儿,20,238,46,3,3,27,1,个性_
570,0,༻淡如水༺,1,205,44,0,2,460,1,该是我的就是我的，不是我的你也不许动。_
571,0,用户2460051803624,0,10,0,0,0,35,0,_
572,0,不.染,39,97,18,5,12,521,1,不愿染是与非_
573,0,小白De孩子气,18,88,17,2,2,166,1,等风来~_
574,0,用户2188188438931,0,39,0,0,1,235,0,_
575,0,薄荷糖-vic,45,132,18,6,6,0,0,_
576,0,Z莎,50,88,102,0,0,0,0,_
577,0,三千蒻水,12,127,16,1,1,368,0,_
578,0,宝贝L*H*R,0,222,33,0,0,76,1,成全是一种爱的放手_
579,0,会吐泡泡的鱼,167,106,55,139,157,269,0,_
580,0,渽民崽崽,2,115,1,1,1,2398,1,喜:EXO，罗渽民雷：BTSEXO is 9，We are one！_
581,0,ＭｕＭｕ～a,104,82,52,0,0,0,0,_
582,0,久违了.郭小虫,8,54,10,2,3,573,1,无名之辈_
583,0,我是航仔1025,341,2265,205,23,34,12838,0,_
584,0,托翁,14,211,5,5,5,0,0,_
585,0,佩奇麻麻,567,240,96,74,77,1271,1,VX:dingbei1990_
586,0,拾 贰,111,180,34,21,22,1948,0,_
587,0,唔丽,7,240,12,3,16,13827,0,_
588,0,health,0,33,0,0,0,47,0,_
589,0,特特特特特特,0,898,38,0,0,1289,1,还有像我一样不愿意发抖音，只愿意看的人吗？哈哈哈_
590,0,余,33,86,29,0,34,248,0,_
591,0,Kiss-Amily,16,342,47,1,5,420,0,_
592,0,放飞 飞鸡,149,702,144,38,38,3376,1,吃得健康比啥都强_
593,0,皇子不语,0,202,6,0,0,471,0,_
594,0,@.Qing,108,228,81,7,10,531,0,_
595,0,段段,180,181,47,26,27,16826,1,如果在你的世界我并不比别人特别那你就放心走吧，我不难过。_
596,0,9,0,1552,4,0,0,0,0,_
597,0,无≯,0,70,1,0,0,549,0,_
598,0,启诺教育,40,127,20,66,66,229,1,启诺教育日常课程_
599,0,你猜,11,150,20,1,1,357,0,_
600,0,山有木兮♪,48,420,44,8,8,22126,1,世上再无张显宗，无人爱我岳绮罗_
601,0,WL大面筋呀~,14,98,15,1,1,1692,0,_
602,0,Eddie,35,199,55,2,6,5465,0,_
603,0,木子啊🐭,231,45,52,43,49,583,1,愿与你相遇2020年_
604,0,🔱,946,22,200,53,53,951,0,_
605,0,余泽津京唐,1,100,8,1,1,0,0,_
606,0,←_←想咋地？,168,493,116,24,25,270,0,_
607,0,Sing,48,571,113,4,5,58,0,_
608,0,用户4591659882298,0,67,1,0,0,2525,0,_
609,0,朵儿-喵🌻🌻,6,13,3,2,2,59,0,_
610,0,钱缘-888,57,130,67,4,4,977,0,_
611,0,°你猜,0,217,3,0,0,110,0,_
612,0,用户8364644502345,0,109,1,0,0,74,0,_
613,0,Lucky,31,162,13,6,7,6698,0,_
614,0,手机用户86064246961,17,52,9,3,3,123,0,_
615,0,小嘴儿,162,80,43,50,51,539,1,尽情到潇洒 寂寞到伟大_
616,0,元,142,136,39,14,16,1618,0,_
617,0,用户5759164908303,0,22,1,0,0,4352,0,_
618,0,小雪宝儿🙊,24,51,12,6,6,0,1,👀👀👀👀👀_
619,0,用户5332238153085,4,141,0,0,0,0,0,_
620,0,鱼子酱羽🌻,28,63,51,2,2,320,0,_
621,0,用户451702,1,172,4,0,0,0,0,_
622,0,半仙,12,610,44,4,4,1158,0,_
623,0,一颗小鱼,334,235,34,166,171,0,1,做个孩纸_
624,0,耶啵啊～,3,353,15,1,1,2025,0,_
625,0,盖狗nei,0,91,18,0,0,203,0,_
626,0,珊羊珊羊,52,38,15,7,11,0,1,peace and love_
627,0,苗_22997751,0,79,20,0,0,43,0,_
628,0,湛,0,447,21,0,0,4300,0,_
629,0,魔王,3,39,3,3,3,117,0,_
630,0,玛卡巴卡,4,38,13,2,2,48,0,_
631,0,梦笙（出缠花福袋）,10273,37,1282,146,146,1765,1,主攻缠花，主缠花福袋，也接单品评论问价不回，可私信xy：abc李梦真vx：a15065111265zfb可🌸呗_
632,0,辉辉,482,296,151,29,31,8777,0,_
633,0,安与然,0,14,3,0,0,436,1,当你明白了无常，你就不会张扬。_
634,0,猹的的,50,29,7,6,6,151,0,_
635,0,枝,67,49,15,53,55,161,1,交流_
636,0,逗神,7,318,86,1,6,0,1,转纠狼_
637,0,金小鱼·,62,66,77,3,4,987,0,_
638,0,喜欢一切美好。,42,40,35,4,4,66,1,佛系要赞，点不点赞你开心就好…_
639,0,佛系小柒,39,143,41,7,7,316,0,_
640,0,9015,0,30,0,0,0,0,0,_
641,0,咖啡姐姐wenwen,5,276,8,1,1,8363,0,_
642,0,抓住一只可爱凉,0,412,21,0,0,4349,0,_
643,0,别来无恙,51,61,31,0,0,3053,0,_
644,0,浅灰蓝,0,199,1,0,0,1799,0,_
645,0,绳,1,174,33,0,0,2342,0,_
646,0,阿依土鳖公主,54778,168,232,4,5,2954,1,希望你遇见一个好人_
647,0,凌若玄,0,49,33,0,0,730,1,不负青春_
648,0,晴雨星空,1,120,9,0,0,1608,0,_
649,0,心宇星,48,163,41,12,59,1407,0,_
650,0,阿萤,0,147,0,1,1,53,0,_
651,0,小luaura,26,91,24,5,5,148,0,_
652,0,Riccio,32,942,26,5,11,4924,0,_
653,0,徐超,17,1897,40,3,3,5738,0,_
654,0,醉三生,0,111,3,0,0,0,0,_
655,0,力,0,2094,40,0,0,2544,0,_
656,0,月亮姐姐,0,78,11,0,0,840,0,_
657,0,校路网～教育门户,36,970,205,9,12,2011,0,_
658,0,白晶晶,142,120,39,33,37,332,1,孟婆来碗汤，不加香葱！_
659,0,🙂Feng,73,199,35,9,10,4219,0,_
660,0,xxx,0,1284,13,0,0,13695,0,_
661,0,小太阳,37,213,20,8,8,0,0,_
662,0,ZGQ,71,302,52,15,16,3985,1,穷_
663,0,西瓜夏天,0,162,0,0,0,1802,0,_
664,0,大哥.,26,276,22,0,0,0,0,_
665,0,花儿,9,80,22,1,6,93,0,_
666,0,猫七姑娘胡同小巷,47,154,18,4,4,6629,1,一不小心撞南墙_
667,0,虞绯儿,0,156,4,0,0,408,0,_
668,0,肥,15,435,9,0,0,0,0,_
669,0,刘皮皮v!,44,44,57,1,2,770,1,狗蛋儿~_
670,0,溜溜Q,1249,152,57,93,94,8454,0,_
671,0,薛文,434,139,244,16,18,3960,0,_
672,0,很简单却,33,153,20,12,24,509,1,我想要那个女孩_
673,0,oahsi$,0,138,34,0,0,26,1,私人空间 勿扰_
674,0,宸,0,501,8,0,0,6492,0,_
675,0,kekeki🐾,129,76,28,17,19,188,0,_
676,0,六六是个小公主20180303,1296,206,96,108,114,2384,1,爱笑的六六运气总不会太差👼_
677,0,sun,0,110,25,1,1,133,0,_
678,0,玲珑💜,24,67,9,11,11,1015,0,_
679,0,you,10,246,26,1,9,1053,0,_
680,0,轰,0,68,1,0,0,209,0,_
681,0,用户1032197751589,0,15,0,0,0,91,0,_
682,0,潘_,0,102,3,0,0,467,0,_
683,0,wait,0,323,5,0,0,253,0,_
684,0,表妹最爱吃兔兔,1,53,0,1,5,891,0,_
685,0,ε乙,157,213,116,13,14,777,1,我是来搞笑的٩(๛ ˘ ³˘)۶❤_
686,0,用户9667392165599,0,1591,9,0,0,4509,0,_
687,0,ღˇ深拥她  ◡ˇ,25,74,1,2,2,243,0,_
688,0,叶得力,823,2521,115,84,84,268,0,_
689,0,王亿博,6,95,2,4,4,2257,1,酷盖粉😘_
690,0,许培生,20,519,47,1,1,213,0,_
691,0,萝卜头,80,155,90,4,9,23611,1,拼命三郎_
692,0,余生平安喜乐安康的德云家大猪蹄子,19001,364,259,17,122,13992,1,这是一场盛大而热烈，不需要回应的告白，我知道那种死寂中出现一道光的感觉，那种提心吊胆等待的日子里，突然觉得自己有了道标的感觉，我相信我的余生还很长，风景还很多，趁着好时光，我们和风一起去游荡，我喜欢你们，认真且怂，从一而终_
693,0,稀释的是糟粕♡,123,34,26,8,9,0,0,_
694,0,利利,43,251,23,6,15,0,1,双鱼座_
695,0,默¿嘫,5,50,4,0,7,305,0,_
696,0,英子,30,22,32,4,5,466,0,_
697,0,o,0,51,2,0,0,151,1,连笑都那么疲惫不堪_
698,0,Tall Poppies,57,278,5,26,26,2456,1,大学生_
699,0,素年￡,37,117,16,7,7,366,0,_
700,0,哐当的撸猫日常,134,499,41,14,14,2651,0,_
701,0,一颗小软糖,214,481,146,5,6,311,0,_
702,0,钟汉良的良粉,92,80,35,11,11,353,0,_
703,0,R,0,116,19,0,0,1363,0,_
704,0,摔扁的企鹅,0,1,0,0,0,11,0,_
705,0,好男儿自食其力站着生,507,405,151,40,266,5136,0,_
706,0,沐熙,49,201,14,66,72,2510,0,_
707,0,终于做完作业的黎黎,0,49,8,0,0,206,0,_
708,0,星河,57,1850,88,2,4,6989,1,一种情怀，一种习惯_
709,0,爱谁谁,888,385,270,40,41,1495,1,平庸也可以快乐！_
710,0,月半,30,68,31,5,5,0,1,你知道我爱你么？不知道对啊，毕竟父爱无声_
711,0,Like a person,0,383,5,0,0,4859,0,_
712,0,来自东北的外航女孩,124,282,30,14,15,552,0,_
713,0,︶ㄣR玍一世ㄜ︵,0,541,14,0,0,9065,0,_
714,0,user2067826393742,0,300,17,0,0,13809,0,_
715,0,carzy宝儿,100,773,69,34,39,929,1,我爱我家小可乐_
716,0,nanana,107,221,26,23,25,5036,1,1+1=4_
717,0,一个人,0,268,91,0,0,10179,1,往后余生，各自安好！_
718,0,骑着小白马,4,21,5,1,1,11,0,_
719,0,胖粤吖！,14,21,15,1,1,207,1,你是无意穿堂风，偏偏孤倨引山洪。_
720,0,✨,11,128,10,2,2,415,0,_
721,0,素颜^O^修行,1319,617,130,57,62,7456,0,_
722,0,柠檬不萌,2,103,39,0,5,814,0,_
723,0,么么哒妮,534,500,43,67,67,216,0,_
724,0,桐桐,89,42,18,30,30,110,0,_
725,0,厉害了啊🤘,5260,239,101,164,168,2900,1,星河滚烫，你是人间理想_
726,0,diamond,0,19,7,0,0,89,0,_
727,0,KNPCT,0,3549,82,0,0,20579,0,_
728,0,rubber,3,75,0,2,4,113,1,热爱生活。_
729,0,不是先生,11,31,51,2,2,325,0,_
730,0,い那支断水的笔,0,785,3,0,0,985,0,_
731,0,用户774571141334,0,10,0,0,0,1081,0,_
732,0,薄荷微凉ζ、,0,26,5,0,0,0,0,_
733,0,北冥有🎣,3815,175,241,1,1,0,0,_
734,0,所幸,59,369,22,13,13,5224,0,_
735,0,用户877521,0,455,1,0,0,156,0,_
736,0,诶嘿嘿,1,65,15,0,1,1111,0,_
737,0,电话费,0,3218,1,0,0,8211,0,_
738,0,简一୧⍤⃝🌸 ୧⍤⃝🍎,0,40,11,0,0,566,0,_
739,0,仰望星空,90,93,13,35,56,849,0,_
740,0,地主,91,271,34,18,18,324,0,_
741,0,睿丽,0,502,53,0,0,2091,0,_
742,0,Miss Buer,10,132,13,0,0,0,1,一个没有感情的冷库女屌丝_
743,0,什么昵称好呢,156,328,87,24,24,3014,0,_
744,0,러르다,42,333,28,0,7,11720,0,_
745,0,山人不山,60,94,17,4,4,0,0,_
746,0,「豁达」海瑟,53,54,22,11,11,223,0,_
747,0,┈┾梦醒了你走了℡,22,109,3,0,0,237,0,_
748,0,白又白,294,78,8,29,29,120,0,_
749,0,小靳同学,1956,450,72,77,82,1814,1,邓林之阴初见昆仑君，惊鸿一瞥，乱我心曲。巍笔。喜欢剪辑手机摄影_
750,0,武肥肥,137,125,144,9,10,547,1,+ 。_
751,0,齐梦💫,113,155,128,6,6,578,0,_
752,0,我爱虎妞妞,116,106,55,23,23,226,1,日常会逗逼，生活中会养生的一个妹纸_
753,0,Give me five,31,262,24,1,1,88,1,"Give me five ,give you all_"
754,0,咘咘咘,0,24,2,0,0,0,0,_
755,0,爱吃鱼的刘瘦子,248,256,38,28,29,395,1,疯疯癫癫•可可爱爱日常吐槽•记录生活_
756,0,lonely,72,825,133,3,3,2139,0,_
757,0,以我之名,0,65,2,0,0,33,0,_
758,0,A@w@a@y,10,181,0,4,10,465,1,nothing comes from nothing_
759,0,有火锅吗,66,77,22,14,14,348,0,_
