0,0,立夏,138,1390,89,7,7,9667,1,给好运一点时间_
1,0,嗯。。。,107,207,34,30,30,0,0,_
2,0,紫薯不甜,0,276,29,0,0,13630,1,看到靓仔请艾特我求求了|•'-'•)و✧_
3,0,🔆,21,369,30,7,8,41,0,_
4,0,仓baby,282,767,107,39,39,3264,0,_
5,0,Ying_,0,70,0,0,0,61,0,_
6,0,Marlian,57,210,25,8,8,4551,0,_
7,0,我叫、鼠钱钱！,2114,726,672,59,61,1669,1,记录自己的美好生活_
8,0,啊,5,3326,20,1,2,26597,0,_
9,0,无敌幸运心✨,2678,79,137,24,26,527,1,慢慢来吧 慢慢约会吧 总有一天双下巴和脖子会相遇的🧸_
10,0,往昔seventeen,0,30,8,0,0,2082,0,_
11,0,金帛水吉,14002,92,3373,32,32,89,1,这里介绍不了我_
12,0,小汤圆嘻嘻嘻,0,24,1,0,0,15,0,_
13,0,Meniscus🌙,4,1998,20,0,15,34549,0,_
14,0,ポ森♡柚ガ,0,1967,8,0,0,1554,0,_
15,0,巧克力酥层,7,209,30,1,1,2420,1,nonono_
16,0,用户1968155594895,0,205,1,0,0,757,0,_
17,0,伏北萝,0,209,10,0,0,0,0,_
18,0,NTK7,0,320,0,0,0,0,0,_
19,0,肥雯,0,208,62,0,0,0,0,_
20,0,吳,14,33,9,3,3,25,1,-_
21,0,楠暮初,0,1360,2,0,0,200,0,_
22,0,多加珍珠,11,48,30,0,0,851,0,_
23,0,囍,0,856,4,0,0,0,0,_
24,0,舒予,6441,779,1246,116,122,5539,0,_
25,0,玛卡巴卡,4,1241,3,0,0,0,0,_
26,0,陈甜甜,58886,2358,428,24,24,0,1,我们的日常_
27,0,蜕变,0,173,13,2,2,43,1,可萌可甜可爱_
28,0,小FuiFui,4,114,4,2,2,236,0,_
29,0,公主烦,0,7,10,0,0,2908,0,_
30,0,以为自己是海豚的小鲸鱼🐳,0,416,26,1,1,0,0,_
31,0,小李子嗎.,3,3980,35,2,2,6047,0,_
32,0,丨丨22,11,32,4,10,10,209,0,_
33,0,小魚,0,33,1,0,0,0,0,_
34,0,李,122,2342,97,6,6,1119,1,wdw_
35,0,🍓,3,14,29,1,1,234,0,_
36,0,旁欠菌哇,5449,1333,627,41,41,2440,1,(´⌣`ʃƪ)恭喜发财_
37,0,珠珠～,6437,3624,954,596,947,11913,1,诋毁你的人只有两种人，不如你的女人和得不到你的男人_
38,0,江宸,0,226,1,0,0,1059,1,我男朋友在外面是超A的大灰狼，回到家就是超粘人的小奶狗，他超级帅，声音又好听，又有钱，打游戏又厉害，唯一不足的就是他是路痴，现在都还没有找到我🌝_
39,0,快到碗里来133328051,14,346,31,2,2,438,0,_
40,0,清描淡写的《誓言》,10,270,15,3,3,1867,0,_
41,0,拼命姑娘,1,2612,20,1,1,1229,1,温柔只给意中人_
42,0,陈翠翠,5739,2755,1352,43,45,60038,1,湖北武汉市_
43,0,爱与恨,409,1158,64,79,79,2377,1,如果你懂我就不会为难我_
44,0,小小只,56,174,79,8,8,986,0,_
45,0,AI LINNE笨,268,18,61,9,11,0,1,微笑的👀才能看见美丽的风景_
46,0,Ｔ－Ｙ,66,423,151,5,31,3932,1,有些伤痛永远无法愈合。 有些话刻在心里，铭记于心，只有自己懂。  只想说。一辈子始终是自己走，无怨无悔  🦻_
47,0,辽阳姑娘,388,720,72,58,59,1362,0,_
48,0,大哥养的猪.,51,5,19,5,5,26,1,解不开的心结就系成蝴蝶结吧~_
49,0,毛,0,415,3,0,0,1,0,_
50,0,小姐姐❤️,255,2749,57,96,98,5905,0,_
51,0,懿,10490,2418,165,23,23,0,1,🍑我遇到过的所有人里，最喜欢你啦✨_
52,0,初夏有点菜m,74,149,12,12,12,310,0,_
53,0,杨聪明🌟,313,158,76,17,17,333,0,_
54,0,猫儿,34,758,11,4,33,4838,0,_
55,0,人间地狱,130,77,10,7,7,148,0,_
56,0,苏苏,5843,1243,729,184,186,0,1,想你了我固执的想念一个不可能的人………_
57,0,隔壁小孩,96,39,71,8,14,0,1,遇见你   真好_
58,0,💐gulibanum,122,932,311,18,18,3280,0,_
59,0,小熊维你,20,599,5,0,0,0,0,_
60,0,hsk老婆,0,1270,2,0,0,3693,0,_
61,0,月子兔饼,0,303,11,0,0,533,0,_
62,0,咩咩  あまい,69,347,32,6,14,3145,0,_
63,0,Lllsh,0,214,19,0,0,112,1,知世故而不世故善自嘲而不嘲人_
64,0,_铭梓呀_🍒,450,177,151,105,105,0,1,vb同名_
65,0,lemon檬,314,59,134,25,25,44,1,记录美好生活💕💕_
66,0,静娴,139,104,31,25,25,142,0,_
67,0,不喝奶茶会睡不着,0,143,0,0,0,373,0,_
68,0,。。。,78,209,45,28,35,1114,0,_
69,0,༺嘴角上扬༻,24,26,2,0,0,0,0,_
70,0,月亮醒了嗎,418,1438,59,0,0,0,0,_
71,0,🍃,5,918,14,0,0,9203,0,_
72,0,curry30欣,0,1934,23,0,0,0,0,_
73,0,^懒笨馋凶矮胖圆,0,46,15,0,0,270,0,_
74,0,huihui-👑,182,57,51,17,17,518,1,请记住我的好，或者记住我就好😊_
75,0,单身狗。,41,69,6,32,32,192,0,_
76,0,二十六的六。🌻,44,60,15,9,9,68,1,简简单单_
77,0,张嫣的店,155,138,53,48,48,267,1,☻实体店主☻_
78,0,T❥木子,0,145,5,2,2,368,1,希望余生两不辜负💋 但愿来世再无相欠👣_
79,0,尤里卡,26,1001,36,4,4,402,0,_
80,0,陈思的号,7,65,2,2,2,79,0,_
81,0,女王范儿s,1167,719,110,118,119,6949,1,生活不易_
82,0,👉娟妹小仙女❣️,87,39,1153,3,3,46,1,🙈感谢你这么好看还关注我！🙈养号a2438640571❣️每天更新💞有你们想要的穿衣搭配，私信我❣️_
83,0,👑爱穿搭的娟妹❣️,48,37,101,10,10,48,1,❣️你们想要的在这里🖕🖕🖕❣️每天更新潮流穿搭🌹_
84,0,Evonne 🎀,16,240,3,0,0,0,0,_
85,0,羊羊real,0,1544,5,0,0,4455,1,山脚寒兽_
86,0,非吴婶儿,300,95,79,33,33,334,0,_
87,0,阿喵,1,1299,16,0,0,0,0,_
88,0,樱桃小芋头🍒,0,728,17,0,0,1777,0,_
89,0,Harmony,0,79,4,0,0,2359,0,_
90,0,💕Miss臻💕,838,710,93,169,170,1358,0,_
91,0,已重置,0,283,5,0,0,1546,0,_
92,0,筱妖精,11,1564,22,3,3,11348,0,_
93,0,给你吃糖吖,10,103,51,1,1,676,0,_
94,0,南川,0,456,19,0,0,7399,0,_
95,0,归来,0,28,6,0,0,60,0,_
96,0,栗子梨,50,252,22,1,1,411,0,_
97,0,小八.,0,280,2,0,0,0,0,_
98,0,哈哈哈哈😄,5,999,31,0,5,5662,0,_
99,0,四两拨千斤,0,79,24,0,0,4759,0,_
100,0,伊美粥店,23,272,17,2,2,273,0,_
101,0,୯红与白」😇,1080,15,39,835,836,0,1,想做你的二锅头，又剩又二又上头😉_
102,0,🌹歆文妈:攀攀🌹,1586,2250,1130,17,21,0,1,🌵一个在武汉奋斗的随州单身妈妈！🥰分享生活，共同学习！🌴共同成长！❤️感恩遇见！😘感谢那么优秀的你关注平凡的我！_
103,0,👑样姐铁骑❤️呵❤️,25,75,33,2,2,115,0,_
104,0,Annie,10,1254,29,1,1,0,0,_
105,0,Wh,670,353,103,13,13,268,0,_
106,0,蛐蛐.,4443,16,592,0,0,0,0,_
107,0,流明,0,57,6,0,0,3104,0,_
108,0,爱吃草莓的小仙女🍓🍓,1,1421,37,1,1,3093,0,_
109,0,金橙五,3,186,6,0,0,1565,0,_
110,0,！,0,161,32,0,0,235,1,崽:PHHBUO_
111,0,为了一口甜儿,149,196,37,23,23,3280,1,迪士尼在逃秃头公主_
112,0,薇薇～,278,28,43,9,10,138,0,_
113,0,念左偏右,214,1644,61,35,37,10573,1,做到你想做到的 加油(ง •̀_•́)ง_
114,0,小可爱的妈妈👩🏻,68,1286,45,9,24,20581,1,开心快乐每一天😄_
115,0,♪,0,6,1,0,0,6,0,_
116,0,华灯初上、旧人可安。,232,5001,320,14,15,0,1,华灯初上、旧人可安。_
117,0,^O^,2,193,23,1,1,434,0,_
118,0,鲸落,68,88,98,7,9,17522,1,爱过狗吗 会说话的那种_
119,0,十二,39,1180,43,4,44,25343,0,_
120,0,嗤嗤,3,21,28,1,1,40,1,V💜＋2043919369_
121,0,酥糖,9,910,8,0,0,0,0,_
122,0,小葱炒鸡蛋.,11,3352,37,1,5,36987,1,何以窥不破，何以辜负卿。_
123,0,阿君,104,403,52,11,11,776,0,_
124,0,马小糖2,13,553,68,4,4,4014,0,_
125,0,豆豆,157,402,42,13,13,91,0,_
126,0,🌧️,482,2342,36,0,0,0,0,_
127,0,『Flowers 繁花』,0,624,21,0,0,3151,1,扣扣：3512987277_
128,0,，A,25,29,28,4,5,78,0,_
129,0,鄙人李草根.,0,1237,40,0,0,10332,1,你好，我是李草根。众所周知，我是一个天才，啧，有点自恋好了，就这样👏🎉_
130,0,山河,60,385,42,6,7,3919,0,_
131,0,ZHANG,13,203,8,3,3,285,0,_
132,0,嗷呜嗷呜小辛巴,170,576,62,50,51,30593,1,狗子有了 其他都不会远了_
133,0,我是菲菲,517,968,232,0,0,0,0,_
134,0,雪儿mimila,188,208,63,16,16,5942,0,_
135,0,沐澄,11,1273,36,2,2,0,0,_
136,0,进击的蟹🐵,0,1066,13,0,0,7216,0,_
137,0,ll,0,30,15,0,1,1617,0,_
138,0,海星星⭐️,4176,96,1279,15,15,401,1,一个热爱弹琴和唱歌🎤的重庆妹仔就读于SICNU音乐学院🎹钢琴老师/线上/同城教学🎼_
139,0,Panii,52,347,21,7,7,0,1,🇨🇳SH-SYD🇦🇺_
140,0,Sivan.,64,541,28,3,3,2864,0,_
141,0,sir🌞,0,483,9,0,0,836,0,_
142,0,软软.,16,241,92,2,2,124168,1,可爱的人要放在心里_
143,0,哒哒哒～,17,89,5,20,20,133,1,不喜欢可以拉黑掉，不要做屏幕后的键盘侠_
144,0,ε槑*,0,1800,16,0,0,3091,0,_
145,0,谎言者.,86,21,41,1,1,44,1,承蒙厚爱._
146,0,悸,0,42,13,0,0,2879,0,_
147,0,有趣极了,9,127,27,1,1,11560,0,_
148,0,为止,0,54,2,0,0,35,0,_
149,0,yyyy.,8,182,11,1,1,373,0,_
150,0,王不再,13,434,34,0,0,0,0,_
151,0,这颗西柚子,75,167,55,7,7,1721,1,高但不冷_
152,0,💫,33,172,15,5,5,3782,1,🧝🏻_
153,0,yellow土土⛵️,17,149,15,1,1,44,0,_
154,0,-草莓小臭臭🍓、,21,10,56,9,9,10,1,. 。永远像初识般热衷于我ソ_
155,0,故人剪烛西窗雨,0,911,36,0,0,7247,0,_
156,0,Lola,64,470,27,8,8,1302,0,_
157,0,深爱如溺水,62,387,30,9,9,589,0,_
158,0,✨阿珂,329,119,59,0,0,0,0,_
159,0,打小就傲,280,188,160,13,15,281,0,_
160,0,爱吃桃子的小仙女,201,266,25,0,0,0,0,_
161,0,丁🔔,84,165,29,11,12,4114,0,_
162,0,喵小鱼,11,130,12,1,1,155,0,_
163,0,摄影师史龙斌,223486,443,5717,81,90,145,1,每周二四六晚直播分享#手机摄影知识# 📱手机摄影教程  💻 手机修图教程如果你能将我的视频看完并且真的愿意一点点去学习的话手机拍大片很简单❤️点赞❤️ 关注我🙏🙏🙏需要拍摄📷V➕photo1988zs                   🧣 摄影师史龙斌_
164,0,冲上云霄,2,206,14,0,0,0,0,_
165,0,小太阳☀,12,419,5,6,6,91,1,开开心心的_
166,0,脾气巨差:,0,438,3,0,0,0,1,早餐店不会开到晚上 想吃的人早就来了_
167,0,噗噗爹,41,1302,71,2,2,4237,0,_
168,0,一个舒子,345,22,57,16,16,150,0,_
169,0,唔六月,0,489,14,0,0,6110,0,_
170,0,特别,29,106,24,1,1,1107,1,理想三旬    清风三里_
171,0,Yi..,0,3,7,1,1,0,1,每天进步一点点🧡_
172,0,紫薯713,16,227,27,0,0,0,0,_
173,0,十一,447,27,60,10,10,2378,1,祝这世界继续热闹，祝我仍然是我。_
174,0,"Yu C,Geng",36,394,23,8,8,1237,0,_
175,0,四四,5,42,12,1,1,74,0,_
176,0,脾气好到爆炸,0,1200,39,0,0,2364,0,_
177,0,LH7,0,429,15,0,0,7066,0,_
178,0,寒意,6,227,6,3,3,1003,0,_
179,0,(๑• . •๑),0,394,33,0,0,5161,0,_
180,0,天棒~,1,506,4,0,0,0,1,关注我，你每一天都很棒！_
181,0,董小姐的汉堡包,134,157,52,12,12,1333,0,_
182,0,喜烊烊,1,411,8,1,1,4697,0,_
183,0,夏天的冰淇淋🍦,663,168,202,16,16,0,0,_
184,0,赫本J,0,385,0,0,0,0,0,_
185,0,oom ⡱,210,169,43,10,10,4886,1,九十六中学_
186,0,我有一只小卢比,207,61,58,32,32,281,1,希望自己过得好_
187,0,还是一吱熊🍒,0,1015,23,0,0,0,1,EXO-L_
188,0,蓓蓓,54,1288,146,4,4,64,1,一生只爱一个人_
189,0,卑微小馨,0,439,38,0,0,13335,0,_
190,0,沐一,83,112,28,14,14,258,0,_
191,0,塚本祭野-,80,951,35,11,19,9529,1,这世间的浪漫与宠溺 记得留予母亲一份。_
192,0,暖暖mo522q53,139,97,62,8,8,281,0,_
193,0,糯米酱,39,84,11,25,25,207,0,_
194,0,冬藏微寒,0,277,1,0,0,0,0,_
195,0,夹克衫-,1026,82,54,3,3,559,1,人类的悲欢并不相通_
196,0,用户831555,1,271,13,0,1,15229,0,_
197,0,可乐🎐,1,770,13,3,3,2769,0,_
198,0,念,6,102,14,0,0,0,0,_
199,0,今天是个好天气,4,389,13,0,0,0,0,_
200,0,Fighting,0,87,43,0,0,234,0,_
201,0,醉勋勋的样子,0,27,5,0,1,0,0,_
202,0,南风哟,51,1290,84,29,29,171,0,_
203,0,辰辰,269,231,47,86,86,2906,0,_
204,0,H  ji@xin.,0,733,3,0,0,0,0,_
205,0,潮汐,1380,851,307,139,140,1701,1,以最初的❤️走最远的路！_
206,0,乔巴的刺身,4,181,16,0,0,0,0,_
207,0,🦥随时准备减,206,75,30,63,63,0,0,_
208,0,pooh.小石榴_57💗,11753,2207,564,49,51,0,1,虞书欣加油，你是主角，必胜！柚子要继续努力，但也别太拼Lisa你在BLACKPINK要好好的，期待六月的回归耶(σ≧∀≦)σ_
209,0,🌹Because  of……,5,84,27,1,1,171,0,_
210,0,阿团,2739,127,281,13,13,74,0,_
211,0,教体育的健美操选手,3108,109,55,0,0,0,0,_
212,0,張張今天很可爱。,0,156,9,0,0,0,0,_
213,0,拉布拉多,6,1583,25,1,2,9292,1,魅族超级粉丝。_
214,0,虛幻的泡影    ,64,1316,26,0,0,0,0,_
215,0,👻 ireneiiii,441,383,52,94,104,797,0,_
216,0,霸霸,0,624,15,0,0,84,0,_
217,0,妮妮妮、,215,128,90,16,19,624,1,幸与不幸都有尽头……！_
218,0,阿倪藕,1,178,5,0,1,33,0,_
219,0,小学学@学姐,244,518,115,66,114,1361,1,《怪物》潮品女装！微信号：xiaoxue-19871015_
220,0,kanoeven,53,496,26,12,12,6232,1,命中注定要遇到的人山海皆可平注定错过的转角之距也擦肩而过🌌_
221,0,琦怪💛,0,470,19,0,0,4313,0,_
222,0,拾九,2,11,1,2,2,28,1,@_
223,0,vip宋逗逗,257,171,78,79,79,1081,1,守住心中的景才是最美，拥有不变的情才是最真。_
224,0,BAWEIʕ̯•͡˔•̯᷅ʔ ᐝ🧸,628,319,59,32,32,10090,1,03的！！💛：cbl691177🐧：1518224206_
225,0,依依L,322,132,59,62,62,413,1,一个只想旋转的木马_
226,0,棒棒娟🍒,844,272,87,164,166,0,1,我写个~_
227,0,声声不上单😏,65,1723,20,12,12,53540,1,记录一下生活日常啦_
228,0,namyuu,105,47,14,7,7,664,0,_
229,0,流柒,3,1184,7,1,1,156,0,_
230,0,一只花卷卷❀,5,27,3,5,5,379,1,家里有3只猫咪猫爸爸：太郎（奶牛）猫妈妈：妹妹（梨花）猫宝宝：憨憨（橘猫）_
231,0,依依11,4,64,2,0,0,37,1,记录生活的点滴，加油年轻人✊。_
232,0,你的可爱♡,3,4,7,0,0,0,0,_
233,0,Hoooo-,0,665,4,0,0,7248,0,_
234,0,要可爱,627,56,88,13,13,0,1,谁还不是一个小仙女🧚‍♀️啦❕_
235,0,yoyo麻💓,0,110,11,0,0,0,0,_
236,0,糖大璐,0,272,59,0,0,625,0,_
237,0,루하,0,247,7,0,0,0,0,_
238,0,老头,0,2,3,0,0,0,0,_
239,0,AceCool,0,177,13,0,0,0,0,_
240,0,Sunrise*,112,38,13,0,23,0,1,李赫宰……啊……啊啊啊啊_
241,0,一个俗不可赖的小女人,0,427,110,0,0,6442,0,_
242,0,伍佰柒拾玖,0,15,4,0,0,244,0,_
243,0,橘络,400,294,18,9,9,354,0,_
244,0,YY,454,86,83,37,37,732,1,快乐幸福_
245,0,t.,0,1303,14,0,0,0,0,_
246,0,X,46,453,55,0,0,0,0,_
247,0,张胖胖～,1,81,8,1,1,10,1,。_
248,0,一只乖欧,51,428,29,13,14,0,1,everything will get better_
249,0,用户3383187302920,0,274,3,0,0,0,0,_
250,0,欢喜.,37,843,51,4,4,3514,1,QQ 2040934713_
251,0,Shellyxxx,985,220,69,0,0,0,0,_
252,0,璇璇睡醒了嘛,0,3305,22,0,0,0,0,_
253,0,遇见,724,168,46,85,85,563,0,_
254,0,猫猫大人,64,1789,65,9,17,4235,1,我最希望的是你会看到我_
255,0,大大 ~小🍃,0,727,1558,0,0,999,1,无敌天边一朵云_
256,0,梦到痛深处,0,2630,35,0,0,9947,0,_
257,0,ೄ༺晨🦄曦꧂༻,90,647,43,42,108,167,0,_
258,0,见海.,0,90,14,0,0,391,1,廉价._
259,0,幸福美满一家🌹🌹🎉🎉🎉,1488,227,121,165,167,5122,1,我行我素_
260,0,了无余一,4,11,4,2,2,6,1,人每七年会成为另一个自己_
261,0,AN,58,27,35,9,9,229,1,祝你和你喜欢的一切在一起_
262,0,猴哥猴哥🐒,14,162,7,7,7,2855,0,_
263,0,yvone_chang_,35,53,22,0,0,3,1,关注我喜欢滴人儿呀～_
264,0,YOUWO.,5,208,27,0,1,321,1,在寻找梦想的路上一路顺风._
265,0,七七啊,81,51,38,0,0,0,1,我是七七，你是谁？_
266,0,喝奶茶叫我,0,46,10,0,0,0,0,_
267,0,ZERO-小九,0,2566,37,0,0,13155,1,脾气好性子傲   吊儿郎当又爱笑🍰_
268,0,我就该是个宝贝,0,254,6,0,0,0,0,_
269,0,赞家居体验馆,45,4591,144,1,87,4276,0,_
270,0,茶茶呢,0,237,7,0,0,70,0,_
271,0,@笨小孩,87,626,30,8,9,35165,0,_
272,0,啊Markson,0,41,5,0,0,148,0,_
273,0,彤彤,47,165,53,7,7,648,0,_
274,0,妩 媚 ~*’☆,0,162,78,0,0,19556,0,_
275,0,可乐,41,1215,59,4,4,253,0,_
276,0,小皮王🤔,594,8,238,8,11,0,1,我跑啊跑啊跑 ོོོ 就是为了追上那个曾经被赋予众望的自己。_
277,0,点锅锅,1033,1345,785,24,25,7556,1,活在当下……一个不甘平凡的，平凡人！只要认为是对的就去做，坚持去做，不要在乎别人的看法，哪怕是错，至少你有去做过证明曾经你努力过！加油！加油！加油！_
278,0,YEW的小号,5,36,1,4,4,0,1,找不到我找不到我找不到我我就是想放飞一下下_
279,0,斯里兰卡的玫瑰🌹,15,285,6,12,13,420,1,瘦花语全国联创沈阳（奉天祥瘦）_
280,0,鯨落_🐋,1366,84,149,78,78,620,1,开心就好_
281,0,枝枝zhi～,2,1,2,2,2,0,0,_
282,0,不开心就起来嗨🔆,0,34,60,0,0,4570,0,_
283,0,妖儿..💝,2,580,53,1,1,8436,0,_
284,0,Strawberries🍓,0,38,1,0,0,17,0,_
285,0,柔软的心,0,146,39,0,0,184,0,_
286,0,Dark.,0,365,9,0,0,10603,0,_
287,0,潘两米,0,535,24,0,0,15994,1,愿你年少有为，也懂得珍贵_
288,0,♡尖上的小姐姐,403,179,99,38,39,0,1,爱好：美食 🎡_
289,0,南,0,1523,8,0,0,0,0,_
290,0,J～婷婷～👑,73,189,17,10,10,195,1,🍃冷暖自知，好好爱自己❤️_
291,0,小雯吐泡泡o,0,1448,57,0,0,28407,1,答应自己 一定要快乐_
292,0,用户3496608282112,1,89,2,1,1,7,0,_
293,0,煊宣萱瑄,267,1196,78,18,77,0,1,愿以渺小启程，以伟大结束 热爱医学、选择医学并坚持于守护医学、献身医学！爱弹古筝的普通临床医学生👩‍🎓_
294,0,清澈如初,3,249,8,0,0,0,0,_
295,0,小小小小敏,30,148,36,4,6,288,0,_
296,0,º khuntoria,0,1667,28,0,3,6742,0,_
297,0,Faiy．晟,0,52,1,0,0,92,0,_
298,0,稚甜很差劲”,17,332,16,3,3,3050,1,爱我所爱   忠于初心_
299,0,WANG_ZHU,24,98,12,5,6,93,0,_
300,0,飞鱼阿努,0,41,3,0,0,164,0,_
301,0,特别的人.,22,242,21,1,13,0,1,你应该大胆一点 反正只活一次_
302,0,梓萱,1277,258,101,65,65,0,0,_
303,0,Zzz,13,291,31,2,2,145,0,_
304,0,柠檬很酸。,0,65,0,0,0,190,0,_
305,0,Gabriel,0,140,8,0,0,5454,1,哎_
306,0,林星辰,0,104,1,0,0,460,0,_
307,0,@L，,0,617,32,0,0,38015,1,辞玖_
308,0,缪斯,0,97,45,0,0,4464,0,_
309,0,😶,0,245,4,0,0,1747,0,_
310,0,佳妮,11822,501,1275,73,73,20066,0,_
311,0,灵王匙,0,97,23,0,0,209,0,_
312,0,康康,373,1400,89,20,20,10189,1,你爱的是我  还是我的长相？_
313,0,行走的BOX,8,4768,29,0,0,0,1,行走中一切美好的事物都是我记录的动力@😊_
314,0,柚子 潮童馆🌴,464,311,346,15,15,380,1,🌴柚子潮童馆主营1～8岁童装Wx15517947125❤❤❤❤❤❤❤❤❤❤❤❤❤_
315,0,坚果是个短腿姑娘,19,357,15,0,0,0,0,_
316,0,阳光雨露,0,4904,8,0,0,5459,0,_
317,0,白雅  💕coco💗,10,4398,120,1,2,21169,1,我的粉丝无_
318,0,矢志不渝。 💋,134,39,19,17,17,0,0,_
319,0,用户3959331486901,46,114,23,4,4,210,0,_
320,0,.,0,505,29,0,0,0,0,_
321,0,丹,0,14,5,0,0,139,0,_
322,0,阿妤🍒,545,237,47,3,3,3895,0,_
323,0,那句晚安你听了嗎,8,848,19,1,1,3745,1,QQ：2646530039_
324,0,烟火散落的尘埃,3,252,7,11,11,296,0,_
325,0,🌸,0,6,0,0,0,4,0,_
326,0,胡了,46,103,1,2,2,0,1,愿你的冬天永远不缺暖阳_
327,0,Gérard Darmon,12,26,9,1,1,338,1,忘记了停止爱你 但没有忘记想你意思是从未停止爱你并一直想恋着你_
328,0, 阿怪.,0,48,16,0,0,184,0,_
329,0,苏格拉,1,102,7,1,1,6868,0,_
330,0,李拜天,3162,115,607,72,72,47,1,治愈我_
331,0,于好运🍉,0,1443,7,0,0,0,0,_
332,0,温玖ꦿ໊ོﻬ,5,247,27,1,1,2836,1,绵绵思远道_
333,0,十四,0,332,36,0,0,0,0,_
334,0,不可爱😗,22,4457,34,5,7,13179,0,_
335,0,☾✩,0,102,1,0,0,191,0,_
336,0,瞌睡虫,1203,765,244,94,95,1134,1,关心自己更关爱别人_
337,0,是你的大梦吖,556,238,78,17,18,1534,1,江湖路远 同去同归大梦VX：857944754_
338,0,yoyo🍒🍒吴🌈,113,151,33,27,28,1672,0,_
339,0,Ayilo,0,540,12,0,0,0,0,_
340,0,九ོུ࿔月ོུ♡,0,283,5,0,0,457,0,_
341,0,①人发呆、谁懂,0,59,7,0,0,110,0,_
342,0,葵花籽,140,19,54,21,21,22,0,_
343,0,Duan笑👀,13,46,10,2,2,112,0,_
344,0,Baby_qin,0,24,0,0,0,0,0,_
345,0,玲敏林,0,49,2,0,0,507,0,_
346,0,绝对小姿,0,40,3,0,0,58,0,_
347,0,玄七,0,94,18,0,0,12448,1,……_
348,0,中国女孩👧,494,679,88,0,0,12241,1,🙈🙈🙈_
349,0,永恒,0,2190,24,0,0,4203,0,_
350,0,不是沙雕,3,951,5,3,3,1814,1,不沙雕的沙雕不是沙雕_
351,0,网友小兮,0,4471,157,0,0,73939,1,淦!  !  !_
352,0,Σ就是爱搞怪~~=3,0,403,3,0,2,333,0,_
353,0,绿猴儿🐵🙈🙉,83,105,22,21,21,0,0,_
354,0,Sorgooo-,4363,159,46,21,29,4445,1,Be Bold._
355,0,小宇.,0,131,4,0,0,899,0,_
356,0,我怎么这么可爱？,16,456,99,1,1,66627,0,_
357,0,夕茜梦,0,634,3,0,0,229,0,_
358,0,颠沛…柳眉,0,13,2,0,0,11,0,_
359,0,十五,90,201,101,12,13,814,0,_
360,0,用户8405743698174,0,364,2,0,0,546,0,_
361,0,桃花。,314,38,30,70,70,110,0,_
362,0,青玉案,0,54,4,0,0,256,0,_
363,0,好的白菜🥬,54,73,42,3,3,17,1,被一只瘦的猪拱了.:关注我吧 以后会直播的_
364,0,嫣然 回眸3,26,3697,69,6,8,19409,0,_
365,0,肆,0,479,5,0,0,3692,0,_
366,0,_,76,483,32,0,0,0,0,_
367,0,谷雨,0,30,2,0,0,43,0,_
368,0,Catfan,200,304,101,32,32,5210,0,_
369,0,三月呀🤘🏻,0,27,14,0,0,3,1,一切都是最好的安排_
370,0,👯👯👯,69,689,43,11,11,37709,0,_
371,0,廿二,51,534,15,9,10,0,1,175南禹竹_
372,0,Disney在逃公主,174,704,23,37,42,0,0,_
373,0,乔素凡,21,107,44,1,2,476,0,_
374,0,三金爸爸,253,471,89,0,0,0,0,_
375,0,CHenLiHUa*,15,56,24,4,4,697,0,_
376,0,努力努力再努力的兴迷,29,1703,50,7,7,2521,0,_
377,0,沫兮,36,21,14,11,11,67,0,_
378,0,大眼宝宝,8,1023,10,0,0,0,0,_
379,0,假笑少女Reina😈,7,244,32,0,0,0,0,_
380,0,博思,3790,427,545,0,0,0,0,_
381,0,贝贝.,62,963,32,2,2,18477,0,_
382,0,磨人的小妖精🧝♀️,189,240,450,8,8,2866,0,_
383,0,带刺的玫瑰。,478,1841,64,48,48,970,0,_
384,0,一碗冰草莓,0,196,1,0,0,1001,0,_
385,0,杨小懒猪🐷,0,166,37,0,0,0,0,_
386,0,小娜宝儿,0,1424,40,0,0,1097,0,_
387,0,Mia,0,64,3,0,0,0,0,_
388,0,可盈哒可爱嘛,111,199,16,0,0,0,0,_
389,0,酱油腌萝卜,85,74,31,21,21,327,0,_
390,0,茉,0,120,15,0,0,54,0,_
391,0,用户460578804,0,76,0,0,0,632,0,_
392,0,Amireux,0,77,0,0,0,0,0,_
393,0,@zz  💋,4,160,34,0,0,0,0,_
394,0,🤍我也就1米高,0,218,1,0,0,3821,0,_
395,0,一条咸鱼,0,170,5,0,0,214,0,_
396,0,MLM,52,1972,23,18,18,19324,1,呵呵_
397,0,憧憬 💕,298,489,102,40,41,2965,1,幸福永相伴！_
398,0,胡宝,11504,171,171,0,0,0,0,_
399,0,你的可爱女友o 🦋,1521,309,233,8,8,0,1,永远有人更好  眼下便是最好💕_
400,0,☃☃🦋🦋,2,47,10,0,0,0,0,_
401,0,😈,17,25,20,2,2,460,1,哦_
402,0,用户2892092718274,0,263,2,0,0,0,0,_
403,0,用户7414427824616,0,74,4,0,0,18,0,_
404,0,忆,69,483,82,7,9,606,0,_
405,0,迢迢,10,63,20,5,5,0,1,叭叭叭哔哔哔哄哄哄_
406,0,小耳朵👂,0,13,5,0,0,15,0,_
407,0,慧大大👻,64,506,22,14,14,398,0,_
408,0,李可爱-,280,370,48,24,25,36517,1,是特别特别普通但侥幸拥有一丝丝幸运的人🍖_
409,0,。。。。。。,0,12,12,0,0,2279,0,_
410,0,CassieY,347,247,27,253,297,0,1,有了仪式，生活就有了期待_
411,0,酝綇,0,33,2,0,0,42,0,_
412,0,董洛嘉,84,109,26,0,0,0,0,_
413,0,jgsjgcmvxkg,0,835,43,0,0,2336,0,_
414,0,A。章鱼小丸子、,0,60,12,0,0,33,0,_
415,0,王小娜仔～,4634,190,1084,33,36,0,1,一直行走在努力路上的。_
416,0,樱奈超甜鸭,0,676,10,0,0,7798,1,我超甜呐～(●°u°●) 」_
417,0,焦娇_Hilary,341,58,34,54,69,392,1,大耳朵柯基多多的姐姐👧_
418,0,玖悦的小宝贝,0,3265,16,0,0,5177,0,_
419,0,关机待重启😷,0,56,1,0,0,8,0,_
420,0,云深不知处,0,55,20,0,0,382,0,_
421,0,佩佩💯,2545,418,190,61,62,0,1,摩羯座爱好：唱歌性格：时而高冷时而外向♥︎微信：cx66816_
422,0,Freedom Of life,91,936,39,4,5,21628,1,远方和梦想🚥_
423,0,烦,26,1316,16,1,1,0,0,_
424,0,素颜如水,10,175,63,1,1,36,0,_
425,0,不羁爱自由,0,185,23,0,0,0,0,_
426,0,琪琪玥玥,4,259,42,0,0,0,1,宝宝快乐成长_
427,0,ButterBzyy,122107,2227,304,25,221,0,1,V➕cheese5333_
428,0,小芸姐️。 。,167,207,80,20,20,5954,1,不会打鼓的会计不是一个好歌手🎙️🥁_
429,0,姜快乐,506,214,95,32,32,1330,1,愿被这世界温柔以待_
430,0,是吕嘚嘚鸭！,338,150,49,37,37,0,1,没什么大愿望，只想做自己喜欢的事情就好_
431,0,桃子呀🍑,69,236,49,3,3,2723,0,_
432,0,蓝桉.,0,98,15,0,0,0,0,_
433,0,pingguo,0,1978,62,0,0,122831,1,加油↖(^ω^)↗活出自己想要的生活！_
434,0,l👑暗黑女王,132,885,16,0,0,0,0,_
435,0,🐟🐟🐟,7,309,56,0,0,0,0,_
436,0,笑里藏刀,2,172,22,0,0,0,0,_
437,0,我叫乙末为,0,156,10,0,0,2690,1,听说过能看见龙门的金鱼吗？当废物正在努力挣扎的时候，看到它身上的闪光✨了吗。。。。_
438,0,*Leven R*,18,132,24,5,5,327,1,乖乖上班的🦁👧🏻_
439,0,张哈哈.🍒,500,1003,372,20,29,27633,1,你我已知有  方能述百年._
440,0,oitingggg,728,207,12,0,0,0,0,_
441,0,情感咨询,37,85,25,9,9,407,1,你的孩子学习无法专注吗？经常叛逆与你顶嘴吗？你和伴侣总有吵不完的架吗？你和成功、金钱总是擦肩而过吗？元熙老师曾帮助过上千个家庭找到最根本原因和解决之道。情感谘询找元熙，让你家庭圆满笑嘻嘻。_
442,0,沐慕木目,5,423,37,0,0,0,0,_
443,0,欢欢☀,397,29,127,12,14,0,1,指日可待🤩_
444,0,喝咖啡放香菜,642,50,70,236,243,1283,1,会说话是修养，管住嘴是教养。_
445,0,哈啾,1887,190,99,12,16,536,1,我不是人民币，做不到人人都爱我。_
446,0,i-xx,0,289,8,0,0,0,0,_
447,0,菲,73,73,50,8,8,122,0,_
448,0,狂暴细娘,0,185,2,0,0,0,0,_
449,0,是我啊,45,10,18,26,27,1822,1,你是失望是难堪是填不满的黑色_
450,0,嘘(๑><๑）安静,45,242,9,6,7,1640,0,_
451,0,宏伟,96,1040,152,25,25,4062,0,_
452,0,肆字小孩,0,1156,18,0,0,0,0,_
453,0,柠宝儿AI_,10,2876,100,2,2,5956,1,04一枚，典型00后。有朋自远方来，虽远必诛。_
454,0,咸鸭蛋女孩👧🏻,13,171,32,5,5,9190,0,_
455,0,🌸ོ敏এ⁵²º᭄,3385,329,267,25,94,1805,1,我狠起来连自己都打😂😂_
456,0,宁憨憨,237,38,11,10,10,0,1,没什么可介绍的一人。_
457,0,.ZZZWS.,14618,155,1814,115,117,28436,1,💚天津的nana.💚权贵szd💚🐧3413676408💚求图🉑️私信_
458,0,私藏文文.,1810,335,178,24,24,3409,1,"偶像：TFBOYS,TNT,TF家族,易安中学德云社QQ:3109444216_"
459,0,朵喵喵的娘,0,468,8,0,0,362,1,就是会做菜_
460,0,梓虞,166219,205,15286,57,83,9149,1,📌这里梓虞  感谢关注🔊底层coser 小透明 底线  胤川rara乃崎💌宠粉（我的粉都是我的宝贝啊！）🗓️高p选手  正在努力做更好的自己✨视频禁止去水印无授权转载💢🎐Q:3266192515（扩列备注cn）❣️Q群:700097196_
461,0,刘洋,541,379,128,0,0,0,0,_
462,0,llll,0,176,3,0,0,1394,0,_
463,0,梁老斯,7858,124,188,6,6,0,1,爱唱歌的老阿姨_
464,0,无一例外,0,6,1,0,0,0,0,_
465,0,星辰大海只有你,0,1125,7,0,0,0,0,_
466,0,@W 👄,392,435,91,15,15,10253,0,_
467,0,西太湖烧烤,941,2680,96,92,99,20786,0,_
468,0,米兰春姑,9011,10,2012,18,20,433,1,谢谢关照_
469,0,阿必,0,154,14,0,0,5888,1,无_
470,0,薇姐,29,4409,245,3,3,1960,1,老白🌟🌟_
471,0,Anmn,10,283,9,6,6,5538,0,_
472,0,🎀,14,95,19,6,6,63,0,_
473,0,崽崽.,15,472,16,2,2,8563,1,鹿晗  范丞丞  王一博  张新成✨_
474,0,😎,0,93,13,0,0,5174,0,_
475,0,用户4693684693338,0,19,1,0,0,69,0,_
476,0,JH246,10,45,4,1,1,69,1,山河滚滚你是人间理想🌾_
477,0,花gg＇,77,1000,54,9,9,19549,0,_
478,0,蒲公英女孩,0,230,4,0,0,35818,0,_
479,0,美丽小公主,4,42,4,2,2,394,0,_
480,0,贡冬仙,0,125,3,0,0,635,0,_
481,0,阿薇,120,569,38,20,22,21930,1,劳资最酷_
482,0,PANGpang💭,124,240,36,0,0,0,0,_
483,0,无,504,875,134,0,0,0,0,_
484,0,👑 Angelseven 11,2234,116,116,46,46,209,1,得不到的永远在骚动_
485,0,抖音视频就是好看,1,11,1,1,1,169,0,_
486,0,久睡成瘾.,22,53,12,5,5,245,0,_
487,0,白,538,785,203,26,26,8768,1,知人不论人 知理别争论_
488,0,云云,250,353,63,25,26,444,1,梦里能到达的地方，总有一天，脚步也能到达。_
489,0,爱耀林.,3,991,39,0,0,0,0,_
490,0,安安宝贝👨‍👩‍👦,0,83,2,0,0,1209,0,_
491,0,long time no see,283,54,54,45,47,1042,0,_
492,0,落拓,6,98,4,3,3,851,0,_
493,0,袁方,1,16,2,1,1,250,0,_
494,0,用户3693069765395,0,146,2,0,0,321,0,_
495,0,Angel ,0,43,8,0,0,89,0,_
496,0,你家的小仙女✨✨,21,22,586,3,3,41,1,已有cp，很喜欢他✨✨从天上掉下来一个仙女没事别烦我o(´^｀)o_
497,0,小燕子,345,133,82,69,83,504,1,小幸运_
498,0,小桃几,0,864,7,0,0,16844,0,_
499,0,我是加菲猫喵,45,55,48,8,8,6602,1,嘿，你好，你说很高兴我能够遇见你。_
500,0,怪味棉花糖,105,217,29,8,8,31401,1,世界这么大只钟情你🖤_
501,0,是邢爱笑呀.🌚,0,141,10,0,0,809,0,_
502,0,想要一点点甜o,31,67,65,0,0,994,1,无_
503,0,C_Lokyiu,0,172,14,0,0,3747,0,_
504,0,Yours,5,576,15,0,1,2223,0,_
505,0,用户2533543868038,5,189,1,0,0,0,0,_
506,0,胖土豆🤐,45,110,75,11,12,1073,1,进我主页，纯属巧合😂蟹蟹guanzhu😶_
507,0,聪明少女,52,149,16,16,16,0,0,_
508,0,王七蛋,4,312,5,2,2,374,0,_
509,0,♡,0,4,1,0,0,35,1,你大爷。_
510,0,用户9726562186083,0,72,3,0,0,245,0,_
511,0,iksh,0,21,62,0,0,684,0,_
512,0,Y🍄,0,71,2,0,0,0,0,_
513,0,W,43,149,22,7,7,1586,0,_
514,0,露露困了,257,332,117,19,19,0,1,欢迎来到我的小世界🧣：gianna_
515,0,babi,165,87,162,0,0,519,1,你要安静的优秀 巧无声息的坚强_
516,0,诺一,0,908,11,0,0,387,0,_
517,0,是围棋呀,6008,186,162,7,7,1087,1,QD-SF-NYParsons school of DesignAcademy of Art University_
518,0,九六,0,332,6,0,0,3186,1,佛系少女一枚～_
519,0,九日来碗鱼粥趴,0,190,2,0,0,73,1,你和别人的不同，在于第一眼就没想过分别_
520,0,烟草,0,402,12,0,0,22025,0,_
521,0,别来无恙。,37,137,25,4,4,0,1,国境以南。_
522,0,不再幼稚啊阿晴,0,43,3,0,1,6,0,_
523,0,唔西迪西,0,54,5,0,0,0,0,_
524,0,💚啊啵呲嘚💙,410,2066,85,16,16,0,1,拒绝一眼望到底的人生_
525,0,*,3,613,11,0,0,0,0,_
526,0,昵称已重置,44,527,51,6,6,421,0,_
527,0,塔,0,1386,17,0,1,24691,1,扬扬今天也好棒😊_
528,0,小小小和,122,4710,17,43,43,3977,0,_
529,0,卿辞,0,1633,16,0,2,1777,1,……………_
530,0,白鹿姑娘,88,40,17,8,10,945,0,_
531,0,0129,0,78,27,0,0,738,0,_
532,0,@青柠,413,118,123,16,16,3871,1,广安职业技术学院。_
533,0,昵称无法显示,0,169,16,0,0,4206,1,那些短暂又不忠的喜欢，你不如不要和我表达_
534,0,coisini💗,2720,252,388,84,84,14817,1,只愿始如初见_
535,0,樂,23,277,20,1,1,87432,1,哇噢_
536,0,是甜甜呀🍉,7,904,15,2,3,18128,0,_
537,0,你看我理你吗,0,68,3,0,0,0,0,_
538,0,lose,13,16,21,1,1,387,1,不值得_
539,0,南璃.,0,40,0,0,0,353,0,_
540,0,用户4149615023856,0,294,1,0,0,375,0,_
541,0,在下顾里,3,882,31,3,3,0,0,_
542,0,H,140,165,73,10,11,97,0,_
543,0,优乐美,16,1147,133,4,4,1765,0,_
544,0,HDY~,0,28,21,0,0,1894,0,_
545,0,惜缘,105,229,71,0,0,92,1,速卡迪—高端儿童、成人滑板车制造商_
546,0,泡芙。💋,1741,1526,484,159,162,6166,0,_
547,0,Samuel,54,3446,85,0,0,0,0,_
548,0,明月,21,260,9,2,2,422,0,_
549,0,小欣在睡觉,14,742,7,8,8,0,1,喜欢睡觉。收稿+🐧2412385687_
550,0,🌟 边啵贤,0,2756,45,0,0,94342,0,_
551,0,养了多,102,506,107,13,13,869,0,_
552,0,嗝,13,1039,20,0,0,0,0,_
553,0,高菲/~,115,2641,44,36,36,5742,1,积德行善，才有福报，心宽人美_
554,0,✨🌼,0,25,4,0,0,219,0,_
555,0,少一缕阳光（冲120粉）,1327,2834,98,172,172,0,1,随时更新作品_
556,0,😄Apple🍎Miss Zhan,586,2699,115,95,96,1903,1,快乐二宝妈_
557,0,寶貝,34,49,34,3,3,3611,0,_
558,0,林儿,1,82,6,2,2,82,0,_
559,0,静baby😍,376,4641,841,47,47,14598,1,😘愿你走出半生，归来仍是少年，不忘初心❤️ 方得始终_
