0,0,烟消云散,219,1071,58,55,57,1281,0,_
1,0,小书包🎒,6,57,21,3,3,1756,1,great hopes make great man_
2,0,用户3616408703276,29,166,15,6,6,389,0,_
3,0,陈美玲,0,54,0,0,0,187,0,_
4,0,用户2880706700200,0,125,3,0,0,380,0,_
5,0,玥芽,119,3482,30,15,15,15276,1,6111111号_
6,0,好,112,72,17,7,7,219,1,活在幸福人世间，阳光温暖水温柔。_
7,0,用户5686876330482,0,140,11,0,0,762,0,_
8,0,L往后余生,3,32,1,1,1,4,0,_
9,0,刘颂新,119,62,36,7,7,104,0,_
10,0,刘小荣,0,737,16,0,0,520,1,爱好旅游，文学，一名幼师_
11,0,鱼儿🐟,0,84,0,0,0,0,0,_
12,0,云朵,0,1166,46,0,0,0,0,_
13,0,爺們~姐@看上你了～,1187,983,64,149,156,1016,1,路要自己走_
14,0,霞子好物推荐,12,653,21,4,7,742,0,_
15,0,🙆🏻‍♂️,0,183,6,0,0,393,0,_
16,0,用户4756538810435,0,397,9,0,0,1760,0,_
17,0,顾千夏,7,73,6,16,16,527,0,_
18,0,用户8370601927864,1,9,1,1,1,2,0,_
19,0,小慧慧那,18,26,25,4,4,69,1,被人偏爱真是一种运气🍓_
20,0,710808,0,64,9,0,0,119,0,_
21,0,Neo Zhang,52,579,45,12,13,3672,0,_
22,0,双城记,14,1591,23,0,0,0,0,_
23,0,用户9100679277619,0,25,0,0,0,31,0,_
24,0,用户964162789,0,117,0,0,0,0,0,_
25,0,🔥火环(拒绝私聊),1001,482,125,5,5,0,0,_
26,0,嗯哼,80,2109,46,11,11,3344,1,没有谁有义务对谁好但我们可以选择善良_
27,0,爱喝汽水的白小白,21,45,3,23,23,4,0,_
28,0,氟西汀另一半,2,436,62,0,2,50,0,_
29,0,兰猫儿,969,286,115,86,86,944,0,_
30,0,益者三友699,724,115,83,62,62,894,0,_
31,0,弥猫深巷,613,169,172,39,43,447,0,_
32,0,木木,0,426,51,0,0,756,0,_
33,0,棠初若然,0,45,1,0,0,149,0,_
34,0,心里有尤你。,14,1293,52,3,5,944,1,喜欢可爱的你  （尤丫，乐，念，）_
35,0,冬天的小火炉,54,283,56,9,9,92,1,一生不羁爱旅行_
36,0,大怪兽👾,11,1424,33,2,2,2542,1,颠颠地好得意_
37,0,用户645259420854,0,47,2,0,0,64,0,_
38,0,Amy,12,51,6,5,5,276,1,陪伴是最长情的告白_
39,0,杨梅熟了,142,141,26,15,15,2545,1,诗酒趁年华_
40,0,王子纯手工作坊,227,283,49,52,54,877,1,人生不止柴米油盐酱醋茶，还有诗和远方！_
41,0,小龙不想理你,89,2545,182,0,0,0,0,_
42,0,琼小宅,9,368,20,1,2,877,0,_
43,0,乔木,2,112,13,2,2,70,0,_
44,0,苏、知鸢,4,4992,28,2,2,7815,1,全名K歌：504473298🐧🐧:2214583173_
45,0,用户6737443067565,0,13,2,0,0,638,0,_
46,0,Fang Ling,0,56,0,8,8,18,0,_
47,0,朵,0,89,4,0,0,486,0,_
48,0,蝴蝶飞飞,0,95,0,0,0,0,0,_
49,0,王林,1643,182,56,228,230,0,0,_
50,0,儿童摄影师可心,891,624,216,9,10,0,1,儿童摄影师高级色彩搭配师高级人力资源师_
51,0,小叮当🍒,0,76,35,0,0,574,0,_
52,0,口口西西,0,117,10,0,0,454,0,_
53,0,用户2209777525670,1,369,2,0,0,0,0,_
54,0,Ting×〃,1005,1275,45,0,0,0,0,_
55,0,我是小龙,24,153,15,2,2,180,1,偶尔更新日常我是一个沙雕_
56,0,小璇眼里有星星🌟,47,78,65,3,6,1978,1,努力变优秀！努力变富婆！努力去见自己相见的人努力实现机车梦。_
57,0,精致的猪猪女孩ya,0,99,7,0,0,356,1,好久不见._
58,0,慧姐,70,850,47,10,10,1625,0,_
59,0,用户8835882793802,5,423,6,5,5,28,0,_
60,0,碌碌(^_^),0,6,6,0,0,0,0,_
61,0,飞雪,241,46,29,33,33,79,0,_
62,0,BabyFione,64,92,39,10,10,530,1,胖着呢_
63,0,玉林竹歌,0,323,8,0,0,0,0,_
64,0,芃芃,0,19,0,0,0,3,0,_
65,0,艳艳,0,143,38,0,0,1733,0,_
66,0,可爱又迷人的反派,33913,305,5646,42,42,0,1,谢谢您的关注，不聊天 人超凶_
67,0,LMTTTTT,5,156,7,4,5,10,0,_
68,0,树懒的青春,12,74,2,6,7,26,0,_
69,0,CiCi,216,449,100,19,19,1839,0,_
70,0,Chun,0,234,2,0,0,480,0,_
71,0,源💓🎀💓🎀,62,174,29,6,6,0,1,等风，也等你_
72,0,曾小姐的美甲铺,101350,25,4206,7,7,0,1,成年人的世界从来就没有过容易二字_
73,0,勿忘初心方得始终,56,1809,63,6,6,1687,0,_
74,0,🍀🍀Alano,19,717,30,0,0,0,0,_
75,0,波波,730,34,310,36,38,0,0,_
76,0,张大晴👏👏👏,872,38,158,33,33,577,1,生活嘛，当然是开开心心的啦🎵🎵🎵💃💃💃_
77,0,时光自拍写真馆客服2号,117,31,30,21,88,560,0,_
78,0,用户3481491281678,2,11,0,0,4,51,0,_
79,0,用户8169677172395,0,326,0,0,0,0,0,_
80,0,🎏🔆💋无 所 畏🧸🔆,552,1406,66,59,61,10706,0,_
81,0,~,18,329,57,4,4,593,1,🥰_
82,0,小彬不吃🦇,0,928,21,0,0,0,0,_
83,0,来学拍照的,0,86,5,0,0,148,0,_
84,0,ME TOO,38,54,42,3,5,243,0,_
85,0,清风（朱美枝）,0,28,10,0,0,269,0,_
86,0,美丽清晨,0,368,2,0,0,3611,0,_
87,0,Ainne,12,752,22,2,2,0,1,保持热爱，奔赴山海。_
88,0,小问号你是否有很多小朋友,3871,1474,337,245,251,109865,1,你的好友_
89,0,空白格,2,51,9,0,0,1601,1,江湖路远 同去同归_
90,0,Yang,55,147,29,25,26,1124,0,_
91,0,橘子🍊.,87,43,51,5,5,468,1,我明白你会来。所以我等。_
92,0,윤아,17,200,5,0,0,0,0,_
93,0,雅-痞2,126,123,46,30,34,527,1,生活需要浪漫来点缀_
94,0,白羊座老师～,388,180,109,84,87,456,1,不喜欢玩儿的老师不是好的饲养家👩🏻‍🌾有的话就关注➕一下咯👀✨五🈷️十四日 领养了人生第一只喵🐱                           希望能活久的久一点🙏✨吃货一枚 💕憨憨一个🌚✨偶尔也用抖音臭美一下🙊_
95,0,米粒（手机摄影）,5,650,560,0,2,288,1,一部手机教你记录美好生活🍭🍭🍭_
96,0,Naive,0,87,56,0,0,101,0,_
97,0,崽崽.,0,355,4,0,0,512,1,开心就好。_
98,0,家有快乐宝贝,8,38,6,2,4,85,0,_
99,0,橘子,37468,2759,2873,57,57,0,1,有些东西学不会永远不会_
100,0,小依想暴富.,45,3659,30,0,0,0,0,_
101,0,LXQ,932,877,109,4,169,0,1,很感激你能来，不遗憾你走开。_
102,0,Z.,2,848,13,1,2,42,0,_
103,0,蓝色木棉树,402,756,47,20,54,36428,0,_
104,0,子,0,376,1,0,0,2552,1,诱_
105,0,用户5381852400409,0,58,0,0,0,4,0,_
106,0,漪漪甜品,75,79,22,50,50,245,0,_
107,0,用户827237426995,0,85,0,0,0,2,0,_
108,0,萃雅,1630,155,270,207,215,616,0,_
109,0,pspao,0,816,5,1,1,288,0,_
110,0,7仔,53,237,31,12,12,432,1,人前一杯酒，人后一片海。_
111,0,安妮阿,0,246,5,0,0,2146,0,_
112,0,小碧,26,83,10,14,29,350,0,_
113,0,用户6702391217906,0,23,0,0,0,2,0,_
114,0,红姐姐,236,869,69,23,24,4017,0,_
115,0,琦,82,164,18,12,12,574,0,_
116,0,迷你菜卷,0,21,7,0,0,228,0,_
117,0,萝卜,0,88,24,0,0,784,0,_
118,0,Brian4234,31,199,97,1,1,22076,0,_
119,0,过去的回忆、总是那么美好,39,563,20,10,10,247,0,_
120,0,像鱼,9140,139,760,0,0,0,0,_
121,0,用户3149138145848,0,8,3,0,0,24,0,_
122,0,Carrychu,1,36,2,1,1,0,0,_
123,0,用户1294271095435,0,30,1,1,1,6,0,_
124,0,时光不语   静待花开,1,141,3,2,2,79,1,任何事情都不是一蹴而就，没有人能够一开始就获得成功，我们要做的就是默默耕耘，为未来打下坚实的基础，那样才能等待美好的明天_
125,0,ZZX,27,324,71,5,5,1732,0,_
126,0,🍬譚譚,5,86,1,0,0,1013,1,感恩遇见🍬🍬谢谢你的关注！_
127,0,赵婉彤,168,495,62,0,0,0,0,_
128,0,DreamJ,187,262,95,6,6,4069,1,爱吃 爱耍 爱拍_
129,0,面朝大海春暖花开,326,392,76,41,41,5086,1,爱自己_
130,0,Julia,89,241,39,15,16,520,0,_
131,0,.﹎ゾ萍👄👄,640,121,21,0,0,0,0,_
132,0,豇豆（74之年，奈何青春已去）拒私聊,6285,804,413,225,230,9082,1,天使一半，魔鬼一半。_
133,0,ʚ吴阿凡ɞ,0,162,3,0,0,0,0,_
134,0,M ,39,158,12,8,12,0,1,茶亦醉人，何须酒。书自香我，何须花。_
135,0,拾柒 ~,132,271,16,9,12,0,1,早睡的人完美地避开了每晚的情绪上涌_
136,0,用户8776855670136,0,217,21,0,0,238,0,_
137,0,诶呦喂:),248,1289,94,38,38,260,1,一个独立、自信、且有趣的美少女_
138,0,_咪辣,6,162,5,2,2,705,0,_
139,0,糖小果👯,61,142,17,12,12,564,1,喜欢狗狗的美少女_
140,0,爱学英语的猫,117,154,94,41,41,86,1,❣️喜欢学英语，坚持学习     ❣️分享生活，分享英语~        ❣️领取资料请关注公众号：                    爱分享爱英语_
141,0,坚强,343,330,85,31,31,758,0,_
142,0,小鑫要努力加油呀,8909,535,2064,50,51,4662,1,欢迎光临不定时直播 聊天唱歌_
143,0,四七_,34,72,62,5,12,814,1,热爱可抵岁月漫长。_
144,0,摩羯座女生,0,44,1,2,2,81,0,_
145,0,小鱼干🐳,7,782,41,0,0,0,0,_
146,0,凌雨,253,243,102,6,6,57,0,_
147,0,纷纷,0,321,2,0,0,158,0,_
148,0,porridge and rice,83,533,26,0,0,0,0,_
149,0,一个人的天空,16,762,12,6,6,1795,0,_
150,0,胖胖,0,3969,24,0,0,1138,0,_
151,0,我爱依衣,461,33,247,22,22,0,1,《我爱依衣》女装👚实体经营20年。_
152,0,📸旧时光摄影工作室,32704,317,9676,4,16,0,1,📸🍃喜欢可乐🥤📸🍃不会拍照的📸的小老弟🙈🥤随缘更新_
153,0,josie&jiasuke,571,2490,156,71,72,4141,1,这一年才开始，好像全世界都在提醒学会珍惜。愿春风解意，不负盛景，吹散阴霾，我们总归要出发。_
154,0,Lily,284,205,62,32,36,333,0,_
155,0,Image,27,201,9,18,21,0,1,摄影师_
156,0,八月,0,17,0,0,0,45,0,_
157,0,是小岳岳呀,2,128,0,0,0,0,0,_
158,0,暴躁的小龙虾,0,59,1,0,0,5,0,_
159,0,朱朱Yzun＊,1247,460,231,80,84,3079,1,明天是另外一天！_
160,0,F,16,922,56,1,5,4748,0,_
161,0,妍宝,127,94,17,64,64,168,0,_
162,0,lfm1314,0,1595,7,0,0,3116,0,_
163,0,Guistar小鲜儿,7,578,5,3,5,77,0,_
164,0,11111,0,111,26,0,0,0,0,_
165,0,用户6068308590299,0,275,3,0,0,0,0,_
166,0,时光、照相馆,2,55,16,3,3,3160,0,_
167,0,闲云观雨,121,190,35,9,9,674,1,仰天望流云，俯首观色水。_
168,0,果果,434,847,42,92,92,2600,1,你未来的样子，藏在你现在的努力中_
169,0,再燃一根烟,0,71,2,0,0,0,0,_
170,0,文子,8,394,7,3,3,726,1,开心就好_
171,0,喵了🐱喵,87,587,23,27,38,4484,1,散伙是人间常态，我们又不是什么例外_
172,0,王思齐,0,107,1,0,0,78,0,_
173,0,沁※谧,3,110,6,2,3,1127,0,_
174,0,肥兔儿,847,158,102,144,144,535,1,憨憨的邦尼_
175,0,晓米M,264,6,47,38,38,44,1,V15832739076   渔具厂家  感兴趣的加V_
176,0,小猫咪^_^,0,338,10,0,0,57,0,_
177,0,天路,71,117,19,16,16,0,0,_
178,0,回荡的沉静,0,580,10,0,0,577,0,_
179,0,Dimples,8,1536,18,3,3,1790,0,_
180,0,Monica、👑,18,2098,25,1,1,0,0,_
181,0,圆滚滚,113,198,60,6,15,3861,0,_
182,0,好好,0,19,2,0,0,0,0,_
183,0,高原米兰,0,14,12,0,0,11,0,_
184,0,小小小小小朋友,101,3368,120,7,12,13578,0,_
185,0,_今天写论文了吗？,0,181,0,0,0,0,0,_
186,0,敲霸气的怡怡,617,1422,114,24,24,3079,0,_
187,0,小仙女zhou,326,6,59,7,7,452,1,喜欢自己拍照 自己P图 享受这种感觉_
188,0,晓丽,0,160,58,0,0,38,0,_
189,0,武汉约拍-南风翎,7,69,1,10,10,190,0,_
190,0,🎀🍉🍉,129,123,25,48,48,0,0,_
191,0,希熙,19,33,19,4,4,4,0,_
192,0,乐子呀🌸,6256,594,1811,0,0,0,0,_
193,0,😊,50,753,20,11,11,0,0,_
194,0,🔅,93,251,38,6,6,1598,0,_
195,0,猫小杨,4951,685,75,20,23,0,1,猫咪一家亲_
196,0,用户523247003,0,54,22,0,0,44,0,_
197,0,橘猫姐,232,359,89,8,8,0,1,做一个简单温柔且有个性的女子，不顾尘喧，纵情向前！🎬每晚7：00不见不散！💋💋_
198,0,朝霞,2166,1021,310,93,93,0,1,微信号，13658460453_
199,0,風月,1,95,21,1,1,0,1,你值得所有期待_
200,0,罗,0,1519,5,0,0,69958,0,_
201,0,目光倾城，为谁停留^O^,29,103,25,4,4,125,0,_
202,0,用户8930297064340,0,505,7,0,0,86,0,_
203,0,🌸之滴樱,34,52,10,7,7,27,0,_
204,0,碧海浮萍,329,270,75,52,55,0,0,_
205,0,姓薛的小姐姐🎈🎈,446,309,74,119,119,2431,1,爱笑的女孩👧用心记录美好生活分享美好事物❤️❤️❤️_
206,0,Better,0,101,8,0,0,130,0,_
207,0,摇曳时光,1051,1181,6,0,0,0,0,_
208,0,在水一方,47,244,35,9,9,937,0,_
209,0,流年·漫步,134,958,55,38,51,3585,1,在沧海中，只是一粒沙，隐藏在人海中。_
210,0,橙子麻麻,472,97,75,12,12,623,0,_
211,0,一身匪气,8,40,5,6,6,319,0,_
212,0,Cyndi🌸,297,410,88,26,27,0,1,只为遇见你💘_
213,0,爱心4030605311796,500,288,182,19,19,1062,0,_
214,0,winnieneko,46,116,9,8,8,153,0,_
215,0,A翠之缘,0,190,16,0,0,636,0,_
216,0,F。,87,330,23,28,28,326,0,_
217,0,biu~,7,287,10,2,2,81,0,_
218,0,格力电器（盈泰-海山西门）,18,95,6,2,3,204,0,_
219,0,吉,0,441,18,0,0,1753,0,_
220,0,柳浪闻莺,0,33,0,0,0,9,0,_
221,0,Queen,0,404,4,0,0,0,0,_
222,0,用户1845047464333,6,81,16,2,2,111,0,_
223,0,天边,54,637,52,1,1,507,0,_
224,0,用户6858447979431,193,339,66,17,112,582,0,_
225,0,海娜99,9,338,9,3,3,627,0,_
226,0,夏夏,0,76,3,0,0,159,0,_
227,0,小关,106,181,16,25,25,480,0,_
228,0,喝可乐要加冰,171,186,17,14,14,0,0,_
229,0,陪伴有你,0,91,4,0,0,30,0,_
230,0,早睡早起身体好,0,442,22,0,0,836,0,_
231,0,追梦的女孩,791,489,108,0,0,0,0,_
232,0,LXX,0,127,5,0,0,1043,0,_
233,0,霞客,69,68,30,4,4,105,0,_
234,0,橘生淮南,0,312,8,3,3,1126,1,热爱可抵岁月漫长_
235,0,お伐开心,10,254,11,2,2,0,1,鹅鹅鹅！_
236,0,miumiu,69,763,16,9,75,1444,1,想在泛泛之众  做酷酷少女_
237,0,阿凡提周,33,813,40,5,5,3822,0,_
238,0,戈壁滩的戈,82,108,29,12,12,284,0,_
239,0,用户1126151716498,126,108,12,0,0,0,0,_
240,0,kato,3,117,4,6,6,293,0,_
241,0,🦄🌸🌺🌷(^･ｪ･^),0,630,6,0,0,1225,1,叮咚_
242,0,执念,71,56,16,25,25,72,1,长得漂亮是优势，活得漂亮才是本事。_
243,0,安神,0,19,16,0,0,25,0,_
244,0,兔子妈,11,56,24,1,1,994,0,_
245,0,晴空万里,10,70,0,0,0,0,0,_
246,0,平凡,175,1313,191,7,7,5191,0,_
247,0,用户2943829359692,0,30,0,0,0,14,0,_
248,0,Hugo。L,110,56,119,22,27,1132,1,满心欢喜，念你眼眸。_
249,0,Bruce,1,48,1,4,4,656,0,_
250,0,简单咋,0,63,15,0,0,44,1,简单的快乐_
251,0,友人A,29,88,17,11,12,645,1,比❤️:52721253_
252,0,阿小小,0,241,48,0,0,805,0,_
253,0,江湖一分子,0,407,19,0,0,0,0,_
254,0,像昨天,1779,258,282,79,80,2824,1,好事会来的，在那之前，你要坚持等下去❤️_
255,0,最暖非你灰太阳.,13237,3865,1180,307,326,0,0,_
256,0,微风细雨,10037,1453,522,170,177,16514,1,_
257,0,kele,437,846,336,26,31,0,1,优则优 劣则裂_
258,0,张老师,21,1457,38,2,2,1236,0,_
259,0,all,0,3296,46,0,0,1798,0,_
260,0,大漠苍歌,2133,1597,168,242,262,0,1,我们再也回不去了_
261,0,不谓何处有轻船,0,361,5,0,0,887,0,_
262,0,四时尽,838,1702,54,126,315,6091,1,无论人生上到哪一层台阶，阶下有人在仰望你，阶上亦有人在俯视你。你抬头自卑，低头自得，唯有平视，才能看见真正的自己。_
263,0,自在呼吸,11,71,10,6,6,20,0,_
264,0,user2523501794557,9,1607,11,2,2,506,0,_
265,0,Eva,105,211,73,10,10,703,0,_
266,0,zhy,16,291,6,3,3,640,0,_
267,0,当流年盛世终成过往,1,37,9,11,11,640,1,生活一半烟火，一半清欢_
268,0,蕾蕾,0,36,22,0,0,37,0,_
269,0,橙月,48,876,28,16,16,1680,0,_
270,0,娟娟牌水果少女🍊,9,289,13,6,7,5710,1,水果零食V➕WJ8886Y_
271,0,老范,0,57,0,0,0,12,0,_
272,0,用户280044955683,0,26,0,0,0,11,0,_
273,0,Iris,813,80,36,11,12,401,0,_
274,0,琪九妹✨✨,93,206,26,3,10,1213,1,我是你的小太阳，陪伴你的每一天🌈🌈🌈_
275,0,小小玉童鞋,440,596,74,42,42,2759,0,_
276,0,一条小鱼🐳,153,3179,10,55,55,6156,1,自由自在的小鱼儿🧡💛💚💙💜_
277,0,最美的期待,1850,999,250,171,171,0,1,喜欢就争取，得到就珍惜，错过就忘记，生活其实就这么简单！_
278,0,NINE  PERCENT♥,8,212,13,3,3,123,0,_
279,0,笛子,997,3295,466,0,0,0,0,_
280,0,已重置,0,116,17,0,0,103,0,_
281,0,胡三万53621541,399,677,50,88,154,381,0,_
282,0,梦之,165,746,50,22,22,1103,0,_
283,0,这个评论有点逗,17,691,11,0,0,0,0,_
284,0,侠客勇哥,382,3947,453,22,369,0,1,此生不悔入华夏，来生还做中国人！_
285,0,今天小雨转甜,13,88,28,11,11,0,0,_
286,0,Tiny Lou,2,182,55,2,2,10430,0,_
287,0,小米粥@,391,507,103,26,26,872,0,_
288,0,用户8443299796571,4,6,4,1,1,40,0,_
289,0,云淡风轻,451,116,68,102,102,0,1,人间有味是清欢_
290,0,可可爱,0,149,1,0,0,867,0,_
291,0,.,28,246,15,1,1,664,0,_
292,0,萌阿萌阿萌,543,1850,119,0,0,0,0,_
293,0,用户5166602498884,0,42,26,0,0,49,0,_
294,0,Ánh Dương,4,1003,35,3,3,13793,0,_
295,0,肉多多,69,349,54,10,16,2737,1,工作之余，简单快乐的生活。_
296,0,望记,0,964,15,0,0,1577,0,_
297,0,墨墨,0,97,15,0,0,0,0,_
298,0,叮叮叮叮咚咚咚咚咚咚,0,884,0,0,0,0,0,_
299,0,kathy吴韵,7,945,13,9,11,2024,0,_
300,0,记得按时画画喔,10082,4984,3065,103,103,18849,1,一个有点中二的美术老师( ͡° ͜ʖ ͡°)✧少女心100%੭ ᐕ)੭*⁾⁾其实上课的时候我是很严肃的( ͡° ͜ʖ ͡°)✧喜欢夏天的风✧٩(ˊωˋ*)و✧_
301,0,静水,26,33,11,5,5,0,0,_
302,0,半糖半盐,0,1543,51,0,0,909,0,_
303,0,嵘姐姐,233,443,139,10,10,1153,1,养花控……唯美丽与美食不可辜负🌹_
304,0,用户1378021617631,230,167,24,60,66,367,0,_
305,0,一抹春夏,121,1173,56,10,10,0,1,没有个人填写_
306,0,娜娜,0,235,5,0,0,0,0,_
307,0,桃子,2,185,0,0,0,0,0,_
308,0,Sc212,0,421,3,0,0,0,0,_
309,0,板凳,13,2150,29,1,1,21641,0,_
310,0,7℃,90,160,42,5,8,141,0,_
311,0,柠檬初夏,0,68,11,0,0,2866,0,_
312,0,三木一水,1,565,7,0,0,0,0,_
313,0,用户5200914230743,0,119,0,0,0,205,0,_
314,0,用户8812891546811,0,26,0,0,0,2,0,_
315,0,🐾00:00:00,1,811,5,2,3,598,1,I have a crush on you._
316,0,Y、,2536,81,408,17,17,10857,1,花自向阳开_
317,0,山羊,0,550,20,0,0,3156,0,_
318,0,❤️向日葵❤️,106,74,19,31,31,0,1,热爱生活的每一天_
319,0,٩๑honG兒•́🐝,0,590,40,0,0,297,0,_
320,0,阿程程啊.,0,91,27,0,0,306,0,_
321,0,唐$宝,1296,483,122,169,171,1464,1,记录生活的一瞬间_
322,0,碗小豆,644,1229,82,120,133,3224,1,啦啦，愉快_
323,0,zenikage.w,35,1101,77,45,45,6776,1,California We Go📬JinistylePhotographer_
324,0,陈cheng 沉,274,712,93,13,14,0,1,抖音，记录美好生活_
325,0,是大迪子啊🌱,23,384,37,0,0,0,0,_
326,0,小蛋黄omi,74177271,97,3623810,342,368,342,1,❤️求婚视频在置顶第一个~🧡在一起的第四年 马上要结婚啦😊他双鱼我摩羯💛恋爱全记录在小🍠：小蛋黄omi （倒数第一篇）💙照片日常在vb🧣：小蛋黄omi💜私人：helloxdh01（不接推广）_
327,0,🌸秋,3,1267,18,0,0,0,0,_
328,0,桦仔咯,8,403,23,5,6,1248,0,_
329,0,娟儿🌸✨,0,535,17,0,0,9571,0,_
330,0,子非蝶79897,1,107,27,0,9,385,0,_
331,0,jojo,4363,423,768,81,81,1425,1,谢谢你这么美还给我点赞👍_
332,0,樱桃小丸子(⁎⚈᷀᷁ᴗ⚈᷀᷁⁎),284,589,17,117,117,2423,1,姓名:陈欣怡姓别:女星座:白羊座喜欢的明星:王源年级:六年级_
333,0,小树,26,761,13,10,11,4109,0,_
334,0,一一,8,99,84,2,2,65,0,_
335,0,舞师堂艺术中心程老师,81,289,19,39,41,62,1,12年教学经验创办舞师堂6年咨询电话/微信：18207198001我们只是美的搬运工_
336,0,离人,55,70,71,3,3,0,0,_
337,0,小7同学,509,38,2314,1,1,0,0,_
338,0,bebebebe,57,30,16,8,9,53,1,转个圈 拍拍手 拍个照 跳个舞_
339,0,-239910728,10,115,22,0,0,0,0,_
340,0,弟弟的姐姐皮,2,126,6,2,2,589,0,_
341,0,忙着可爱,924,871,155,97,135,5195,1,欣怡2018.9.7遇见孩子 遇见更好的自己_
342,0,吃掉奥利`,3,114,9,1,1,441,0,_
343,0,专属&艳儿,583,1184,77,73,81,687,1,谁还不是个宝宝呀_
344,0,农伊然,53,894,92,4,17,1191,0,_
345,0,🐯海马卍,46,18,42,6,6,0,1,别让记忆中的时刻板挡住你的人脉😏😏_
346,0,苻蓠,0,131,0,0,3,19,0,_
347,0,宁,39,3550,47,3,3,21888,0,_
348,0,寻觅gc,10,124,15,1,2,18,0,_
349,0,用户034518,0,80,2,0,0,0,0,_
350,0,RURU,1,303,7,1,2,463,0,_
351,0,无法复制的悲伤,758,2156,154,88,88,4519,0,_
352,0,阿离是只狗,95,180,16,21,24,43,1,该用户已关注了你_
353,0,XH,16,87,18,5,5,901,0,_
354,0,『 Poppy 』,0,59,2,0,0,0,0,_
355,0,👸🏼颖,163,255,19,9,9,0,1,一个很穷的医学生_
356,0,稍微☆〜,12,72,32,6,6,276,1,有时候，微笑纯属礼貌，与快乐无关…_
357,0,二小不是小二,14,76,3,11,11,0,1,心之所向，素履以往。_
358,0,阿厅,29,369,13,2,4,0,0,_
359,0,虫儿,0,218,9,0,0,444,0,_
360,0,W-jias,0,372,11,0,0,48,0,_
361,0,11little楽,0,383,9,0,0,579,0,_
362,0,留白,14,514,20,3,3,0,1,如果生活欺骗了你没关系因为它还会毒打你_
363,0,🤖,253844,181,8537,4,7,970,0,_
364,0,✨我爱吃肉,0,29,12,0,0,20799,0,_
365,0,Uchiha Obito,247,552,46,0,0,0,0,_
366,0,娜姐,90,372,59,15,15,605,0,_
367,0,゛尛脾氣,34,41,44,11,11,39,0,_
368,0,昕巴朗,0,2341,38,0,0,7566,0,_
369,0,春日桃绘,1,2302,36,0,1,89770,1,夏天有梅子味的晚风 两三颗啤酒味的星_
370,0,智,1083,604,332,68,68,0,1,拼搏到无能为力，努力到感动自己！_
371,0,颖光粉，美颜管家,2554,165,681,71,75,619,1,爱自己是终身浪漫的开始！_
372,0,用户874129545688,1,14,1,1,1,1,0,_
373,0,是新一啊,1,9,0,1,1,6,1,不会敲代码的咨询师不是好的美食博主_
374,0,蘭妮～,193,201,75,18,18,189,1,健身+美食_
375,0,欣伟爱吃桃子🍑呀,417,549,1778,18,20,0,1,记录美好生活❤️🧡💛分享点滴快乐💚💙💜_
376,0,卑微小雨°,0,219,6,0,0,341,0,_
377,0,老王的兄弟,63,149,11,17,17,670,1,相恋五年的亲兄弟_
378,0,小嵐,46,419,44,2,2,437,0,_
379,0,艾    斯,2851,131,361,16,17,944,1,喜欢听歌的女孩纸_
380,0,爱吃大蒜的莉莉,178,84,36,120,127,0,1,适当的温柔，适当的善良，若对我温柔相待，我便予之。_
381,0,阿周,122,37,35,9,9,0,0,_
382,0,空号,6,74,1,2,2,919,0,_
383,0,用户4690977298720,0,323,1,0,0,391,1,最初的心，走最远的路！_
384,0,w1sH.🍒,5,100,10,4,4,2576,0,_
385,0,🐰☃️,32,98,10,0,0,0,0,_
386,0,依杭,58,91,15,18,18,0,1,开开心心啦！_
387,0,红烧茄子,14,67,7,1,1,834,0,_
388,0,用户5498113209092,0,803,0,0,0,0,0,_
389,0,屠和,0,84,4,0,0,88,0,_
390,0,暖🌼,15,200,12,0,0,789,0,_
391,0,奶茶超模🍶,0,110,4,0,0,82,0,_
392,0,用户886131445385,0,241,1,0,0,189,0,_
393,0,坤,10,3171,14,2,2,10448,0,_
394,0,你不要弄丢我奥,4,62,3,0,0,0,0,_
395,0,菀葵,5,130,12,1,1,226,0,_
396,0,真烵desu,0,48,1,3,3,39,1,桃之夭夭灼灼其华_
397,0,💃菟菟🐰💗,925,1852,148,153,153,1124,1,让我好好想想吧！_
398,0,Nana✨,0,394,5,0,0,1620,0,_
399,0,qiqi,2,791,9,0,0,11218,0,_
400,0,七乐kisy,4,251,2,3,3,0,1,每天就想吃点好吃哒😋_
401,0,慧子,366,1487,53,106,107,1863,1,储存阳光，必有远芳_
402,0,心愉,8223,146,322,360,367,8732,1,刚好_
403,0,小鲸鱼🐳,216,665,48,10,10,218,0,_
404,0,天灰灰慧不会。,114,59,45,10,10,34,0,_
405,0,Wu,14,404,47,0,0,0,0,_
406,0,没想起因不忘记,0,64,2,0,0,29,0,_
407,0,Helianthus 🌸annuus,90,335,17,29,29,76,0,_
408,0,哪吒闹海,1,1322,8,0,0,0,0,_
409,0,甜豆妈,679,538,174,39,74,981,1,家有小女3岁我是一个爱囤货爱分享爱学习的88后宝妈，坚信点滴生活成就美好人生❤每日更新分享好物和育儿小技巧，希望能给大家带来快乐和美好🙌_
410,0,用户1696697124673,0,31,1,0,0,36,0,_
411,0,Q🤍Q,1102,93,108,0,0,0,0,_
412,0,阳光~\(≧▽≦)/~微暖,132,450,28,14,15,1398,0,_
413,0,菡潮苏海,30,1462,123,7,8,2172,1,谢谢哈_
414,0,九月菊,427,166,130,26,31,2063,0,_
415,0,文光,0,29,0,0,0,2,0,_
416,0,老骥,59,38,38,8,25,1107,0,_
417,0,卅閘,2,941,1,0,0,0,0,_
418,0,哎呦,198,684,25,18,109,0,0,_
419,0,11SY_,67,323,9,7,7,0,1,今天也爱易烊千玺✨_
420,0,超人不会飞🚁· · ·,194,249,29,4,4,1281,0,_
421,0,遇见月亮,11,695,68,3,3,1156,1,爱自己，是终身浪漫的开始_
422,0,constancy_cat,46,427,23,15,16,1381,0,_
423,0,z,0,83,0,0,0,279,0,_
424,0,用户5192226230939,0,155,2,0,0,529,0,_
425,0,紫水晶,611,145,164,68,69,141,1,把手机里面的照片做成一本书，这样即不用担心照片流失，又不占内存。_
426,0,A小花花花花花花花花儿,1174,467,114,28,29,789,1,永远年轻，永远见色起意！_
427,0,CHENYINI🙈,8,131,63,1,1,578,0,_
428,0,Amy,54,404,37,8,8,550,1,啦啦啦～_
429,0,怪咖女王i,0,57,8,0,0,1787,0,_
430,0,啵啵fu,201,198,28,1,1,50721,0,_
431,0,🍀.,0,260,8,0,0,0,1,TFBOYS💛博君一肖💛_
432,0,胡歌的圈外女友,31,242,16,11,11,15472,0,_
433,0,微笑已成伤,90,55,34,13,13,99,0,_
434,0,Victrice°,469,705,70,32,39,3112,1,所遇皆温柔💕_
435,0,-阿斯巴甜,10,293,49,1,2,1553,0,_
436,0,心灵上火,80,101,43,25,25,852,0,_
437,0,猪骨力,0,186,8,0,0,0,0,_
438,0,🍂宝翠。,0,4,14,0,0,19,1,℡ 　请记得我的名字和我带给你的故事。_
439,0,小胖孩,612,140,86,36,37,350,0,_
440,0,藏起来了看不见我,74,134,13,15,16,0,0,_
441,0,不将就°,0,40,15,0,0,833,0,_
442,0,繁,0,1106,7,0,0,407,0,_
443,0,胡宛秋,4781,240,728,54,56,1159,1,关注我吧，我可是一个温柔，漂亮，美丽，善良，纯情，体贴，倾国倾城，苗条，年轻貌美，哎呀，编不下去了😂😂😂😂😂_
444,0,唐老鸭的黄色袜袜,53,2178,21,9,9,0,1,只要有光💥就会元气满满～_
445,0,丫丫,83,93,36,5,25,346,0,_
446,0,香,132,128,25,6,6,218,1,平安一生_
447,0,用户800698147,0,20,0,0,0,27,0,_
448,0,大思思,0,354,17,0,0,1633,0,_
449,0,浅陌,62,135,14,18,18,311,0,_
450,0,你好吗,5,516,3,6,7,3034,0,_
451,0,刘笑妤@潇潇的,1188,408,183,33,34,0,0,_
452,0,4ever0223,442,241,50,54,54,0,0,_
453,0,小丸子很努力,2,118,21,1,2,1450,0,_
454,0,恬恬妈咪,28,534,34,7,7,1146,0,_
455,0,耳朵,333,1920,83,66,67,1745,0,_
456,0,咿呀咿呀哟,36,487,43,3,3,55,1,🥰_
457,0,Olivia。,717,226,39,0,0,0,0,_
458,0,🧀️宋同学🤭🧀️,41915,868,2051,22,28,0,1,Ins：swyuong_0427vb：SongWanYuong_0427여러분의 많은 관심과 성원을 바랍니다.🌻🌻🌻_
459,0,晴雨,10,232,7,1,1,1850,0,_
460,0,Monetorca,3,1076,36,0,34,0,0,_
461,0,让我看看是哪个小果瓤🥑,450,296,66,0,0,0,0,_
462,0,卢西子,8,248,9,0,23,1053,0,_
463,0,半兮,17,86,16,4,4,0,0,_
464,0,勿忘mi,9,51,3,2,2,29,0,_
465,0,礼服师-绮,133,1580,37,68,68,1835,1,陌上花开 可缓缓归矣_
466,0,BH,361,80,48,61,61,0,1,❤️做自己的事情，年轻就应该折腾✨每天不定时更新呀，喜欢的宝宝们可以私信我哦！_
467,0,澄子,0,207,4,2,2,1,1,多读书  多运动  多思考  多沟通一个想睁眼看世界的码农_
468,0,老易,168,281,65,45,45,599,1,无茶不欢的潮汕姿娘_
469,0,Super。曼,344,140,42,51,51,669,1,努力成为自己想要的样子！！_
470,0,岚是甜的岚,2,89,15,0,4,175,0,_
471,0,小坚果,0,118,14,0,0,72,0,_
472,0,美少女哎呀呀,390,577,87,22,23,713,1,已婚少女_
473,0,暖旭,44,255,1,8,8,855,1,做人咩 最重要的就是开心啦_
474,0,薄荷糖丶微凉,114,328,85,5,5,552,0,_
475,0,Will ～Nan,263,194,76,37,49,1561,0,_
476,0,一闪而过6799706075919,38,142,110,2,2,200,1,拒绝抱怨，遇事检讨自己_
477,0,青青子衿D22,32,82,29,14,30,2418,0,_
478,0,三棱,0,37,4,0,0,1,0,_
479,0,焉知非福,2366,1550,62,17,54,1725,0,_
480,0,想给生活请个假⏪,46,26,21,3,6,172,0,_
481,0,我是外星人,1606,141,135,272,273,0,1,忘不了_
482,0,熊小喵呀😈,42,15,19,3,3,0,0,_
483,0,crystaltt,63,115,7,21,21,271,1,两个可爱宝贝的幸福宝妈。_
484,0,林依天,532,63,77,3,3,0,1,这里是宝藏女孩♥谢谢你的关注～_
485,0,小果子,1858,76,180,113,117,423,1,❤💜💛💚💙_
486,0,Xinxin,244,1678,71,68,72,1430,1,生活不会因为你是一个女孩子，就善待你，所以你要安静的优秀，悄无声息的坚强_
487,0,yang,26,77,12,5,5,2666,0,_
488,0,XU视觉,23,429,149,2,2,154,1,分享自己的兴趣爱好_
489,0,小何,30,67,26,4,4,634,0,_
490,0,Hello-Joanna,563,882,50,78,87,3991,0,_
491,0,而后,13,52,12,1,1,47,0,_
492,0,珂爷很酷,11073,86,801,16,16,946,1,1⃣万水千山皆要好远✨2⃣希望有人懂你的言外之意更懂你的欲言又止✨3⃣热爱生活的灵魂终会相遇✨4⃣愿你寂静于暖 安然于甜✨_
493,0,欲与屿语,0,453,3,0,0,0,0,_
494,0,森林格格巫,6229,109,447,61,66,0,1,乔装成了彩虹软糖🍬_
495,0,xx,159,394,47,6,6,3637,1,我是自己的陌生人_
496,0,Ziway♡,648,524,239,36,41,15727,1,好好生活 慢慢相遇💖Vb：紫薇ziway中央民族大学17级舞蹈教育_
497,0,🎭 惠子.婚禮管家&愛柒艺.督导,240,869,108,45,45,2113,1,努力在笑，眼泪还是会掉 ⋆ 🐯_
498,0,LU💕,104,206,46,37,37,749,1,小姐姐很酷_
499,0,婷婷婷李洁🎈,158,2623,28,0,10,0,1,长安尽头无故里 故里从此别长安_
500,0,用户4799801407269,0,179,1,0,0,235,0,_
501,0,半夏时光,5638,1493,263,318,391,16795,1,人生如梦，我投入的确是真情，世界先爱了我，我不能不爱它。_
502,0,olive oyl,147,127,49,18,18,754,0,_
503,0,飘逸,326,102,67,67,67,0,1,家住在美丽的黄山老街_
504,0,那就做只猫,44,393,33,10,11,25194,0,_
505,0,用户5700346113321,0,2477,34,0,0,3358,0,_
506,0,豆子,82,228,37,23,23,221,0,_
507,0,迷糊阿妍🌸,2,57,5,1,1,0,1,无所谓前路     洒脱行走        做个酷酷的女孩子🌻_
508,0,zls一叶知秋,10,62,6,2,2,131,0,_
509,0,®My_D•ᴗ•,301,110,43,51,51,0,0,_
510,0,那个小伙,22,1113,85,6,17,10181,0,_
511,0,Lucky楠楠🍎.,64,314,45,14,15,1938,0,_
512,0,Y😘,59,276,51,7,7,741,1,得不到的你就别想了～_
513,0,NoNoNo,22,120,26,7,7,960,0,_
514,0,鱼与熊掌,191,699,78,0,0,0,0,_
515,0,爱吃🐟的(^･ｪ･^),310,416,43,27,27,3990,0,_
516,0,单身狗不为奴,108,3791,176,7,106,0,1,青春是不计后果的勇敢，成长是看清现实后的坚持。至我爱的姑娘，只要热血未凉，不管换了多少跑道，我们都能到达远方。[拥抱]_
517,0,爱你208961350,3214,1073,333,121,122,0,0,_
518,0,用户3835941291990,11,147,1,2,2,187,0,_
519,0,涛哥,0,312,7,0,0,0,1,一路顺风_
520,0,💕,1632,61,596,0,0,0,0,_
521,0,◈ 只剩♚背影◈,0,31,0,0,0,69,0,_
522,0,那末,23,189,17,5,5,280,1,爱不是大手笔的告白，不是月亮星星，爱只是狗屎运_
523,0,舒苒,1340,4980,138,833,833,12358,1,我懂你早出晚归的劳累，你知我三餐琐碎带娃疲劳，让我们一起努力，一起加油。_
524,0,倩女,261,349,67,34,34,684,0,_
525,0,叶叶,0,79,25,0,0,69,0,_
526,0,小顺子,382,186,45,127,129,1223,1,原来浮生万物里，所有重逢都不如相遇。_
527,0,时尚女神,34,224,27,4,4,264,0,_
528,0,啊sai,36,42,9,9,9,484,0,_
529,0,PJPJPJPJ,4,164,11,0,0,0,0,_
530,0,去远方、,19,28,22,3,3,6568,0,_
531,0,雨绯,352,2090,78,89,94,3528,0,_
532,0,邂逅🧚‍♀️,191,103,24,15,15,482,1,已过了耳听爱情的年纪……_
533,0,柠檬有点酸(≧ω≦),0,148,3,0,0,131,0,_
534,0,用户8307322852331,4,29,1,2,2,0,0,_
535,0,用户5419531749604,48,45,9,7,7,200,1,空气_
536,0,✘✘,25,133,8,8,8,20,0,_
537,0,山雨,0,164,41,0,0,145,1,自由_
538,0,李艺萍,91,91,40,8,8,172,0,_
539,0,用户835635283,0,124,3,0,0,2762,0,_
540,0,大脸,405,1081,173,16,16,2179,0,_
541,0,含麻麻,150,282,48,66,66,456,1,不管几岁，少女心万岁～_
542,0,奇迹,36,486,13,10,10,343,1,书能香我不需花_
543,0,醉酒的小夜猫,99,278,66,8,10,0,1,拥有的总是不安  没得到的都是不喜欢 👉LX 13972489237👈_
544,0,H,33203,227,11163,180,180,0,1,Vx：573523744🧡（男性勿加🖐🏻️）_
545,0,小芝芝一点都不喜欢喝奶茶,1,41,2,1,1,0,0,_
546,0,大雪小雪,152,754,43,49,50,1115,1,爱生活爱万物_
547,0,闲云,0,3,1,0,0,3,0,_
548,0,@叫我Lei姐,5,41,0,0,0,0,0,_
549,0,彩虹小飞侠,0,31,7,0,0,131,0,_
550,0,春舞,251,452,88,18,18,886,0,_
551,0,香水百合.,4,173,8,1,1,573,0,_
552,0,Y百合,1795,258,134,55,56,2869,1,生的再平凡，也是限量版！_
553,0,光着脚丫,49,67,10,42,43,20,0,_
554,0,蝶儿梦,79,321,5,31,31,955,0,_
555,0,不二家🍭,109,145,130,0,0,0,0,_
556,0,ゝ暖尘━╋う,0,154,5,8,8,14,0,_
557,0,柠檬~,4,240,5,0,8,240,1,我的男人，即使我拱手相让，你拿的稳么_
558,0,卩灬权势灬海,276,1266,336,33,34,0,0,_
559,0,青青,681,77,55,263,263,195,0,_
560,0,五爷,0,12,1,0,0,1,0,_
561,0,是茜茜吖,5,346,4,0,0,176,0,_
562,0,绿苑,778,339,52,111,112,2204,1,电子琴练习_
563,0,sung,0,41,0,0,0,219,0,_
564,0,初见,279,286,52,25,31,3516,1,baby_
565,0,尛儍苽0o0,0,175,0,0,0,0,0,_
566,0,岁岁,383,88,43,0,0,0,0,_
567,0,小怡宝,9,172,19,3,4,769,1,你长得这么漂亮，这么帅气，我们互粉呗🤓🤓！！！！_
568,0,Cccccy,0,321,9,0,0,211,1,🧡换一种形式生活👧🏻❤️换一种环境成长🤩🍻值得拥有更好的 💛🎡慢慢成为你的最好🌠_
569,0,沐柚-智勇,60,771,27,18,18,3501,0,_
570,0,💕小贺老师💕,316,296,97,14,14,101,1,人生海海我乐苦多_
571,0,且听风吟,1,215,26,0,1,100,0,_
572,0,汤圆不是馒头zZ,2,571,0,1,1,325,0,_
573,0,小白兔°乖乖,8,4715,38,0,0,0,0,_
574,0,U,13,137,11,7,8,244,0,_
575,0,雨馨💋TFBOYS,0,42,24,0,0,199,0,_
576,0,怀里一只小老虎,16,66,2,3,3,102,1,生活不止眼前的苟且，还有诗和远方。_
577,0,沙漠玫瑰,43,34,19,5,5,221,1,外面的世界很精彩_
578,0,盈盈浅笑中,33,134,61,0,0,0,1,中年少女，哈哈_
579,0,日不见 太阳的暖,319,358,36,15,15,0,1,✨遇见你是故事的开始🌈走到底是余生的欢喜_
580,0,山云与月,0,172,0,0,0,0,0,_
581,0,伊利,113,48,15,19,20,5,0,_
582,0,一半一半🌈,106,254,61,8,12,469,0,_
583,0,ζ 时光与你,35,222,21,11,11,940,1,原来如此_
584,0,哈呐谜姿奇,110,291,11,61,61,2141,0,_
585,0,G哥,0,629,15,0,0,509,0,_
586,0,用户9569962593457,20,344,18,10,10,335,0,_
587,0,忆梦姑娘,452,372,100,11,13,0,1,心之所想，皆是过往。_
588,0,小@洁,95,1188,29,37,37,386,1,做❤️自❤️己，我们不是人民币，做不到人人都喜欢！_
589,0,用户8889258504525,0,13,2,0,0,3,0,_
590,0,♡,351,2900,125,8,10,29207,1,小时候很傻  竟盼着长大_
591,0,剑摄,7,146,31,2,9,91,0,_
592,0,CC😻,0,50,20,0,1,175,1,明天会更好_
593,0,ゞ曾經心動ゞ,0,414,4,0,0,83,0,_
594,0,王同学,0,46,6,0,0,24,0,_
595,0,縌~,33,94,6,0,0,0,0,_
596,0,美好,99,571,128,4,4,1380,0,_
597,0,myxixi,0,10,0,0,0,8,0,_
598,0,小李子是不有点儿方,513,1843,52,103,125,6031,0,_
599,0,☞小杨同学📷,8,69,0,7,7,73,0,_
600,0,Summer,426,469,48,0,0,0,0,_
601,0,你的肥豆,717,390,96,0,0,0,0,_
602,0,☀开心时刻👯,86,526,19,20,20,1337,0,_
603,0,摄影师凡生,0,251,3,0,0,0,1,感谢抖音平台拍摄有温度的照片，记录平淡生活中的美好。_
604,0,悠扬,0,29,2,0,0,82,0,_
605,0,🤗  庆哥哥,14,137,53,3,3,36,0,_
606,0,Sheray 栖瑞,105,491,10,44,44,0,1,目前是个玩抖学员😬一点点学，一点点用😬_
607,0,禓侊宅钕,288,515,45,35,36,0,0,_
608,0,路人甲乙,0,187,0,0,0,0,0,_
609,0,神六微影,321,168,62,32,32,232,1,你的精彩🌹我来定格_
610,0,小仙女就爱口红,0,294,5,0,0,0,0,_
611,0,Woow🐣,36,256,31,6,6,1915,0,_
612,0,月亮云朵麻麻,146,766,45,21,22,1291,0,_
613,0,鱼咩咩,7,24,1,11,11,131,1,无思他人所想，只为己悦，足矣_
614,0,这是一只丁,112,305,29,11,11,586,1,一只丁就是我_
615,0,5252282,43,663,10,12,12,258,0,_
616,0,錦卿Teresa,0,138,0,0,0,2354,0,_
617,0,cici,166,154,49,21,21,918,0,_
618,0,用户8595803417180,0,12,0,0,0,4,0,_
619,0,雨,68,88,9,0,0,0,0,_
620,0,Qun,23,262,23,11,11,26,0,_
621,0,梦很遥远,57,135,17,9,9,377,1,谢谢你的关注_
622,0,婧儿,90,510,33,0,0,0,0,_
623,0,独步早春,7406,1124,871,196,403,17781,1,过好每一天！_
624,0,用户8344531627733,0,39,1,0,0,24,0,_
625,0,Truck_ne,0,559,1,0,0,4441,0,_
626,0,小月半～🌼,341,521,27,0,0,0,0,_
627,0,用户219480,0,127,1,0,0,0,0,_
628,0,李泠君,0,128,37,0,0,1514,0,_
629,0,蘑菇,285,228,46,35,35,785,0,_
630,0,用户4009240392100,0,50,11,0,0,437,0,_
631,0,喜格格,162,181,39,20,21,0,0,_
632,0,浅爱不忧伤,789,323,72,77,77,666,0,_
633,0,艾小楠u,17,116,16,15,15,133,0,_
634,0,一抹淡蓝652,177,127,28,10,21,3782,0,_
635,0,玲子,136,279,79,10,12,408,0,_
636,0,黄玫瑰🌹,323,152,17,42,42,2254,0,_
637,0,用户8992622322186,0,42,0,0,0,42,0,_
638,0,Forest,75,115,36,5,5,484,1,✨✨_
639,0,星辰．,0,98,1,0,0,0,0,_
640,0,pdsfpdh,0,108,4,0,0,14,0,_
641,0,滕欣怡,0,1709,12,0,0,333,0,_
642,0,用户9174472006936,0,20,5,0,0,77,0,_
643,0,💋🐰💄,0,272,28,0,0,369,0,_
644,0,用户9126482278885,0,38,0,0,0,27,0,_
645,0,萱萱不悬zzx,8,84,7,8,8,383,0,_
646,0,用户21811214047,2,16,0,0,1,47,0,_
647,0,熏翊,89,53,11,0,0,0,0,_
648,0,Lê Quốc Thái,1,362,2,4,4,445,0,_
649,0,攒一口袋星星,71,63,9,38,41,197,1,不问花开几许，只问浅笑安然_
650,0,用户2480680502640,0,124,30,0,0,50,0,_
651,0,用户5098686770663,0,117,1,0,0,247,0,_
652,0,赵单,0,176,144,0,0,162,0,_
653,0,泡泡雨,11,61,20,3,3,27,0,_
654,0,☆彩ゆ虹☆,0,215,17,0,0,0,0,_
655,0,橘＆子,6,26,14,1,1,970,0,_
656,0,全网明星,9,31,5,3,3,71,0,_
657,0,七彩贝,98,317,31,9,10,211,0,_
658,0,婉婉觉得很ok,0,2328,56,0,0,6521,1,一点也不喜欢2019_
659,0,每日C,4,122,106,0,0,0,0,_
660,0,、  Maki,234,184,107,12,12,526,0,_
661,0,用户7084010466941,208,303,29,13,266,822,0,_
662,0,讨厌鬼,0,425,18,0,0,46,0,_
663,0,@@🍭🍭,1013,219,92,110,114,0,0,_
664,0,雪冰,581,340,62,51,51,742,1,爱，是凡事包容，凡事相信，凡事盼望，凡事忍耐，爱是永不止息。_
665,0,柏菲儿,2048,618,1146,177,180,0,1,因为热爱生活，所以频繁的记录着平凡的生活🔆📸热爱拍照📸微❤️：15138979703_
666,0,:）,134,136,57,4,4,763,0,_
667,0,莫莫  🐠,0,115,2,0,0,0,1,ohh_
668,0,简单幸福,109,123,19,31,31,287,1,只要我们始终心怀阳光，将心归零，驱散阴霾。那么，漫漫人生，就会收获美好，一路芬芳。_
669,0,summer ,0,1546,6,0,0,7123,0,_
670,0,张大蕾,3467,390,351,80,96,0,0,_
671,0,昵称已重置,0,88,6,0,0,901,0,_
672,0,大头大头,4,266,25,1,1,28275,1,你，很好_
673,0,wuli颖儿,0,251,40,0,0,4341,1,不负众望，未来可期✨_
674,0,wisal,13,59,38,1,1,0,0,_
675,0,你的锅,0,418,25,0,0,0,0,_
676,0,玲子,0,65,11,0,0,0,0,_
677,0,韩大梦,372,394,119,12,12,1764,1,爱你的人永远都会在❤️😘所以 我爱你💕_
678,0,手机用户76883627805,7,1354,28,3,3,2409,0,_
679,0,依依,34,357,30,0,78,509,0,_
680,0,Linda,1009,623,326,57,57,4460,1,懂得珍惜，才值得拥有！_
681,0,菀儿,0,34,5,0,0,42,0,_
682,0,蔷薇随木,146,4845,115,14,22,4372,0,_
683,0,Ting,0,1285,12,0,0,944,0,_
684,0,嘉珺,0,108,9,0,0,441,0,_
685,0,A꧁彩༒霞꧂A,0,20,3,0,0,0,0,_
686,0,刘子郡,107,110,48,30,31,122,0,_
687,0,佳买买提,3,361,12,0,0,0,0,_
688,0,淡然,0,111,14,0,0,2357,0,_
689,0,kaii,302,241,67,33,34,306,0,_
690,0,水寒心,14,12,13,3,3,54,0,_
691,0,用户333370,0,494,2,0,0,412,0,_
692,0,刘欣,106,41,21,0,0,0,0,_
693,0,哼哼怪,80,1107,49,1,360,4551,0,_
694,0,鱼鱼,135,299,49,19,19,488,0,_
695,0,看看,0,39,0,0,0,2,0,_
696,0,陈先森,0,327,3,0,0,0,0,_
697,0,🍊,13,769,7,0,0,0,0,_
698,0,吃苹果吗,31,686,5,0,0,0,0,_
699,0,佳儿,14779,26,2706,92,92,24,1,承蒙厚爱，倍感珍惜_
700,0,洋洋外婆,0,43,0,0,0,7,0,_
701,0,慧,9,68,9,2,2,46,0,_
702,0,巧滋巧味,816,158,93,60,62,551,0,_
703,0,死也要瘦！！,37,2564,18,1,47,40767,0,_
704,0,comet,17,290,2,0,2,893,0,_
705,0,一朵云,4,72,17,0,0,0,0,_
706,0,用户401838498666,0,173,0,0,0,41,0,_
707,0,代代,221,68,62,11,11,63,0,_
708,0,祈祷,0,110,11,0,0,27,0,_
709,0,carrot、兔,0,101,7,0,0,744,1,肖战，无敌帅～_
710,0,仰望星空的云,0,64,0,0,0,0,0,_
711,0,Yvonne,3754,717,164,102,102,372,1,jio踩四坑，日常吃土_
712,0,用户5170418592796,0,14,3,0,0,79,0,_
713,0,莲子,377,65,102,62,65,673,0,_
714,0,Dora,62,505,42,10,10,881,0,_
715,0,何若七七👏🏻,31,102,22,3,3,3822,0,_
716,0,孤山,0,101,7,0,0,36,0,_
717,0,陌然浅笑,13,42,32,2,2,112,1,总有人教我成长，但方式不值得我感谢。_
718,0,用户初心,3,36,5,1,1,19,0,_
719,0,孙小仙💋,64,1436,39,9,10,2948,0,_
720,0,@fax,0,100,26,0,0,0,1,相忘于江湖_
721,0,🎀天使爱米粒🎀,572,862,81,145,146,0,1,总要删除一些难过，才能容纳更多快乐_
722,0,初心8251963476821,16,385,21,2,2,1992,1,🤔_
723,0,零,0,314,13,0,0,763,0,_
724,0,缘来是你,273,32,34,53,53,809,0,_
725,0,茉,7,30,18,1,1,0,0,_
726,0,苏苏,4,2320,31,1,1,1336,0,_
727,0,用户4590185735523,0,155,0,0,0,0,0,_
728,0,桐桐粑粑,32,1130,44,2,5,629,0,_
729,0,焦贝贝啊,358,346,93,19,20,1615,1,谢谢你的关注_
730,0,依然洒脱,0,75,8,0,0,82,0,_
731,0,佳倩同学,218,1505,49,26,27,2741,0,_
732,0,褪色,1110,421,105,0,0,0,0,_
733,0,anna,0,21,0,0,0,0,0,_
734,0,叶舟💕雪晰,216,3060,170,40,41,3015,1,懂你的人，会用你所需要的方式去爱你不懂你的人，会用他所需要的方式去爱你两个人的世界里懂比爱更重要懂你的人，不用长篇大论，他自然懂你不懂你的人，长篇大论，对方还觉得你啰里八嗦叶舟懂雪晰❄️的一切_
735,0,圓滾滾🐷,660,431,12,68,71,12502,0,_
736,0,嚣张小鳗鱼,1240,233,177,65,69,661,1,小巴厘妈妈_
737,0,肉丸子～1,120,195,31,79,79,1228,1,如此温暖～_
738,0,🌈(❁ᴗ͈ˬᴗ͈)◞vivi,97,109,19,15,15,866,0,_
739,0,孜孜不倦的小太阳☀️,355,423,51,44,44,1765,1,向阳而生☀️🌈_
740,0,于是955,0,332,2,0,0,111,0,_
741,0,是熹不是西,127,331,33,9,9,644,0,_
742,0,噜噜咪,11,8,31,8,8,1077,0,_
743,0,杏林杏仁,1383,423,239,41,42,56,0,_
744,0,Yuki,547,299,51,311,312,1064,1,🥿平底鞋给的安全感，👠高跟鞋永远给不了。_
745,0,在那阵橙色的和风中,19,964,18,10,11,5568,0,_
746,0,天王陛下,0,167,0,0,0,0,0,_
747,0,佳爷,239,140,92,29,30,594,1,自己选择的路，跪着也要继续前行_
748,0,泡泡,53,304,91,8,8,299,0,_
749,0,轩轩,0,297,13,0,0,13,0,_
750,0,雨晴,8,995,37,5,6,0,0,_
751,0,暴风雨。,139,156,31,13,13,0,1,你不知道。_
752,0,Hey-软耳兔兔,93,50,18,20,20,22,1,💓然然妈妈的生活杂录💓👩🏻爱好烘焙，想给你最好的陪伴❤👶🏻爱吃 爱看书 爱🚘愿你长成更好的大人，变成你喜欢的模样～_
753,0,满身刺的大榴莲,72,1314,13,23,30,2931,0,_
754,0,用户7993788688332,0,43,27,0,0,77,0,_
755,0,July,5,37,9,1,1,8,1,希望未来的路多一点恭喜和通关。_
756,0,。Spirit,4,1896,17,2,2,18324,0,_
757,0,偷时间的甜尬酱,1,75,10,1,1,140,1,我是甜尬酱，你有葱吗？_
758,0,Nguyentn,0,49,0,2,2,63,0,_
759,0,苏璃茉,0,302,2,0,0,0,0,_
760,0,Oona,16,294,36,3,3,0,0,_
761,0,懒到忧伤懒到奇迹,26,157,6,11,11,591,0,_
762,0,用户2628889311506,0,11,0,0,0,9,0,_
763,0,奶茶,0,2571,4,0,0,314,0,_
764,0,小汲来啦🧚‍♀️,585,315,88,6,9,6508,1,你别管 就是比你优秀_
765,0,楽.^_^,23,151,10,2,2,0,0,_
766,0,夏利,55,341,24,3,3,194,0,_
767,0,Metoo,65,70,18,18,20,192,1,当你强大后，就发现身边的人配不上你_
768,0,浮云,451,216,26,99,99,572,1,生活的自己_
769,0,zhanglizhe,0,280,0,0,0,556,0,_
770,0,宝贝彤,250,111,43,36,36,909,1,落落大方、喜欢艺术的乖乖女_
771,0,冬梅,625,437,49,110,110,8673,1,知世故而不世故，历圆滑而弥天真_
772,0,啊,0,48,3,0,0,115,1,海洋老师_
773,0,奥利给楷哥,1,175,8,0,0,0,0,_
774,0,Cencen,0,898,13,0,0,0,0,_
775,0,会飞的艇,16,278,8,4,4,0,1,来自深海的潜艇。_
776,0,海棠🌸花,280,249,46,21,21,805,1,美好明天_
777,0,Starshine✨,191,255,18,16,16,0,1,以下内容仅对你可见🌈_
778,0,小赵的游乐园,16,224,7,2,2,898,0,_
779,0,付小阳💫,40,120,24,4,4,1641,0,_
780,0,Victoria Zhu,2,147,15,0,10,63,1,Life is a journey… keep moving and discovering_
781,0,Cruhs,20,1274,65,0,0,0,0,_
782,0,Jeanie,17269,289,313,4,5,0,1,欲戴王冠，必受其重_
783,0,兔比小姐姐,1018,57,133,8,8,2507,0,_
784,0,星星泡饭✨,25,1029,29,3,3,0,1,热爱我所热爱的，忠于我所热爱的✨_
785,0,柠檬酸🐷,90,183,62,12,12,1326,1,没有丑女人，只有懒女人_
786,0,是婷妹,6,544,23,1,1,1553,0,_
787,0,落在秋天的叶,0,1280,2,0,0,2231,0,_
788,0,汤小姐？？？,18,116,18,2,2,1360,0,_
789,0,用户1318273505255,0,220,5,0,0,85,0,_
790,0,forever°为你锁心,1,45,0,1,1,16,0,_
791,0,一个从事银行的注会,180,19,21,2,2,126,0,_
792,0,xj,7,5,0,3,3,689,0,_
793,0,原来是你ya,171,89,53,48,48,403,1,一个喜欢摄影的新手小白_
794,0,鑫起点39150271,0,54,0,0,0,14,0,_
795,0,羊羊的阳吖,70,106,18,11,11,0,1,“从明天起，不，从今天起，你的好运将会接踵而至。” ❤_
796,0,摸仙煲的小南姐姐,937,226,130,72,72,872,0,_
797,0,向日葵🌻,215,53,72,36,36,6919,1,如果运气不行，就试试勇气：_
798,0,喂wendy,1204,559,163,0,0,0,0,_
799,0,爱琪果果,0,128,2,0,0,3,0,_
800,0,张怂怂,0,85,16,0,0,0,0,_
801,0,萍儿,53,106,40,8,8,269,1,我就是怎么快乐怎么活_
802,0,晓姥恭,4172,2729,2702,48,64,10025,1,非常感谢关注我的友友们，抖音号同步v❤  shi5680890_
803,0,__聿宣.,0,1016,8,0,0,15470,0,_
804,0,朵儿❤,6775,827,104,0,0,0,0,_
805,0,゛千城墨白ぅ,0,49,7,0,0,37,0,_
806,0,Wwwww.,0,815,36,0,0,12627,1,✨生活明朗 万物可爱✨_
807,0,NaNa,1,10,0,1,1,101,0,_
808,0,杜子涵,72,12,47,10,10,5,0,_
809,0,何嘿嘿,50,624,72,23,23,0,1,浏阳_
810,0,Axive,76,364,27,6,6,464,0,_
811,0,姚^_^聪聪,74,47,10,22,22,0,0,_
812,0,用户8887473807956,0,256,1,0,0,250,0,_
813,0,李三岁呀💕,2048,8,243,102,103,9173,1,自己爱自己最美好，活着又不是给别人看的！_
814,0,一只叫Murphy的大金毛,429,405,112,56,60,562,0,_
815,0,🌸Scarlett💜💚💛,181,2135,46,74,74,159,1,吃喝玩乐…_
816,0,一只刘小鸭,28,276,31,11,11,2915,1,别问了，爱你。_
817,0,luohao,0,88,0,0,0,0,0,_
818,0,C,0,140,14,0,0,514,0,_
819,0,🦋LinJoy,0,465,55,0,0,0,0,_
820,0,胖胖胖啦啦啦,0,580,28,0,0,357,0,_
821,0,开心市民小王🍑,405,65,89,9,9,522,1,但愿日子清静  抬头遇到的都是柔情💜_
822,0,了了、,38,34,24,4,4,190,1,第二天叫醒我的一直都不是闹钟是……🌻_
823,0,小刘吖,0,545,6,0,0,77,0,_
824,0,陆玥,735,155,70,4,4,38,0,_
825,0,大脸猫亮亮,14,112,55,2,2,0,0,_
826,0,用户5003681603702,235,121,20,96,96,306,0,_
827,0,  、粉黛,322,99,85,0,0,0,0,_
828,0,用户9191579079885,44,4,5,15,15,24,0,_
829,0,魚,263,169,33,12,12,0,1,🐟_
830,0,小杰,954,608,73,158,158,1469,0,_
831,0,zishuijing,39,70,17,7,7,77,0,_
832,0,EUN_HYE,9,68,4,2,2,150,0,_
833,0,宣,0,130,15,0,2,86,0,_
834,0,明天，你好,12,60,10,1,25,454,1,昼与夜是黑白世界，哭与笑是苦乐人生。_
835,0,国产伟哥,0,27,3,0,0,6,0,_
836,0,莫名的名_,0,556,5,0,0,277,0,_
837,0,暖暖-28,107,282,69,13,13,2202,1,|･ω･｀) 暖暖 希望你平安健康快乐♪٩(´ω`)و♪_
838,0,学学学儿,786,628,145,18,19,2657,1,清净🍃_
839,0,空谷幽兰,757,150,136,33,33,1541,0,_
840,0,用户5868032136635,0,2106,95,0,0,0,0,_
841,0,画嫣,77,47,56,5,5,25,1,蜜蜂一样工作，蝴蝶一样生活。_
842,0,暖暖echo,752,349,97,70,70,525,0,_
843,0,你的哈尼宝贝ya,0,210,4,0,0,0,0,_
844,0,逗比少女等66.6w人,89634,315,2278,38,38,0,0,_
845,0,黑色66,21,62,2,4,4,181,0,_
846,0,玫瑰花的眼泪,0,394,10,0,0,1054,0,_
847,0,萌萌噠,0,175,22,0,0,577,0,_
848,0,。,0,67,2,0,0,0,0,_
849,0,朝花夕拾,404,463,208,15,15,24545,0,_
850,0,余生，你好,7,613,10,3,3,1419,0,_
851,0,用户1777104691141,0,366,4,0,0,1507,0,_
852,0,第一家煲仔饭,404,126,55,30,30,0,1,第一家煲仔饭_
853,0,屁屁琪,11,334,14,1,1,258,0,_
854,0,Nguyễnthituvi,4,94,1,2,2,308,0,_
855,0,巧克力,451,88,93,0,0,0,0,_
856,0,(´ε｀ )♡,26,229,0,4,25,455,0,_
857,0,快乐港湾,0,107,3,0,0,1509,0,_
858,0,sunshine,0,97,6,0,0,2677,0,_
859,0,暖暖的糖果风,14,287,6,5,5,3716,1,有点甜～_
860,0,晓123,0,280,12,0,0,440,0,_
861,0,小母狼,7,35,0,1,1,164,0,_
862,0,用户1751237229117,0,38,0,0,0,8,0,_
863,0,紫晶,11,133,24,2,2,53,0,_
864,0,三白荡曳舞#花儿#感谢抖音平台支持上热门,80067,110,14390,72,72,1079,0,_
865,0,Ur,67,79,34,4,4,0,1,🤍_
866,0,玮玮动听,1293,1126,303,25,29,0,1,冬天不想长胖🧐_
867,0,薰衣＆无忧,33,2049,33,8,9,0,0,_
868,0,用户1587154213602,0,55,0,0,0,8,0,_
869,0,一口一个冰淇淋,6,392,18,1,2,1991,0,_
870,0,向陽的奈仔 えなー,3,393,20,2,2,564,1,一個常唱歌 愛烘焙 學芳療 懂占星 卻從未減肥成功的愛美大女孩兒_
871,0,Dreamer👑,12,82,15,0,0,188,1,星河滚烫，你是人间理想✨_
872,0,化化,2,42,2,3,4,26,0,_
873,0,花生小白,18,45,28,5,5,371,0,_
874,0,想飞的女孩,0,43,3,1,1,888,0,_
875,0,小欣欣,716,374,76,124,128,2176,1,记录宝宝的成长_
876,0,buiyenxuan,0,65,0,0,0,0,0,_
877,0,蓝小鱼734,60,101,17,11,11,38,0,_
878,0,ღ᭄ꦿ °王এ⁵²º᭄এ,398,742,81,24,24,1669,0,_
879,0,适合自己的才是最好的,0,81,0,0,0,0,0,_
880,0,神马235625144,112,107,38,17,17,739,0,_
881,0,魅力相约,0,39,0,0,0,48,0,_
882,0,/wx,0,238,4,0,0,928,0,_
883,0,Nice爱摄影,8720,404,2061,102,102,1201,1,在光影中寻找生命的意义，在朝阳里感受风拂过脸颊_
884,0,A夏天69,21,398,103,2,2,179,0,_
885,0,🌼Tianqq,87,186,15,18,19,529,0,_
886,0,刀姐🌸,11,33,7,3,3,0,0,_
887,0,举个栗子,1321,306,286,32,32,1397,1,你要逼自己优秀，然后骄傲的活着。_
888,0,❤Be a loity,100,170,131,11,11,533,1,❤Be a loity.不求与人相比。_
889,0,抖音木子李,35,31,82,16,16,187,0,_
890,0,纯玄米,9,429,14,1,1,2202,0,_
891,0,皛皛（摄影）,4000,374,216,14,14,1837,1,摄影爱好者拍摄工具：佳能800d修图工具：snapseed，picsArt文字:印象，美图剪辑：剪映欢迎批评指正，坚持摄影，不断学习✊_
892,0,天晴,0,124,17,0,0,3080,1,别人再好，关我什么事？我再不好，关别人什么事？人心易变岁月无情，问心无愧就好！_
893,0,清醒的宁静,6,706,22,2,2,599,1,(｡•ᴗ-)_胡思乱想_
894,0,Four·Two·Seven,2,25,3,0,0,0,0,_
895,0,喏喏唯唯,10,1093,23,0,0,0,0,_
896,0,-ZurichY-,109,467,11,56,57,2596,0,_
897,0,Dick,143,4701,304,35,39,1980,0,_
898,0,Alice_260438380,97,395,19,26,28,0,0,_
899,0,琛琛呀Cen,1575,298,235,42,45,562,1,所爱隔山海  山海不可平_
900,0,隔壁屋滴佟叔叔,26180,52,11578,76,78,131,1,清早起床了  看到镜子里的我_
901,0,君姐.,26,56,14,2,2,0,0,_
902,0,hakuna,0,227,24,0,0,0,0,_
903,0,小每攵,9,81,5,0,0,0,0,_
904,0,我超可爱,48,395,7,51,51,993,1,爱笑的女生运气都不太差。_
905,0,purple,380,374,110,23,24,5090,1,📷分享日常📷有趣的灵魂就是我-_
906,0,雨小桥,181,224,68,9,9,0,1,哥哥雨小桥～_
907,0,安小喵,106,115,84,8,10,671,1,没有谁可以回到过去 但谁都可以从现在开始🌱_
908,0,凉夕,351,1003,40,40,42,0,0,_
909,0,柠檬不甜( ´•̥×•̥` ),3,626,10,1,4,8283,1,🐷_
910,0,还没想好名字,5,56,18,3,3,485,1,摄影小白一名 只要你也喜欢拍照我们就能成为朋友可以一起讨论一起相互学习_
911,0,猫圈,2,361,5,1,1,5055,0,_
912,0,～33姐～,1063,995,143,173,223,1442,1,宝妈~萌娃~English T_
913,0,777,1540,559,855,18,18,0,1,开心一点吧_
914,0,🙊,570,240,73,51,62,0,0,_
915,0,缘分天空,0,357,12,0,0,288,0,_
916,0,天地,13,118,0,42,42,0,0,_
917,0,溪柳自摇,0,21,1,0,3,18,0,_
918,0,☀️张明媚🌟,95,387,60,0,0,0,0,_
919,0,aha_cys,74,395,38,3,3,179,0,_
920,0,辉夜大小姐,422,432,61,14,15,2076,1,喜欢日语、动漫、二次元的Lolita_
921,0,Him,10,341,1,3,3,235,0,_
922,0,已重置,0,21,1,0,0,144,0,_
923,0,粉末乖乖-Cherry,863,697,169,0,0,0,0,_
924,0,伊姿佰🌸Sunny,0,191,16,0,0,1437,1,金纳斯 让健康来得更简单_
925,0,搁浅,49,80,20,5,5,166,0,_
926,0,小瑞瑞,0,13,2,0,0,51,1,我很暴躁_
927,0,陈晨,0,48,0,0,0,20,0,_
928,0,用户3707769593151,2,99,8,1,1,35,0,_
929,0,吾与点,0,255,28,0,0,220,0,_
930,0,用户690385169479,0,1071,92,0,0,74,1,别人尊重你不是因为你优秀，而是因为别人很优秀，所以，你是什么人，就吸引什么人。_
931,0,ponyzou,24,2017,127,6,13,0,0,_
932,0,PPlur,60,92,24,18,22,600,1,piupiupiu……_
933,0,💫Lily Allen,35,341,40,2,2,0,0,_
934,0,3号打卤面,375,160,80,18,19,15294,0,_
935,0,ice314cream,1020,454,87,160,161,1506,1,心静，心净！宁静的时光里，嘴角含笑的小生活，你喜欢吗💕_
936,0,Kxiner,43,4114,100,3,3,15660,0,_
937,0,淼子,1263,376,218,81,82,542,0,_
938,0,用户3365188580980,0,86,1,0,0,3,0,_
939,0,❤❤熠熠 ❤❤,3012,366,96,247,248,21770,1,你不要错过幸福._
940,0,李芸,18,1523,35,18,22,6573,0,_
941,0,西语里的小星星,0,76,6,0,0,92,0,_
942,0,nih,0,24,0,0,0,0,0,_
943,0,天街小雨,0,344,9,0,0,0,0,_
944,0,用户6186430048098,0,152,0,0,0,0,0,_
945,0,小先生,0,260,6,0,0,544,1,当两个人真正的爱上对方时，那一刻，或许最幸福的事_
946,0,丸子和泡芙,6,158,18,11,12,273,1,老阿姨还是要开开心心😁喜欢摄影的小菜鸟_
947,0,源小源,710,1075,74,19,19,0,1,遇见_
948,0,赵～小～墨,206,119,48,24,25,476,0,_
949,0,舞月旋律,1388,713,332,105,105,2558,0,_
950,0,莹莹 ✨,3617,246,682,5,6,1362,1,喜欢分享美好的事物谢谢关注❤️_
951,0,周猫猫,375,150,130,18,18,691,1,爱谁谁_
952,0,西贝同学,0,75,9,0,0,106,0,_
953,0,没谁不行唯独你不行,15,207,14,5,5,349,0,_
954,0,香水百合,36,154,1,0,0,0,0,_
955,0,cy7766,0,82,7,0,0,14,1,我就是我～_
956,0,罗雪晗,21561,70,1550,66,66,158,1,😄一个学表演的学生 ☺️感谢关注我的每一个人～😝祝大家每天开心！！！🥰wb：罗雪晗__
957,0,柠檬味,6,336,7,1,1,0,0,_
958,0,小苹果☀,8,56,12,0,0,0,0,_
959,0,33DoubleThree,639,686,114,18,18,0,1,🦄设计师，买手     ☆爱好时尚，也爱健身！     身高158，沙漏型身材     分享小个子穿搭     -----------------------------     目前体重97斤，目标90斤     塑型方向：     薄背、直肩、美脖 | 瘦大腿 | 瘦手臂_
960,0,MeoMeo,0,143,0,0,0,2,0,_
961,0,婷婷💍💍,381,218,129,137,137,0,1,用绝对的理智和清醒的头脑。压住心里的爱和难受。_
962,0,凯凯,13,176,5,4,4,2426,0,_
963,0,少一缕阳光🔥风采团,976,1092,695,15,16,3709,1,风采团手势舞战队第二期队员_
964,0,李先生,234,330,34,22,22,276,0,_
965,0,淡然,13836,247,518,149,151,14060,0,_
966,0,用户3502534755472,0,345,1,0,0,18,0,_
967,0,@LZ,10354,281,1033,13,211,4292,1,愿你成为一个简单、温暖而有力量的人，像星星一样努力发光_
968,0,芳鹿铭瑜,70,51,9,20,20,107,1,爱生活，爱家人，爱自己，未来会无限美好！_
969,0,V v,41,1805,101,13,14,3714,0,_
970,0,Carolinegan,8732,409,238,119,122,2750,1,跟我走吧，命中缺你_
971,0,十五不吃糖,415,201,74,25,26,1706,1,进了我的抖音就是我最尊贵的客人_
972,0,用户2378673298432,0,31,2,0,0,9475,0,_
973,0,眉眼半分,501,214,87,33,34,877,1,美食与仓鼠不可辜负_
974,0,跳跳,17,117,24,3,3,4151,0,_
975,0,珍宝Piano,27,701,18,5,5,1844,1,#钢琴演奏课程专业教师#旅欧钢琴演奏专业硕士研究生#河北保定_
976,0,lijie,0,13,7,0,0,0,0,_
977,0,Cecily喆,122,1016,23,0,0,0,0,_
978,0,kristina,8091,787,65,0,0,0,0,_
979,0,李先生的小朋友,48,164,18,0,0,0,0,_
980,0,💃曉🎶胖🎵墩,25,234,9,8,8,0,1,我是一个努力干活，还不粘人的小妖精_
981,0,用户76508798084,94,148,5,0,0,0,0,_
982,0,是秀仪呀,107,283,77,6,6,149,0,_
983,0,haha12345,0,50,12,0,0,308,0,_
984,0,翩竹,4,182,5,2,2,0,0,_
985,0,用户343688341,0,73,0,0,0,0,0,_
986,0,(•౪• )鼠你可爱,0,45,3,0,0,67,1,走不出自己的内心，哪里都是囚徒。_
987,0,爱吃西瓜🍉的小恐龙🦕,1050,151,98,7,10,501,1,🍓🍉🍦🍧🍌🍬🍒🍑🍥🍿 快乐就好_
988,0,香江之恋,65,43,15,18,19,37,1,生活真精彩_
989,0,呆呆的可爱,5,156,5,0,0,0,0,_
990,0,杭州首越特贸易有限公司,1,124,17,0,0,20,0,_
991,0,之麻唐,1030,1346,1434,68,68,4626,0,_
992,0,芽姐,0,170,4,0,0,59,0,_
993,0,L,0,26,0,0,0,10,0,_
994,0,汽 🐸 水,0,101,27,0,0,0,0,_
995,0,最美的期待,44,1890,51,4,5,150,0,_
996,0,娟子,183,35,45,17,18,516,0,_
997,0,安安,434,692,95,22,22,4202,0,_
998,0,💃啊娜,432,916,81,108,115,3199,1,被养狗耽误的老阿姨_
999,0,এ᭄清芯༊,335,187,50,41,66,0,1,世上不爱的理由和借口有很多：忙，累，没感觉，不合适，为你好……而爱的表现只有一个：就想和你在一起。_
1000,0,棒棒糖,1,455,2,0,0,0,0,_
1001,0,湾湾,15958,1770,1473,33,45,0,1,🍉176cm银行大姐姐🍒分享日常随手拍摄🚒感恩_
1002,0,婷宝儿MA,96,2212,41,14,14,21809,1,宝妈一枚记录孩子成长_
1003,0,老虎叔叔,0,271,13,0,0,459,0,_
1004,0,英短男孩（奶酪）,60,115,11,0,0,0,0,_
1005,0,66716,47,179,23,12,13,878,1,安莫安于知足，乐莫乐于向善！_
1006,0,天若有情,1887,4999,1038,0,0,0,0,_
1007,0,用户7227172946310,112,111,21,40,40,855,0,_
1008,0,学会<绝情,4,825,5,0,0,0,0,_
1009,0,叶子,38,4928,95,6,8,10989,1,努力是为了让自己变得更好，更优秀_
1010,0,✎﹏𝓜𝓻  𝓡𝓮𝓷.,63,1547,77,10,19,3529,0,_
1011,0,范梵,4,443,9,1,1,121,0,_
1012,0,綄美落幕,0,123,13,0,0,28,1,有时阳光很好，有时阳光很暗，这就是生活。_
1013,0,效宣,752,335,93,79,82,0,1,真正的优雅，是修于内心，起于形色，表于外在。而这种外在是自己内心层次的一个体现与他人无关。_
1014,0,铚燦,387,239,96,30,30,0,1,不会撒娇卖萌，只会逞强死犟_
1015,0,龚家二千斤,846,1994,322,56,61,24105,1,我懂得珍惜！也舍得放手_
1016,0,爱向日葵🌻的小姐姐,4,8,1,0,0,0,0,_
1017,0,用户7680579273454,0,200,0,0,0,519,0,_
1018,0,回忆37653,78,1599,63,24,24,7415,0,_
1019,0,美丽心灵,25109,2726,1552,800,801,28320,1,人在做天在看……_
1020,0,用微笑掩饰内❤的痛｡◕‿◕｡,3302,784,244,191,191,0,1,余生过好每一天_
1021,0,清儿,3,78,7,0,0,0,0,_
1022,0,我的时光笔记――,3,23,0,3,3,10,1,努力优秀，为再见的时候_
1023,0,丢失的北半城,32,1501,80,5,7,1073,1,那是夕阳下的美好。_
1024,0,CC。,65,157,31,10,12,250,0,_
1025,0,Esther,1989,673,243,149,149,1142,1,快乐的秘诀就是停止胡思乱想_
1026,0,情感治愈师云轩,6,216,10,2,2,182,1,情伤，很痛吧……让我来治愈你_
1027,0,05234524832,1,403,7,1,1,0,0,_
1028,0,七加衣服装店,27,429,59,1,1,0,1,从事服装行业近20年，希望为您提供优质服务！_
1029,0,陌上人如玉,0,13,0,0,0,19,0,_
1030,0,一哟,0,70,1,1,1,14,0,_
1031,0,Wang♥,0,716,13,1,3,663,0,_
1032,0,用户1674892951999,0,12,0,0,0,18,0,_
1033,0,胡歌唯一官方承认女朋友,183,331,50,0,0,0,0,_
1034,0,浅兰的小鱼儿,0,594,34,0,0,0,1,一生太短🙈一瞬好长🦊幸好啊你的手曾落在我肩膀 🎐_
1035,0,张靖,184,84,18,0,0,0,0,_
1036,0,陈涵艺,596,624,248,7,7,0,1,当然是开心最重要啦🤪爱吃 爱玩 爱烘培 爱旅游 爱逛街_
1037,0,M16,0,259,4,0,0,0,0,_
1038,0,SSLDB,32,66,1,2,2,188,0,_
1039,0,江红鱼,104,151,36,18,18,156,0,_
1040,0,阳光照进回忆,15,96,12,3,3,456,1,有人爱，有事做，有牵挂，有期待_
1041,0,52,0,47,9,0,0,0,1,一个沙雕网民✨✨_
1042,0,空气,1,60,1,0,1,140,0,_
1043,0,凤翎,34,339,124,3,16,272,0,_
1044,0,佳佳,29,57,19,9,9,22,0,_
1045,0,rioo_ning,0,66,2,0,0,113,0,_
1046,0,不喜歡吃香菜.,430,1549,73,57,61,31818,1,2016级运动训练专业最大爱好追星👌🏻是个称职的小姨妈😆_
1047,0,"Hey , Miss",0,97,3,0,0,202,0,_
1048,0,略略略,32,995,21,10,10,13620,0,_
1049,0,嗯呐！,403,82,47,11,11,2511,0,_
1050,0,栗子。,6,212,6,5,5,969,0,_
1051,0,我是阳阳阳啊,11,1752,31,1,1,4728,1,热爱可抵岁月漫长_
1052,0,추 려 나,27,81,36,2,17,1091,0,_
1053,0,I'm  Baomami ✨,316,186,46,53,53,630,1,可爱萌妈咪～🦊_
1054,0,不服就干,1,188,7,0,7,0,0,_
1055,0,瑞娟酱♡,35588,154,10744,113,116,2318,1,没有什么特别之处，最大爱好就是买买买，收好多好多快递，感谢关注😜身高152，体重72斤每天晚上10点左右直播，私信看不见，欢迎来直播间唠嗑❤️_
1056,0,发际线,0,158,7,0,0,0,0,_
1057,0,蜜小柑,0,20,6,0,0,52,0,_
1058,0,王曼竹是小铃铛,272,191,26,36,36,283,1,Married with one kid_
1059,0,wind,0,1763,5,0,0,0,0,_
1060,0,一天一次全家福,21,590,26,6,6,17792,1,已卸载_
1061,0,德吉屋,162,366,77,23,23,279,0,_
1062,0,啊啊啊啊,1,39,1,0,0,0,0,_
1063,0,赵宇,0,2571,16,0,0,221,0,_
1064,0,✨奶丝✨,1273,674,53,0,0,0,0,_
1065,0,黒芓.,1417,97,127,67,69,0,1,等风来_
1066,0,小恩泽,162,74,31,20,20,899,0,_
1067,0,暴躁蜜桃心🍑,10,954,6,3,3,604,1,放映厅好心情现场营业🎊_
1068,0,卖特产的小姐姐,204,263,49,47,48,210,0,_
1069,0,丽,2642,115,198,177,178,1522,1,芒果和酸奶，2个小宝贝_
1070,0,❔❔❔,0,260,0,0,0,0,0,_
1071,0,红红火火好运来,0,32,2,0,0,71,1,我是一个快乐的人_
1072,0,月亮是湖.,0,284,6,0,0,1084,1,端一碗水 出门去捉一碗月亮🌙_
1073,0,句读知不知.,114,158,32,4,4,3971,1,嘴里的碎碎念念希望变成身边的岁岁年年✨_
1074,0,发疯的小面包,12,111,65,3,3,421,0,_
1075,0,是小财迷吖,14,585,15,16,16,3495,1,相似的人适合玩闹   互补的人才能终老_
1076,0,今天要出去玩吗,4,39,2,3,3,104,0,_
1077,0,软糖酱仙女,4,1931,16,0,0,0,0,_
1078,0,雪の樱,21,677,20,0,0,0,0,_
1079,0,大爱墨小白,847,212,71,42,43,2540,1,别总说来日方长殊不知回首间便已人走茶凉。_
1080,0,爱生活的微小V,3,124,3,2,2,15,0,_
1081,0,Doraemon,0,13,2,1,1,216,0,_
1082,0,🌸张小狮🌵,2392,1625,164,183,186,0,1,我并不大方，我的喜欢需要回应……_
1083,0,止于长白,822,810,192,14,16,0,1,人这辈子做过最徒劳的事就是频频回头。_
1084,0,毫升,0,253,0,0,14,5675,1,暴脾气_
1085,0,6,635,319,89,33,33,256,1,人生不过一场戏。_
1086,0,肖新新,37,234,11,0,3,2402,0,_
1087,0,团团团团子,0,525,7,0,0,0,0,_
1088,0,LisaaaLi🧸,985,646,37,7,8,599,0,_
1089,0,a,112,25,34,8,8,0,0,_
1090,0,阿默photo,288,381,88,17,21,0,1,用摄影的方式记录不同的时光_
1091,0,🍑7,136,149,27,0,0,0,0,_
1092,0,东百斯凯奇,28,65,18,4,5,1843,0,_
1093,0,六六的碳酸饮料,510,41,32,15,15,77,1,记录三小只有趣日常美短姐姐:六六布偶弟弟/哥哥:可乐英短妹妹：百事（头像出自一位不愿意透露姓名的大艺术家）_
1094,0,XixiLi,0,40,37,0,0,1146,1,手作不易呀✔_
1095,0,小女子,0,136,3,0,0,1319,0,_
1096,0,しovё﹏。吖頭。卟弃~,1330,414,173,114,114,764,0,_
1097,0,杨杨💓💃,2056,1074,232,332,332,2688,0,_
1098,0,涵,13,2983,34,3,3,17495,0,_
1099,0,A小懒,43,313,44,7,7,29466,0,_
1100,0,joise1155191244,18,82,19,5,5,833,0,_
1101,0,鲍鲍,106,255,101,23,23,0,0,_
1102,0,谢,147,172,63,13,13,300,0,_
1103,0,瑞恩,32,100,13,13,13,0,0,_
1104,0,我叫崔三岁,209,64,20,7,7,189,1,愿每个人都被这世界温柔以待_
1105,0,豆鱼的旅行,405,611,194,97,105,176,1,旅行就是一种修行_
1106,0,长安,2762,416,66,19,19,3270,0,_
1107,0,WYJ,0,122,7,0,0,500,0,_
1108,0,彩虹,61,116,46,7,7,92,1,64年的退休人员_
1109,0,萌妹子,0,459,37,0,0,2314,0,_
1110,0,下一秒~,223,302,47,24,24,1594,0,_
1111,0,奔奔小飞猪,54,614,9,1,1,574,1,qsw_
1112,0,💬,0,69,4,0,0,0,0,_
1113,0,我觉得挺好的,8,118,0,0,0,0,0,_
1114,0,宇宙超级无敌萌迪迪,386,57,59,53,53,304,1,小宝宝呀_
1115,0,黑胖,73,248,71,8,8,557,0,_
1116,0,宝藏女孩,159,643,153,0,0,0,0,_
1117,0,Suki,5545,479,730,40,40,693,1,潮汕小姐姐_
1118,0,用户8187667495826,0,113,4,0,0,68,0,_
1119,0,🐷小冰猪🐷,436,69,112,14,16,170,1,不输给未来就让今天活得更洒脱！_
1120,0,我有一条余,0,659,3,0,0,639,0,_
1121,0,那个谁叫忘了,73,224,47,14,14,739,0,_
1122,0,汐。,19,383,11,6,6,0,0,_
1123,0,178的小姐姐,90,1258,50,11,11,2173,0,_
1124,0,用户7099811892335,0,922,2,0,0,0,0,_
1125,0,Gjjjjjjj,1316,293,105,100,101,444,0,_
1126,0,谁是谁的谁,18,30,44,6,6,0,0,_
1127,0,连连子动物园,31,317,3,2,2,0,1,家有三只狗狗两只喵咪记录萌宠们的日常_
1128,0,申玉ID,53,421,39,15,15,1881,0,_
1129,0,阿雅,16,413,50,1,1,732,1,面朝大海春暖花开_
1130,0,🎀澜本嫁衣🎀,739,1323,127,68,69,2279,0,_
1131,0,一个圈圈,22426,275,9809,81,84,804,1,你好！这里是你的网上邻居圈圈！🐶在早大留学的大四理工汪🤩地道沈阳大妹子！！！！！🤓摄影📸和钢琴🎹都贼拉业余🐏头像是自己画的wx表情包～@小羊囷囷☺️约拍移步围脖@权囷囷_
1132,0,杨柒柒。,197,110,30,42,44,0,0,_
1133,0,梦屿小镇👩‍❤️‍👨,12337,162,1079,2,2,0,1,🌈你想要的这里都有❤️🌈做最懂你的人❤️🌈🍑🔍：梦梦家小哥哥小姐姐❤️🌈等你开启心动瞬间❤️_
1134,0,呀呀呀呀呀,0,146,11,0,0,0,0,_
1135,0,Liar,34,70,24,2,2,0,0,_
1136,0,"一根筋少女 """,129,478,53,8,32,6623,1,天黑有灯 下雨有伞 偶有想念 时常庆幸_
1137,0,依秋呀,48,64,11,11,11,566,0,_
1138,0,乐多,131,103,53,20,20,1199,0,_
1139,0,咏远,472,169,115,23,24,540,1,影像记录生活照片承载记忆📍坐标黄山一起去看美丽的黄山风景！_
1140,0,郑郑和能量的mama,138,235,40,16,16,723,1,80后二胎妈妈拥有郑郑哥哥and能量弟弟 还有他们爹一家四口，三餐四季_
1141,0,故事还在继续,122,176,43,27,27,0,1,每天分享美甲小知识，喜欢的可以关注我哦！_
1142,0,zZ🌸,210,99,29,62,62,132,1,快乐是自己给自己的_
1143,0,Augusta14,40,669,8,8,8,812,1,我喜欢十四，因为一加四等于我呀，嘻嘻_
1144,0,卢昆,10,116,26,1,1,1055,0,_
1145,0,蓝@海,1,193,3,2,3,34,1,愛自由 · 愛遨游_
1146,0,慧慧,957,2488,456,83,83,1417,1,把美好留住。_
1147,0,玫玫26,5,109,7,0,0,0,0,_
1148,0,MJ梦里~着迷,0,415,11,0,0,56,0,_
1149,0,落入凡间的精灵,864,324,147,80,81,254,0,_
1150,0,不做情绪怪兽,47,49,10,8,8,108,1,宝妈_
1151,0,wwy,26,148,14,7,8,550,0,_
1152,0,哩咪,39,65,15,7,7,157,1,可爱小哩咪一枚。_
1153,0,云彩,0,42,32,0,0,448,0,_
1154,0,历下区昆凌(⁎⁍̴̛ᴗ⁍̴̛⁎),302,926,136,0,0,0,0,_
1155,0,果子精,0,218,7,0,0,0,0,_
1156,0,素绫芷,4,10,11,3,3,0,0,_
1157,0,Co。,0,190,3,0,0,112,0,_
1158,0,渼树灯饰,40,201,30,10,10,221,0,_
1159,0,Mona,111,578,17,47,47,526,0,_
1160,0,我  受够了美的煎熬,0,170,7,0,0,695,0,_
1161,0,哼哼唧唧,42,187,11,22,22,375,0,_
1162,0,杭州凯晟针织针织品有限公司,2450,107,149,0,0,0,0,_
1163,0,👸Cc美妆,673,39,109,0,0,0,0,_
1164,0,amyyy0605,96,81,15,26,26,535,0,_
1165,0,莹,266,202,74,25,25,595,1,小镇上的一枚平凡老师！_
1166,0,黑桃幽默,0,67,22,0,0,309,0,_
1167,0,沫尛语,4,87,8,1,2,213,0,_
1168,0,谧,9,116,4,11,11,54,0,_
1169,0,爱丽丝舞蹈-Lulu老师,2973,1270,379,16,16,0,1,嘘_
1170,0,婚礼司仪~策划~歌手~李冠良,1494,1278,678,82,334,2655,0,_
1171,0,追猫少女🧀大菲,11,33,2,7,7,0,0,_
1172,0,토끼🖤,597,105,64,53,66,4936,1,减肥 挣钱 游天下 💙_
1173,0,夏默,120,220,30,19,19,1060,0,_
1174,0,桃子,5,475,33,1,1,135,0,_
1175,0,人间水蜜桃🍑,160,344,22,42,42,606,1,𓆡𓆝𓆟𓆜𓆞𓆝𓆟𓆜𓆞浅喜似苍狗，深爱如长风所爱隔山海，愿山海可平𓆡𓆝𓆟𓆜𓆞𓆝𓆟𓆜𓆞_
1176,0,🍒Cherie,12,22,5,8,8,707,0,_
1177,0,F e I,0,400,6,1,2,675,0,_
1178,0,已重置,69,244,29,5,5,328,0,_
1179,0,让❤归零,2111,279,203,242,242,1522,1,纯真葬爱，_
1180,0,奥利奥奶昔🍬🍬,98,93,9,9,9,449,0,_
1181,0,叶大喵🐯,32,291,26,9,9,970,0,_
1182,0,双子的娉婷,0,715,2,0,0,5010,0,_
1183,0,用户2415436322583,0,162,0,0,0,52,0,_
1184,0,壊壊ヤ孩孓气,806,245,110,81,133,1730,1,超越朋友的界限，不是恋人就是陌生人_
1185,0,用户5113873659183,36,49,6,4,4,39,0,_
1186,0,竖着长,10,324,11,2,2,38,0,_
1187,0,🍀亚🍀,32,63,13,10,10,147,0,_
1188,0,bao,3899,40,165,0,0,0,0,_
1189,0,瑶瑶抱着兔宝宝,67,139,21,48,51,306,1,一只无聊的小兔子_
1190,0,章鱼丸子@,0,74,5,0,0,835,0,_
1191,0,C,10,118,8,4,6,484,0,_
1192,0,云无形,4,200,15,2,2,0,0,_
1193,0,水无心,191,81,87,12,14,130,0,_
1194,0,千绮亦安,0,66,1,0,0,0,0,_
1195,0,我就是一团小雪球,72,869,29,19,19,0,1,关注我的都是小可爱～_
1196,0,南宫竹琦,0,98,22,0,0,658,0,_
1197,0,甜味少女趴,0,19,2,0,0,7,1,Never give up_
1198,0,包子♂,122,79,41,38,38,1788,0,_
1199,0,我,171,136,19,43,43,975,0,_
1200,0,用户2174991651593,19,293,2,20,20,26,0,_
1201,0,良人,0,47,1,0,0,0,0,_
1202,0,暖仔。,29,2145,21,3,3,0,0,_
1203,0,🍎🍎依依,851,477,59,0,0,0,0,_
1204,0,兔兔超甜,15384,221,183,33,60,9988,1,个人丰富 无法简介_
1205,0,🌺薇薇🎹,11074,398,2084,480,480,1686,1,简简单单  开开心心！_
1206,0,张某🇨🇳,0,195,9,0,0,165,0,_
1207,0,婉*怡,102,365,47,11,11,236,0,_
1208,0,含蓄,128392,108,3278,33,33,273,1,活得潇洒一点，让笑容成为心情而不是表情。_
1209,0,云云,5903,1150,482,154,156,24891,0,_
1210,0,-KUMI_,14,170,3,1,4,1124,0,_
1211,0,怀春青年,0,22,3,0,0,244,0,_
1212,0,我的狗呢？,24,3958,23,2,2,18189,0,_
1213,0,王梓欣呀💕,272,651,144,36,37,5053,0,_
1214,0,愿你眼里有光,124,3112,32,28,28,0,1,哪有什么岁月静好。。。_
1215,0,姝姝,281,74,44,26,26,802,0,_
1216,0,用户2018927051600,0,1301,18,0,0,1573,0,_
1217,0,用户9674338758050,0,1128,8,0,0,3096,0,_
1218,0,荷塘月色,145,1041,21,32,203,0,0,_
1219,0,杉宝,2565,2774,2366,19,19,2918,1,❤️记录杉姐儿的日常💙2013年11月的小龙女🧡一枚爱好走秀➕跳舞➕口才的小棉袄💃💚喜欢记录孩子成长路上美好的生活点滴🏠💜喜欢空闲时候拍摄➕剪辑视频💛感谢这么好看的你喜欢和关注我💞_
1220,0,丸子,40,240,16,7,7,4979,0,_
1221,0,芷禾,86,297,28,18,19,0,0,_
1222,0,外婆桥,185,3418,58,25,28,0,1,终点等你_
1223,0,七月如常,81,408,297,1,1,33,0,_
1224,0,喜不喜欢酸,0,271,1,0,0,0,0,_
1225,0,Yinsasa,0,145,0,0,2,64,0,_
1226,0,A-Wendy-贞贞,156,57,14,16,144,29,0,_
1227,0,好辣的王姑娘,1270,1287,197,59,59,4676,0,_
1228,0,星河,97,322,13,0,0,0,0,_
1229,0,苏陌,6,347,17,2,2,1363,0,_
1230,0,你瞅啥小胖纸是我,51481,700,635,139,140,9039,1,宋小茜唯一女朋友！_
1231,0,汉香,0,154,2,0,0,193,0,_
1232,0,睡猴,133,1508,75,7,7,1444,0,_
1233,0,🌞小月蠢,103,635,55,13,13,1376,0,_
1234,0,Ck🧡,348,867,51,53,53,0,1,💜爱生活，有梦想，爱乐高🧡机器人教育创始人💛追求完美的的♍️❤️乐高机械组，幼儿组认证老师💙分享乐高作品、手势舞、绘本故事、偶尔卖唱💚工作原因不定期直播_
1235,0,小梅同学爱拍照,13,25,3,3,3,165,1,人像摄影师爱旅行爱拍照 教你们用手机拍出大片_
1236,0,鸡肉卷🌯的🌸,5,140,30,0,0,710,1,察人之过   笑而不言。_
1237,0,徐春香,42,404,2,20,21,875,1,岁月静好☘️温柔以待💞_
1238,0,bommi酱,33,183,3,14,14,0,0,_
1239,0,七朵满天星*,1484,233,132,128,128,0,0,_
1240,0,土川叫个啥,1,116,0,1,1,826,1,每一张照片都是有故事的，平淡或是激昂，都与摄影师的有关老人与海、罗密欧与朱丽叶、猫和老鼠、PPT和修图～想要修图的小白～_
1241,0,心如止水1227,494,482,399,60,60,0,0,_
1242,0,CHQ琪琪,2,395,6,2,2,0,1,“我记得我当初也很温柔，像个小女生，眼里都是阳光，最后我恶语相向，心存怨恨，眼里都是失望。_
1243,0,用户393096750450,0,18,0,0,0,10,0,_
1244,0,qq'snn,0,488,14,0,0,799,0,_
1245,0,J柒@拾陆,0,110,1,0,0,7,0,_
1246,0,柴柴,0,236,2,0,0,0,0,_
1247,0,Rolaaaaaaaa,39,213,16,0,0,0,0,_
1248,0,_杨温柔_,670,133,67,65,66,0,1,小时候觉得开心就好，现在也是。_
1249,0,琦琦yu,0,1213,2,0,0,8293,0,_
1250,0,Jacqueline,3,59,2,4,4,78,0,_
1251,0,Wuuu-,269,153,24,26,26,1050,1,她正在关注你噢～vb：荧荧大宝贝_
1252,0,安图图,836,762,66,190,196,0,1,抖呀，你抖呀_
1253,0,Goyoo,0,43,2,0,0,0,0,_
1254,0,꧁小小七꧂,7,637,9,5,7,999,1,希望鼠年越来越好@_
1255,0,七七三岁半,2,20,0,5,5,38,0,_
1256,0,小脆皮,103,368,40,7,7,601,0,_
1257,0,几多,9,100,7,4,4,28,0,_
1258,0,Moon,111,436,24,26,26,2779,1,不以物喜  不以己悲_
1259,0,嗨喽,22,256,21,10,10,347,1,走好自己的路就好，不要在意别人的看法_
1260,0,S+,0,74,0,0,0,80,0,_
1261,0,飞,48,89,14,10,10,683,0,_
1262,0,_Anitaaaa😈,0,146,3,0,0,27,0,_
1263,0,∵微光,166,90,16,28,30,0,0,_
1264,0,茶笙先生,10,1409,29,5,5,1050,0,_
1265,0,葳,0,18,0,0,0,67,0,_
1266,0,开水中没有春茶～,151,60,17,45,51,775,0,_
1267,0,夹心饼干不夹心,50,509,9,11,11,0,0,_
1268,0,哈喽哈喽,7,39,16,1,1,223,0,_
1269,0,橘子汽水,0,170,1,0,0,0,0,_
1270,0,燕子🕊️,438,425,188,19,19,0,1,生命不是旅程，人生没有彩排，握住今天，活在当下！_
1271,0,燕子ˆ😊ˆ,7,39,7,2,2,317,0,_
1272,0,猫和少女,0,832,1,4,5,23,1,躲起来的星星，也在努力发光✨你也要努力啊_
1273,0,Thea,298,1160,13,0,0,0,0,_
1274,0,梦嘎,72,257,20,14,14,0,1,给大家表演一下美女发抖音_
1275,0,小八,109,234,27,9,9,0,1,你越喜欢我越可爱_
1276,0,爱情💑,0,42,0,0,0,2,0,_
1277,0,灏灏麻麻👦,1101,433,285,178,178,1879,1,做一个让自己发光的人❤感谢关注❤感谢抖音❤91年全职宝妈记录着我们三口之家日常_
1278,0,大饼爱吃蛋,13,166,47,2,2,291,0,_
1279,0,你圆🌟,131,608,23,32,32,1129,1,音乐_
1280,0,臭臭,0,63,0,0,0,131,0,_
1281,0,Adhere unshaken,39,1189,68,12,12,798,1,你会握着我的手吗_
1282,0,宋开心,119,154,65,14,14,15,1,喜欢摄影📷喜欢美食🍜爱笑爱吃😊越努力越幸福❤️_
1283,0,用户6272363396008,0,20,1,0,0,10,0,_
1284,0,浠宝,71,421,25,15,15,0,1,今天心情是开口向上的抛物线✌️_
1285,0,老疯子猛0K,26244,4735,4987,461,461,2768,1,我是江苏健美冠军，全国阳光大赛全场冠军，亚洲健美锦标赛冠军_
1286,0,3只松鼠,0,160,4,0,0,61,0,_
1287,0,星空Star,5,43,31,1,1,461,0,_
1288,0,蔡蔡～,88,69,37,13,13,540,0,_
1289,0,Blibliboom,14,116,5,0,0,0,0,_
1290,0,可乐呀Hớ₃ờ,65,71,32,15,15,253,0,_
1291,0,怪。,0,294,0,0,0,0,0,_
1292,0,团团的塆妈,15,67,23,4,4,14,1,热爱美食 热爱生活喜欢田园 喜欢自由忠于内心 忠于自己_
1293,0,Hi.C,37,1286,88,8,9,1655,0,_
1294,0,用户4731397933474,0,85,0,0,0,0,0,_
1295,0,啊偶,2,137,5,0,0,0,0,_
1296,0,畔小亭,2,73,0,2,2,75,1,没有才艺，只有傻劲_
1297,0,🌺️含羞草🌺️,27,21,7,22,23,9,1,眼睛看到的不一定是真实的。心里面的只有自己清楚_
1298,0,ahahaha,0,170,0,0,0,0,0,_
1299,0,星河八分甜,165,1227,40,24,24,68664,1,V:15629032293_
1300,0,岁岁💫,3938,989,100,453,467,2622,1,不要变圆滑 要变成星星✨_
1301,0,我是孙漂亮啊,12,68,11,2,2,48,0,_
1302,0,微笑阿姨,176,300,356,9,10,2707,1,🔥用手机拍剪视频🔥记录美好生活_
1303,0,一世长安,1,17,0,0,0,0,0,_
1304,0,简单小美好,14,4792,32,3,3,7695,0,_
1305,0,37℃女人,0,171,42,0,0,154,0,_
1306,0,Gillian Hong,1,52,0,1,1,23,0,_
1307,0,南🌸,10,46,13,1,1,5577,0,_
1308,0,大笨笨,0,40,0,0,0,0,0,_
1309,0,like,4988,4176,195,367,367,0,0,_
1310,0,尘子,0,127,37,0,0,185,0,_
1311,0,Q,29,741,26,11,13,1195,1,🌿🍃🌱_
1312,0,阿嬷亲自,0,22,4,0,0,0,0,_
1313,0,cici🍦南希,157,21,55,12,12,70,1,🍅酱你好，我是🍟！_
1314,0,筱凢筱賎,0,17,0,0,0,0,0,_
1315,0,源嘟嘟啊,0,237,8,0,0,914,0,_
1316,0,冉冉.,6,652,9,1,3,4174,1,1234567_
1317,0,丢了鱼,2,432,23,1,1,462,0,_
1318,0,不爱香菜香油香菇的三香嫂,215,138,52,31,31,1013,1,因为生活平淡，所以艰难_
1319,0,听众,14,294,16,2,3,4115,0,_
1320,0,一步,50,443,58,13,14,451,0,_
1321,0,雪儿飞,13,74,5,4,4,585,0,_
1322,0,范小兰,389,89,44,53,57,334,1,幸福生活点滴..._
1323,0,emmmm,11,110,12,6,6,179,0,_
1324,0,小珂珂,269,153,21,0,0,0,0,_
1325,0,77,0,1566,11,0,0,79687,0,_
1326,0,曌照。,32,58,14,10,13,643,1,似梦亦梦不是梦。_
1327,0,用户4586621581788,0,69,6,0,0,214,0,_
1328,0,🌸🌸🌸小伊酱😘,34,1054,66,19,19,0,1,✨承蒙你的出现⭐️⭐️⭐️让我欢喜一辈子💕  I Love ❤️You 😘_
1329,0,🐟 🐙,9492,88,463,39,40,0,1,在读研🧣KINGCONGL_
1330,0,暮春,16,1218,13,1,1,8880,0,_
1331,0,张张哦𓆡,387,66,62,32,32,70,1,VX 15161152501_
1332,0,琳^妹妹^,281,119,96,39,39,0,0,_
1333,0,Murphy,11,130,8,3,3,290,1,自由，温柔_
1334,0,依栏听歌,69,437,36,6,8,576,0,_
1335,0,%Yeyvl%,10,33,10,6,6,79,0,_
1336,0,蓝蓝,565,221,82,153,154,73,1,万水千山走遍，走遍万水千山_
1337,0,小小M,360,33,71,11,11,906,0,_
1338,0,你的丸子大爷,226,1135,81,24,25,5015,0,_
1339,0,用户9595673982375,0,19,5,0,0,8,0,_
1340,0,Qtiti,104,1226,27,52,77,1120,1,Hello曼哈顿曼曼曼_
1341,0,生活分享家,172,489,41,85,85,0,1,记录美好生活_
1342,0,再给我来一斤草莓,0,212,22,0,0,0,0,_
1343,0,qzuser,0,507,7,0,0,0,0,_
1344,0,福.萌亓,29,3926,39,0,0,0,0,_
1345,0,孫-:Y,235,26,43,4,4,0,1,什么是人 欲望满身_
1346,0,青柠柚子树,26,322,8,0,0,0,0,_
1347,0,L龄龄,168,117,43,41,42,435,0,_
1348,0,木子吖,51863,257,3261,75,85,0,1,爱自己是终生浪漫的开始❤️                                               喜欢拍照、唱歌、收集美好。🌿🌿                                  蟹蟹小仙女们的点赞和关注哦❤️                                                     V：1500347453_
1349,0,思寄街亭,33,215,43,4,4,2199,0,_
1350,0,LING·,13,24,24,2,2,80,0,_
1351,0,Zifanzizhou,0,25,1,0,0,193,0,_
1352,0,用户2254161242706,0,365,4,0,0,257,0,_
1353,0,依景言,213,2612,109,20,20,3812,0,_
1354,0,小陈,35446,135,906,87,87,0,1,🌈✨🍫☁️🍒🧸🔅_
1355,0,北辰Dary,1560,404,256,84,84,936,0,_
1356,0,沐沐,10,527,12,2,2,3559,1,可盐可甜猫咪奶咖_
1357,0,自愈。,4500,217,295,123,123,0,1,终于过上了自己最讨厌的生活，呵呵，可笑吗？_
1358,0,A一个会拍照的UFO,15,407,19,5,5,798,1,一个被遗忘在地球上的摄影师UFO_
1359,0,JIAJia吖💃️,61,465,48,0,0,0,0,_
1360,0,奔4女孩,0,43,4,0,0,25,1,手机营销部经理转美妆部经理从护肤小白到带团队做护肤品爱护肤，爱美丽，愿身边的朋友都活成曾经的样子！VX13379201090_
1361,0,用户2350660482400,0,71,0,0,0,65,0,_
1362,0,二胎妈妈o(≧v≦)o,39,64,16,12,12,46,1,VX18657292952_
1363,0,大梦一场的西早先生,0,421,5,0,0,10,1,一直拍、到处拍_
1364,0,香蕉姐姐,39,516,47,7,7,1205,0,_
1365,0,ALERT.,16,317,17,0,0,0,0,_
1366,0,人见人爱，花见花开,5,192,9,4,4,209,0,_
1367,0,姚,0,69,5,0,0,349,0,_
1368,0,当当噹噹,9,867,16,0,0,0,0,_
1369,0,用户1397264575990,100,18,5,0,0,0,0,_
1370,0,诗拗,158,200,33,29,29,3866,1,向鱼问水，向马问路，向神打听我一生的出处_
1371,0,吉页,70,165,12,1,1,329,1,我不做设计啦！JOJO！_
1372,0,手机用户83465774483,0,164,2,0,0,0,0,_
1373,0,🍀郑天真,12332,1009,902,143,146,9127,1,卫新：zhen844386840小吃一条街_
1374,0,爱摄影的葵葵酱📷,153,220,111,13,13,189,1,坐标扬州 摄影师📷 ➕V：1️⃣9️⃣9️⃣0️⃣6️⃣1️⃣3️⃣0️⃣6️⃣5️⃣5️⃣_
1375,0,芙蕖小丸子,48,26,6,8,8,22,1,我有一只大金毛_
1376,0,南絮,12,316,33,0,0,0,0,_
1377,0,晶,413,166,44,63,68,501,1,时光荏苒，你在哪里_
1378,0,欧耶爆笑日常,80,141,107,7,7,0,1,1⃣️只八个月大的博美2⃣️只两岁的龙猫三个宠物一台戏你争我抢 想要得到宠爱爆笑日常等你来看_
1379,0,陳小仙儿,307,198,81,26,26,0,0,_
1380,0,nice and nice,0,732,5,0,0,0,0,_
1381,0,Alfa妈咪,0,127,0,0,0,9,0,_
1382,0,老树根,0,14,1,0,0,9,0,_
1383,0,听话的小耳朵👂,82,226,33,6,9,2156,0,_
1384,0,丽娟,127,138,36,13,13,2082,1,医务工作者_
1385,0,zero,144,271,40,40,40,262,1,不要贸然评价我，你只是知道我的名字而已！_
1386,0,竹,4,56,9,1,1,12,1,"庭小有竹春常在,山静无人水自流_"
1387,0,凉,7,115,13,3,4,832,0,_
1388,0,龙家的童宝,135,198,31,31,31,684,1,4碧：：hOMG4363313_
1389,0,🌈彩虹,519,424,83,24,24,1293,0,_
1390,0,用户6619392970669,0,7,0,0,0,2,0,_
1391,0,爱笑的眼睛*^_^*,2,84,2,2,5,52,1,从今天起，努力去做一个可爱的人，不羡慕谁，也不埋怨谁，在自己的道路上，欣赏自己的风景，遇见自己的幸福。_
1392,0,甜悦。,554,128,145,22,22,0,1,Everything  you want and wish is all right.❤_
1393,0,小珠,3,230,5,1,1,34,1,我是越南人🇻🇳高兴认识你🥰_
1394,0,🍋,217,75,44,45,45,38,1,余生都是你、_
1395,0,用户59884044295,8,58,15,1,2,246,0,_
1396,0,花花,57,48,24,10,10,95,0,_
1397,0,香山红叶,2,36,7,1,2,29,0,_
1398,0,Alui,86,568,42,10,13,0,1,素质教育的漏网之鱼_
1399,0,春香姐姐,167,1978,77,26,26,13658,0,_
1400,0,黄大娜,9,60,10,1,1,250,1,等风也等你，biu~biu~_
1401,0,小清新trist,0,244,5,0,0,4267,0,_
1402,0,BABY（霞女）,0,31,0,0,0,41,0,_
1403,0,人间值得？,5390,160,235,3,3,210,1,✨喜欢温柔✨好好生活✨不要熬夜✨望一切如约而至_
1404,0,璐小七七,254,668,73,30,30,12724,0,_
1405,0,一颗心218170,243,909,50,23,23,8972,0,_
1406,0,乏 味,0,106,2,0,0,0,0,_
1407,0,尼纳,23,48,1,4,4,36,0,_
1408,0,派大星不傻哦,50,298,34,5,5,4578,0,_
1409,0,畑锡,0,813,22,0,0,2160,0,_
1410,0,开心三少,0,141,30,0,0,50,0,_
1411,0,易林家,1,55,2,0,0,0,0,_
1412,0,用户5104585758548,0,60,0,0,0,13,0,_
1413,0,ら樱雪之城ペ,879,200,151,109,110,801,1,笑只是个表情，与快乐无关!_
1414,0,三,0,23,0,0,0,15,0,_
1415,0,娇娇,361,524,140,34,34,1538,0,_
1416,0,欣妹吖,557,67,87,7,10,286,1,谢谢关注哦_
1417,0,A.mona 欧韩女装,145,159,88,16,16,1771,1,经营欧韩精品女装_
1418,0,👧🏻 Meizi,9,994,8,5,5,6624,0,_
1419,0,已然,2,88,4,1,1,148,0,_
1420,0,用户6310440763246,0,60,1,0,0,110,0,_
1421,0,user6980923578869,0,96,1,0,0,14,0,_
1422,0,养身,689,4210,546,0,0,0,0,_
1423,0,用户2094176910175,0,184,0,0,0,0,0,_
1424,0,九面桃桃,400,1355,55,53,56,4152,1,本人更可爱_
1425,0,曾小晖,0,29,2,0,0,4,1,一个爱摄影的工程师_
1426,0,杨霜,12,295,5,72,72,465,0,_
1427,0,Angelaaaaaa,7855,387,1987,72,73,702,1,干净的圈子，规律的生活，中意的人。_
1428,0,紫夜蓓蓓,62,100,54,5,5,856,1,💫不委屈自己，不亏欠他人！_
1429,0,用户53927474,2,13,0,2,2,2,0,_
1430,0,小廉刀,626,179,85,44,45,1840,0,_
1431,0,Princess.,130,234,49,15,16,3787,0,_
1432,0,惜缘592,0,252,1,0,0,122,0,_
1433,0,一加一大于二,1,17,0,0,1,7,0,_
1434,0,R,0,341,4,0,0,194,0,_
1435,0,咔咔,0,18,0,0,0,44,0,_
1436,0,薇逗比,1,49,14,0,0,0,0,_
1437,0,正正麻麻,844,331,107,117,136,915,0,_
1438,0,暖暖1984,57,62,10,40,40,41,1,我爱画画，我爱摄影，我爱美食，我爱旅行，我爱和家人每天在一起。我一直都是那个我，从未改变。_
1439,0,🐷,0,627,13,0,0,0,0,_
1440,0,SUGA～UO,1,119,63,3,3,498,1,会的舞种不多目前只会hiphop。urban decay。Kpop_
1441,0,你珊姐💕,145,131,63,18,20,100,0,_
1442,0,浅倾秋色,33,2579,145,2,2,21729,0,_
1443,0,用户3084784743374,0,42,0,0,0,6,0,_
1444,0,老友炒粉虫,71,126,16,0,0,7867,0,_
1445,0,用户1777788007310,0,100,5,0,0,28,0,_
1446,0,A~ li,31,484,28,7,7,230,1,☻                   人生太短 别想or 要想and_
1447,0,以利亚泽,77,128,32,3,3,138,1,释放生活  给自己大笑的力量！_
1448,0,user7886297132493,0,115,0,0,0,0,0,_
1449,0,朵朵,0,375,30,0,0,1613,0,_
1450,0,宸宸baby,41,370,5,30,30,0,0,_
1451,0,一个小崔,15,462,4,2,2,2269,0,_
1452,0,Fools,25,71,14,4,4,137,0,_
1453,0,墨灵云,0,72,8,0,0,52,0,_
1454,0,空,19,1365,9,5,5,9183,0,_
1455,0,汤圆,88,319,61,12,12,157,0,_
1456,0,尘欲暮,0,65,19,0,0,37,0,_
1457,0,奋斗的小暴躁,0,19,2,0,0,9,0,_
1458,0,用户389643228,10,217,2,0,0,0,0,_
1459,0,mua～,727,75,113,16,16,0,1,🍃与有趣的人过平凡的一生💃92年的猴❤️姐弟恋🉑️有个可爱的女儿🥰记录点滴生活_
1460,0,草莓泡芙卷,15,746,15,6,6,1257,0,_
1461,0,仓鼠精是小肉球,20,613,12,0,0,0,0,_
1462,0,亳bo,690,296,150,86,86,65,0,_
1463,0,葳汀喜品派对布置,397,568,66,53,54,0,0,_
1464,0,Lita,340,77,22,145,145,1190,0,_
1465,0,爱的主打歌,203,229,26,35,35,0,1,👸👸👸👸👸_
1466,0,用户8885220715088,0,201,0,0,0,0,0,_
1467,0,阳光🌻,176,431,38,32,32,1996,0,_
1468,0,杀尽天下叛我者,0,46,1,0,0,34,0,_
1469,0,Balabalam,0,36,1,0,1,111,1,无简介_
1470,0,小柚子是小可爱🎀,468,227,71,21,36,0,1,岁月安然 不负遇见_
1471,0,老玩童,286,57,90,27,27,578,0,_
1472,0,~~熊嘟嘟°°,0,111,0,0,0,37,1,4．你永远不知道自己在别人嘴里有多少个版本，所以做好你原来的自己。若想懂我，就请亲自来懂，若是讨厌，尽情讨厌_
1473,0,用户7305440728060,0,59,0,0,0,8,0,_
1474,0,用户2007691842336,0,6,0,0,0,3,0,_
1475,0,刘小芳,27,292,19,3,3,286,1,人一旦勇敢，就永远自由☜_
1476,0,妳不懂硪のFeel,200,399,52,32,34,1062,0,_
1477,0,春天,708,394,205,36,36,685,0,_
1478,0,雪啊,0,33,0,0,0,99,0,_
1479,0,一儒,2,48,18,0,0,49,0,_
1480,0,Shirley.Y,515,299,61,67,67,276,1,我爱我家_
1481,0,小毛豆,9,11,4,7,7,33,1,记录点滴生活，感恩有你相伴！_
1482,0,Dadadaaa,200,318,57,27,29,582,1,分享美好_
1483,0,V全是幸福―E,499,650,113,33,43,673,0,_
1484,0,xxx.,8,37,12,0,0,6944,0,_
1485,0,汤姆你个小杰瑞👒👒👒,414,114,36,59,60,1197,1,记录平凡的生活。_
1486,0,是雪雪啊📷,5522,335,398,114,115,281,1,画画写字摄影生活本身很美好_
1487,0,蓝蓝海,247,74,68,39,39,86,1,最好激励的人就是你自己！_
1488,0,林芳,2172,342,200,118,148,0,1,昨天再美好，终将压缩成今天的回忆今天再精彩，也会拼凑成明天的历史_
1489,0,草莓 🍓兔,28,92,40,7,7,92,1,喜欢的就关注一下吧~V💗zk870901_
1490,0,往事如烟,2208,142,65,0,0,0,0,_
1491,0,Nice_225866916,5,554,15,0,17,106,0,_
1492,0,Cooluckystar,0,47,0,0,0,0,0,_
1493,0,安兒,28,755,6,10,11,613,1,咿咿呀呀_
1494,0,蚂蚁军团,0,121,7,0,0,130,0,_
1495,0,秋水、,0,132,13,2,2,0,1,点关注不迷路_
1496,0,起小就蹦能。,146,275,82,11,12,295,0,_
1497,0,Aria不二,288,526,112,17,17,2934,1,爱生活，爱美食，爱旅行..._
1498,0,阿冭炸,16,2396,15,8,8,5723,1,天天微醺生活运营勿扰 真的很烦_
1499,0,闫振,277,497,1155,19,19,1478,0,_
1500,0,🐑滴答嘛嘛😂,733,363,72,76,77,1780,0,_
1501,0,我没有昵称,18,499,9,11,11,411,0,_
1502,0,久歌,40,878,24,14,14,3020,1,人生充满了起起落落，关键在于，在顶端时好好享受，在低谷时不失勇气。_
1503,0,想去公园捡P酱,0,149,1,0,0,106,1,很高兴遇见你_
1504,0,用户666310389914,0,82,0,0,0,14,0,_
1505,0,长乐未央,40,165,4,19,25,116,1,长乐未央_
1506,0,ScorpioLty,33,61,33,4,4,330,0,_
1507,0,鱼丸子   。,26,171,46,1,1,3832,0,_
1508,0,悦妤,192,4134,107,73,84,31,1,时过境迁，什么都回不到从前。_
1509,0,🔆🔅🔅,23,302,31,0,0,0,0,_
1510,0,1505740996,28,2842,33,0,0,0,0,_
1511,0,小幸运🎀,226,60,20,94,94,267,0,_
1512,0,o小小红帽o,0,114,1,0,0,0,0,_
1513,0,mini胖胖,62,25,26,3,3,59,1,很憨很可爱很Q很弹很八卦  哈哈哈_
1514,0,得闲去🌾,3,2317,26,0,20,0,0,_
1515,0,萍💋baby💕,258,2355,155,19,19,6061,1,为什么你是如此特别的存在！_
1516,0,吴亦凡女朋友呀,633,208,110,22,22,0,1,人间值得 你也值得💛_
1517,0,李橙几,221,536,45,10,10,0,1,明天见_
1518,0,ZDANYG,3140,103,271,8,9,356,0,_
1519,0,吼哈吼哈,0,201,0,1,1,0,0,_
1520,0,欢欢,23,615,31,2,2,111,1,我在等一个也许永远也不会来的人_
1521,0,木木呀,74,65,42,10,10,306,1,遍地都是月光，可月亮只有一个。_
1522,0,可爱如我,1,314,12,0,0,7956,1,努力去生活  努力去变的富有  才是以后得生活_
1523,0,🎈,72,1616,35,10,10,1962,0,_
1524,0,芸槿,113,328,50,19,19,0,1,爱生活爱自己_
1525,0,魔怔精,376,730,133,44,44,0,1,嘻嘻嘻_
1526,0,z z l j n k x l p,9,43,4,3,3,164,0,_
1527,0,时光让我别想它,58004,187,3586,37,37,797,1,大数据显示最佳天蝎座_
1528,0,雪汐,0,68,5,0,0,435,0,_
1529,0,妙善（宏学）,313,556,68,25,27,7653,1,一阵风的思念，来日可期是你～～～_
1530,0,羽翙的贪吃小厨房,105,546,16,27,27,0,1,在意身材，更尊重食物，一个在吃与动之间愉快挣扎的小迷糊。gzh：羽翙的美食私厨_
1531,0,阿加莎,0,1175,3,0,0,0,0,_
1532,0,曦洋洋🐑🐑🐑,88,243,66,4,4,0,1,活着，就是要活得比昨天好一些，再好一些，要爱得比昨天幸福一些，再幸福一些♥️_
1533,0,疯疯癫癫加肥猫🙈,21,183,31,2,2,636,0,_
1534,0,九月,19,694,15,2,7,2751,1,越努力，越幸运_
1535,0,延安,47,680,46,5,7,0,1,等着他吖♡_
1536,0,☁️ྀི☁️ྀི,905,100,108,0,0,146,1,我愿意认识所有喜欢1988的人_
1537,0,方咔咔,323,503,118,12,14,48,1,保持热情_
1538,0,用户8031090180671,0,13,0,0,0,4,0,_
1539,0,WangE0,504,280,43,11,44,1524,1,✈️既能朝九晚六也要浪迹天涯_
1540,0,用户5868717224143,0,193,1,0,1,4,0,_
1541,0,小雪,80,87,38,11,11,1369,0,_
1542,0,甜甜甜橙,0,561,23,0,0,0,0,_
1543,0,ANGELTT～婷婷,489,493,59,110,110,0,1,愿你历经山河，觉得人间值得_
1544,0,用户4848149481328,2,107,1,3,3,73,0,_
1545,0,炸鸡不好,0,358,1,0,0,0,0,_
1546,0,mint sweetie,2,295,10,2,2,1,1,不定期去市场拍新款和直播欢迎你的到来哟评论、信息努力回复_
1547,0,@我的是大好人,95,310,84,10,14,2317,1,Ms lonely with Mr distant_
1548,0,Ling,51,576,18,0,0,0,0,_
1549,0,1rrlli,154,33,73,10,11,128,1,好好生活_
1550,0,un,50,341,11,4,5,1637,1,见贤思齐焉，见不贤自省也。_
1551,0,花闹闹,8,48,4,3,3,266,1,生活的理想就是为了理想的生活_
1552,0,Daisy,2546,1248,291,166,167,5426,0,_
1553,0,ζั͡ޓއއއ๓暖心€。,11968,140,840,211,211,0,1,(๑•ั็ω•็ั๑)迷の感动💋️怒刷一下存在感！(ง •̀_•́)ง_
1554,0,艺了个菡,39676,1090,466,2,2,6148,1,😊😍😘😉😚😌😏_
1555,0,🌞,5,387,37,0,0,1017,1,爱拍照是为了记录生活_
1556,0,👙Zoe👙,330,833,269,46,46,202,1,软弱是罪恶的根源_
1557,0,要认真减肥的李老师😐,241,187,47,67,76,1317,1,瘦回去我就去剪头发 😐_
1558,0,yi _zhong,0,509,24,0,0,0,0,_
1559,0,嫣嫣麻麻还是个少女呐🍃,65692,76,6492,526,530,2476,1,海南文昌的小姐姐❤️❤️❤️语嫣麻麻_
1560,0,是芽芽鸭,124,149,62,9,9,2705,1,日常分享庄周的照片_
1561,0,木小斤,6,132,39,0,0,0,0,_
1562,0,带着生活去流浪,30,65,19,5,6,0,0,_
1563,0,｀  Shadow,37,58,29,4,5,44,0,_
1564,0,..,2,31,14,0,0,0,0,_
1565,0,honey,339,96,59,32,32,2869,1,溫柔是人間寶藏._
1566,0,Yunyi,76,248,20,9,9,502,0,_
1567,0,超级火大,0,43,6,0,0,4074,0,_
1568,0,雲淡風清  💎💕,9,71,6,1,16,177,0,_
1569,0,你好啊 再见啦,948,125,160,0,2,1927,1,不再见_
1570,0,张，兰兰兰,10066,61,166,5,5,16,1,记录可可爱爱的小日常_
1571,0,晓*雪,78,287,29,22,22,0,1,努力向前看_
1572,0,奶绿患者,102,1144,38,55,57,0,1,渠先生。_
1573,0,樱桃格格,17,307,4,0,0,0,0,_
1574,0,呀丫丫呀🐠,13,390,21,1,1,842,0,_
1575,0,好饿嗲,0,66,3,0,0,43,0,_
1576,0,我叫猫大黑,144478,132,1349,35,36,218,0,_
1577,0,유 민,2,422,13,0,1,868,0,_
1578,0,wxr的Suuuu,13,52,5,0,0,0,0,_
1579,0,木小槿,42,238,24,9,13,1920,0,_
1580,0,枯木逢春时入怀,0,50,0,0,0,0,0,_
1581,0,阿文.,48,277,17,4,5,0,1,温柔本身_
1582,0,我有糖❀,915,90,37,91,91,212,1,甜甜的✨_
1583,0,FENGFATFAT,472,451,42,259,259,491,1,一个人挺好的肥肥肥肥肥肥圆ying_
1584,0,小胖丁丁,0,295,46,0,0,752,1,听从你心    无问西东_
1585,0,找寻,0,27,0,0,0,136,0,_
1586,0,开心快乐,91,713,67,9,10,2485,0,_
1587,0,🍭🍭🍭(๑•॒̀ ູ॒•́๑),8,782,21,0,1,2424,0,_
1588,0,78805684,1,90,15,1,1,12,0,_
1589,0,小J的摄影日志,17812,747,1012,15,25,1062,1,分享日常拍摄 实践中成长_
1590,0,SSSS SONIA,0,243,43,0,0,1964,0,_
1591,0,一只小肥嘟🐷,412,604,38,3,3,3958,0,_
1592,0,木有感情的镜头,30,96,4,11,11,415,1,记住啊！别忘啦！_
1593,0,🌳🐨,66,450,1172,0,0,0,0,_
1594,0,夜瞳,42,724,112,3,3,32673,0,_
1595,0,少女病,102,791,76,8,9,1970,1,别爱太满 物极必反_
1596,0,长安,197,456,64,17,20,13080,0,_
1597,0,啊！大瘦子,146,184,40,31,31,184,0,_
1598,0,是高先生,7,897,13,2,2,49,1,春听雨声，夏听蝉声，秋听风声_
1599,0,水晶,0,247,15,0,0,1179,0,_
1600,0,Seven。琪,13,15,15,2,2,2468,1,梦想可得，实现不了就换另外一个_
1601,0,镜子_chloe,6,200,22,2,2,682,0,_
1602,0,one、,3086,421,289,0,0,0,0,_
1603,0,吃不胖的瘦子趴,247,251,20,36,36,740,0,_
1604,0,李嘻嘻,97,593,69,10,10,7277,1,终极梦想：追星成功❤️_
1605,0,转身陌路992,0,17,9,0,0,64,0,_
1606,0,annini,1,246,3,1,1,17,0,_
1607,0,Sunshine,16,189,29,4,4,790,0,_
1608,0,丰源,19,742,7,20,20,109,0,_
1609,0,梁尘息,0,573,2,0,0,4228,0,_
1610,0,木木舍予,50504,584,400,19,19,1296,1,声控网恋不二人选活蹦乱跳的肥哈_
1611,0,古月先生,89,161,13,31,31,67,1,简单._
1612,0,Guo,0,1364,21,0,0,1880,0,_
1613,0,L,24,44,24,2,2,0,0,_
1614,0,娇娇Sweety,2471,520,182,105,106,1186,0,_
1615,0,。,0,565,9,0,0,1006,0,_
1616,0,v,0,78,1,0,0,0,0,_
1617,0,心若芷萱,39,51,7,26,26,116,0,_
1618,0,你猜我猜不猜,201,148,47,18,18,0,1,你瞒我瞒。_
1619,0,ʚ笑笑ɞ,42,387,12,15,15,0,0,_
1620,0,CLOSRT,202,2194,46,38,50,1436,1,biubiubiu_
1621,0,@妍妍儿🍼,0,7,9,0,0,33,1,时光与爱都在照片里❤️_
1622,0,dr,0,76,0,0,0,0,0,_
1623,0,🐠妹,377,422,52,95,96,2575,0,_
1624,0,我还青春,640,287,109,101,111,2124,1,简单爱，简单生活。_
1625,0,雪中透着晶莹,0,5,0,0,0,63,0,_
1626,0,M💕,424,105,83,29,29,1410,0,_
1627,0,Ditop~,0,65,9,0,0,0,0,_
1628,0,玥宝啊,93,388,67,6,9,0,0,_
1629,0,21,7,555,15,0,0,0,0,_
1630,0,光辉,28,50,14,2,2,78,0,_
1631,0,柒,0,1171,13,0,0,48248,0,_
1632,0,Maomi灰,3,226,15,2,2,357,0,_
1633,0,一颗小菠萝,58,578,22,17,17,0,0,_
1634,0,yeonm,0,197,23,0,0,1771,0,_
1635,0,付大凤🙈,166,66,29,9,9,283,1,大凤是个宝贝呀😬_
1636,0,鹿柒,0,40,3,0,0,0,0,_
1637,0,梅子,1231,4905,541,49,49,4251,1,希望未来的路有你多多关照，余生请多指教，！_
1638,0,小豆芽,140,652,65,3,3,0,1,"感谢抖音,虽然我不美,但是我有一口美丽的大白牙微💟: hx20160913_"
1639,0,贝塔,130,165,38,18,19,0,0,_
1640,0,爱丽丝,76,91,24,9,11,0,1,谢谢你这么优秀还喜欢我❤_
1641,0,sbreath,0,183,23,0,0,0,0,_
1642,0,木木夕,1363,1621,111,101,117,8575,0,_
1643,0,🐷菁菁,0,90,7,0,0,238,0,_
1644,0,陶桃桃桃.,5,15,17,0,0,0,0,_
1645,0,yuanyuan,0,181,11,0,0,70,0,_
1646,0,巴拉蹦,0,888,4,0,0,0,0,_
1647,0,何欢,309,277,65,36,37,240,0,_
1648,0,Rrrrr.,177,269,27,0,0,0,0,_
1649,0,七颗柠檬糖,40,338,8,20,21,6,1,你曾是我的满心欢喜啊_
1650,0,小李睡着了,158,131,86,7,7,0,1,把时间浪费在美好的事物上_
1651,0,LYX,43,191,11,3,73,41,0,_
1652,0,ʕ·͡ˑ·ཻʔ❤,8,191,6,2,2,202,0,_
1653,0,故梦,24,26,11,3,3,485,0,_
1654,0,做傻子也做白痴,1912,362,155,0,0,0,0,_
1655,0,666,0,118,3,0,0,0,0,_
1656,0,用户238407787,0,46,0,0,0,0,0,_
1657,0,孤星,0,1186,28,0,0,2671,0,_
1658,0,user25845086167,0,42,4,0,0,191,0,_
1659,0,鬼鬼,153,695,40,0,0,0,0,_
1660,0,想喝喜茶,0,121,8,0,0,1964,0,_
1661,0,一粒小麦,9641,524,2143,82,82,1583,1,一粒小麦野蛮生长email：459278733@qq.com_
1662,0,不知名奶糖🍬,39,63,14,16,16,567,1,匆匆茫茫 可可爱爱迷迷糊糊的慢慢走_
1663,0,小  黄银么,878,74,139,22,22,1658,0,_
1664,0,用户497815835,0,40,1,0,0,371,0,_
1665,0,ヅ少ηιàη按んàδ⑽,0,24,7,0,0,0,0,_
1666,0,蔚蓝远方,13,1636,19,1,1,193,0,_
1667,0,临安记忆。,127,851,24,0,0,0,0,_
1668,0,雨欣欣欣欣,78,115,28,13,13,494,0,_
1669,0,小贱君Tiffany,0,49,5,0,0,28,0,_
1670,0,🌼෴楠姐姐,1556,487,140,82,82,3582,1,V❤：wxbllyn_
1671,0,hоηèy～,17928,150,958,20,20,1017,1,拽而有礼，拽而不狂。感谢关注！❤️_
1672,0,爱上自拍📷馆,1062,107,73,70,70,25,1,微❤️13244241207四平万达东街，爱上自拍📷馆_
1673,0,天天妈咪,25,302,43,3,3,621,0,_
1674,0,鲍园园,23,108,13,4,5,364,0,_
1675,0,放生,0,106,8,0,0,0,0,_
1676,0,Noname,0,334,1,0,0,645,0,_
1677,0,♛遗忘♛,671,92,47,44,44,322,1,只做情绪的主人不做情绪的奴隶_
1678,0,三三是个小丫头啊,157,47,14,9,12,1758,1,本命九辫，老秦，熙华，亭泰……如若公子不开腔，自此不再听薛良_
1679,0,大崚子,59,132,30,16,16,1436,0,_
1680,0,Maiqingmin,7,420,12,4,5,837,0,_
1681,0,boss大人最伟大,993,401,139,74,76,1093,1,“事在人为”根本就是一句屁话_
1682,0,Zs-yuer,1062,735,103,14,14,7663,1,🧣：是我钰钰呀_
1683,0,君初,336,212,88,18,19,0,1,谢谢你的关注_
1684,0,茗薇の吃喝玩乐,135171,710,51181,45,50,0,1,合作私信蒙古族，全脸保真，不直播三道杠杠精快躲远点，别被我盯上_
1685,0,花到不得了,27,216,11,22,24,1287,0,_
1686,0,Alone,169,20,90,1,1,0,0,_
1687,0,采茶姑娘,0,18,0,0,0,0,0,_
1688,0,L糯米,188,94,47,17,18,345,0,_
1689,0,9³,374,92,30,10,10,943,0,_
1690,0,Mercy-mo🔅,4,55,5,1,1,35,0,_
1691,0,郑州商铺那点事儿,85,125,36,16,16,0,0,_
1692,0,诺诺妈妈👩,3081,1111,219,162,162,314,0,_
1693,0,用户8971780317349,1,81,0,1,1,87,0,_
1694,0,嗯哼,9,96,9,1,1,2751,0,_
1695,0,毛毛,11,750,29,0,0,0,0,_
1696,0,咕噜咕噜隽,253,181,22,18,18,2762,1,这个人很懒 什么都没有留下_
1697,0,浮生若梦梦里还有梦,39,410,7,20,20,990,1,罔谈彼短，靡恃己长。容止若思，言辞安定。_
1698,0,用户5823076157077,0,43,0,0,0,6,0,_
1699,0,元气少女,161,1548,59,23,24,0,1,从此，海绵宝宝和派大星成为了永远的好朋友。_
1700,0,流氓兔斯基,0,180,76,0,0,324,0,_
1701,0,-我是你畅哥呀🐾,28,1208,22,0,0,0,0,_
1702,0,吃🍟不啦,68,504,13,17,18,0,1,忘れるのはもったいない_
1703,0,平常心,0,812,1,0,0,9515,1,我们难逃世俗_
1704,0,洋寶,0,216,4,0,0,1831,0,_
1705,0,小仙女,0,146,16,0,0,87,0,_
1706,0,蹦哒的鱼小姐丶,8,682,14,7,9,5638,0,_
1707,0,聪明又机智的lois大王,0,161,6,0,0,369,0,_
1708,0,我麋鹿啦,0,30,21,0,0,0,0,_
1709,0,黑魔仙,165,220,29,7,8,0,0,_
1710,0,嘿,0,918,25,0,0,418,0,_
1711,0,无,3,648,17,3,3,1686,0,_
1712,0,陆啦啦,14,728,4,0,0,0,0,_
1713,0,✨Jenelle,0,101,3,0,0,744,0,_
1714,0,明天我要自然醒,0,156,5,0,0,102,0,_
1715,0,南西摄影,157,59,30,22,22,826,1,一枚独立女摄影师有一间小工作室（南西摄影）坐标 秦皇岛约拍Vx nan4565445（注明来意）🤖👹🤥😈🙀🧝👖👖👖👖👖👖👟👞👟👞👟👠🧟🧛🧝🙋💂👽👖👖👖👖👖👖👢🧦👡👠👢👞_
1716,0,🐳鲸鱼梦,1448,129,234,60,71,0,1,🐳世间所有的美好都值得等待❤️_
1717,0,GZQING,44,459,16,0,0,7380,0,_
1718,0,鲸落😃,33,234,24,3,3,1583,0,_
1719,0,向日葵🌻,46,184,8,28,28,484,1,记录生活点滴_
1720,0,喵喵,623,351,49,64,64,2607,1,关注我的小可爱在哪里✨_
1721,0,我可超凶der,211,727,45,17,17,11866,1,我还不够温柔_
1722,0,Qity,181,296,33,0,0,0,0,_
1723,0,*棉花团儿*,8,300,8,2,2,14015,0,_
1724,0,不归路.💔,484,1477,66,42,113,0,1,如果没有温暖的怀抱，请记得多穿衣裳！！🍂🍂_
1725,0,小小玲,115,636,49,31,31,90,0,_
1726,0,用户5744795540519,0,77,3,0,0,45,0,_
1727,0,熙熙哈哈,103,1168,28,39,74,1089,1,淡看人生路，处处有芬芳！_
1728,0,mini🥕,533,224,230,25,26,468,0,_
1729,0,生如夏花。,178,40,114,12,12,429,0,_
1730,0,申敢敢🐬,235,279,127,20,21,0,0,_
1731,0,Youer筱筱🍼,874,2232,86,270,382,31500,0,_
1732,0,懒得可爱,1711,42,76,70,70,0,1,月亮很亮 亮也没用 没用也亮_
1733,0,👦🏻哥哥的霸王花🌸,2,277,20,0,0,1614,0,_
1734,0,冰草,52,83,34,0,0,0,0,_
1735,0,圆圆圆圆,315703,220,7588,0,0,0,0,_
1736,0,草莓牛奶兑咖啡,0,846,7,0,0,38,0,_
1737,0,我可以抱抱你吗,4612,559,229,0,0,0,0,_
1738,0,Hey,234,96,1045,13,13,0,0,_
1739,0,雨雪麃麃,65,1056,27,6,13,0,1,现哥，熙熙💕💕💕_
1740,0,小小的我,627,128,98,53,53,305,0,_
1741,0,V,32,423,15,10,10,860,0,_
1742,0,FM100晓楠,1157,111,282,45,46,489,1,淄博交通文艺广播周一至周六每天下午17:30-19:00，《了不起的晚高峰》_
1743,0,麒,0,792,9,0,0,673,0,_
1744,0,用户1975492384131,1,93,10,0,1,451,0,_
1745,0,皮宝,543,249,24,54,54,0,1,皮宝妈咪❤❤朋友13066902575_
1746,0,l.s,120,598,30,0,0,0,0,_
1747,0,A昵.,61,168,45,5,5,2329,1,+v:13630372310_
1748,0,胡一天得不到的女人🧚‍♀️,59,700,23,0,0,0,0,_
1749,0,麻利麻利轰～,2028,500,153,18,18,0,0,_
1750,0,灯火阑珊,341,192,47,38,46,8807,0,_
1751,0,丶慕颜,64,296,8,11,11,278,1,钱币初学者一枚  请各位泉友多多指点_
1752,0,黑眼圈圈,93,342,27,45,46,605,0,_
1753,0,用户988371790989,0,83,6,0,0,108,0,_
1754,0,晨晨,104,559,2,4,31,1352,0,_
1755,0,阿岚岚🍃,658,449,76,52,52,1554,1,爱拍照 爱做饭 的小仙女90后宝妈一枚喜欢分享母婴用品喜欢买买买_
1756,0,小giao让的海绵宝宝,21,595,1,9,9,3168,0,_
1757,0,向日葵~,0,51,2,0,4,76,0,_
1758,0,小卖部,0,142,6,0,0,0,0,_
1759,0,🍬,0,36,3,0,0,1529,0,_
1760,0,孤单又灿烂的鬼怪～,0,84,18,0,0,0,0,_
1761,0,卿本家人,3,65,4,1,1,49,0,_
1762,0,Jasmin,370,126,65,46,48,662,1,航校xio妹妹_
1763,0,豆浆油条白米饭,11,124,6,6,6,39,0,_
1764,0,石头,0,66,23,0,0,367,0,_
1765,0,已重置,0,474,17,0,0,1045,0,_
1766,0,dearshirley_,0,114,10,0,0,0,0,_
1767,0,用户4525449887448,0,258,2,0,0,735,0,_
1768,0,乔小音,53,492,12,38,39,260,1,汉服爱好者🍎分享汉服出行，汉服搭配，旅拍点击关注一起玩耍吧！_
1769,0,寒枝子,336,505,77,41,46,0,0,_
1770,0,乌啦噗啦,0,79,13,0,0,0,0,_
1771,0,金秀贤的小公举,24,461,22,0,0,0,0,_
1772,0,Hello_C,71,128,56,4,4,0,1,希望下一次可以清清楚楚 明明白白_
1773,0,▁▁累心ぃ,158,255,20,35,35,0,0,_
1774,0,老白与老赤,76308,759,10558,213,216,2859,1,两只兔叽好基友的日常一只叫老白，一只叫老赤都是一岁左右的兔公公🤣_
1775,0,青柠♛,0,275,27,0,0,2066,0,_
1776,0,我是冰冰,8124,74,754,143,143,27,1,爱笑的女生运气不会太差_
1777,0,伊莲娜🌸,0,253,2,0,0,1992,0,_
1778,0,寒冬,3,123,12,4,4,0,1,我就是我_
1779,0,本秃利的姨母,0,55,3,0,0,26,0,_
1780,0,清羽,166,94,38,20,20,2048,0,_
1781,0,开心就好,5,70,5,6,7,130,0,_
1782,0,李小君,2,579,27,1,1,2974,1,愛哭愛笑愛睡覺_
1783,0,致远,0,404,5,0,0,681,0,_
1784,0,不爱吃糖的胖辉,243,198,69,32,32,153,0,_
1785,0,若清风,37,60,14,1,1,67,0,_
1786,0,沐风细雨,0,330,0,0,0,340,0,_
1787,0,春雨用户5535653268351,0,770,14,0,0,684,0,_
1788,0,戴好好同学,411,346,33,10,15,122,1,自在，清澈，明朗。_
1789,0,温知夏☁️,3,93,3,3,4,117,1,✨ 🐑 🍉西瓜甜一点 快乐多一点_
1790,0,圣菓菓,0,294,5,0,0,379,0,_
1791,0,爱美的平子,36,187,16,8,8,469,1,化妆护肤专业玩抖音想学习了的朋友都可以关注我每天直播！_
1792,0,在人间,0,164,14,0,0,755,1,开心幽默是我的爱好，乐观向上是我的本性。_
1793,0,浩翔装饰,0,561,182,0,0,181,0,_
1794,0,安娜呀,6011,145,102,26,32,2594,1,2020要多多见面呀_
1795,0,小鱼儿,0,37,0,0,0,0,0,_
1796,0,小汤团,382,197,237,28,28,193,1,你曾是我义无反顾撞过的南墙，现如今却成了黄粱一梦的空欢喜。_
1797,0,哈,0,119,15,0,0,0,0,_
1798,0,夏天甜桃子,3984,254,438,195,197,1876,1,我还是从前那个少年🌸_
1799,0,🍀Anita,344,144,51,37,37,1284,0,_
1800,0,小宝贝❤️❤️,139,512,25,10,10,0,0,_
1801,0,大牛,0,87,9,0,0,0,0,_
1802,0,Chén,88,134,53,6,6,188,0,_
1803,0,张阿树,1,81,1,1,1,362,0,_
1804,0,悦然雅间,0,96,7,0,0,9,0,_
1805,0,宇宙霹雳无敌美少女,906,83,1213,47,52,245,1,爱生活，爱美食，爱旅行，更爱希希😄_
1806,0,念鸿雪,0,5000,52,0,0,1462,0,_
1807,0,栗宝,60,899,43,7,13,0,1,我那么可爱，别人捡走了，可就不还了_
1808,0,多多,9,1600,35,2,3,1897,0,_
1809,0,新人,210,1294,87,11,11,0,0,_
1810,0,手机用户67874793270,0,86,8,0,0,0,0,_
1811,0,昕嫣,46,403,22,3,4,150,1,人与人之间最大的吸引力，不是容颜、不是才华，而是你传递给对方的温暖与踏实，真诚与善良！_
1812,0,温柔小姐姐,745,304,131,25,25,0,1,爱生活的95小花🌹💐被宠坏的师宝儿❤️❤️❤️_
1813,0,珍珍,191,206,129,3,17,3158,1,一场疫情，一切看淡_
1814,0,风雨后的彩虹,87,36,45,9,9,260,1,有你更精彩_
1815,0,短发,0,25,1,0,0,0,0,_
1816,0,Infatuation*ゞ,0,182,32,0,0,0,1,洋葱跨境电商平台+vx：q13242380275_
1817,0,福猫,0,85,3,0,0,118,0,_
1818,0,LIU,8,46,14,0,0,0,0,_
1819,0,小程今天也很开心,64,477,24,9,9,0,0,_
1820,0,是若琳呀-,27137,71,1120,6,6,5,1,记录生活#_
1821,0,"哇,哈哈ゞ",89,328,27,9,37,0,0,_
1822,0,Evil,48,100,26,3,3,234,1,平安喜乐，万事胜意_
1823,0,用户7890267658073,0,218,0,0,0,114,0,_
1824,0,阿琳,76,616,20,34,34,134,1,在特定的时光里，遇见最美的你！经营小芈产品系列：牙膏，沐浴露，洗发水，面膜，护肤套，彩妆系列！_
1825,0,ʕ •ᴥ•ʔ周可爱,549,430,21,20,20,746,0,_
1826,0,戒不掉甜,332,731,14,0,0,0,0,_
1827,0,一只修行不够的小乙,170,3663,151,21,40,0,1,生活晴朗_
1828,0,老阿姨啊,0,114,11,0,0,429,0,_
1829,0,勺勺是吧,3,392,17,1,3,57,0,_
1830,0,咀°,0,73,11,0,0,93,1,别来无恙、你在心上©_
1831,0,路,0,162,1,0,0,465,0,_
1832,0,不要再做丧花了,51,96,25,7,7,2043,1,我的小世界_
1833,0,老区红安,54,349,81,4,4,0,0,_
1834,0,珍宝,116,1261,44,49,49,2094,1,自我怀疑 无限循环_
1835,0,用户64597708081,0,73,0,0,0,110,0,_
1836,0,゛墨沫～,689,229,134,17,17,1954,0,_
1837,0,艺萱Zz,1443,44,252,30,30,1540,1,🐶🐶_
1838,0,风雨无声\_,398,77,69,21,75,1224,0,_
1839,0,彩虹糖🌈,0,278,3,0,0,0,0,_
1840,0,🐠…小,102,44,44,15,15,1532,0,_
1841,0,可可西里的猫咪,75,286,8,0,0,42,0,_
1842,0,💛,7408,69,75,36,36,0,1,幸好思念无声 否则你震耳欲聋_
1843,0,z晓蔓🧸.,0,856,10,0,0,0,1,ᴸⁱᵛᵉ ᵃ ᵍᵒᵒᵈ ˡⁱᶠᵉ ᵐᵉᵉᵗ ˢˡᵒʷˡʸ 好好生活 慢慢相遇_
1844,0,W•snow,9,816,5,7,7,0,0,_
1845,0,！,32,1465,26,0,0,0,0,_
1846,0,H_keyu-,801,354,82,7,7,0,1,💙19级川音舞蹈学_
1847,0,斯文败类,0,1336,5,0,0,2522,0,_
1848,0,心泽,27,119,50,5,5,103,0,_
1849,0,🌈茶小汐🦄,692,238,65,65,66,0,0,_
1850,0,豆豆豆豆-,2370,1150,1287,39,44,0,1,哈喽，你好🌹._
1851,0,New-Baby🎠,962,404,71,140,143,929,1,留住瞬间_
1852,0,－,3,782,3,0,1,0,0,_
1853,0,unplmm,47,1650,26,0,0,0,1,国家二级肥胖人员_
1854,0,念念，，,90,166,21,35,35,32,1,万事万物都有两面性，一面好，或许另一面更好_
1855,0,二十。,0,211,18,0,0,1432,1,个性_
1856,0,风也温柔📷,380,111,105,24,25,268,1,📷摄影小白，一个可爱的女装店主🌻热爱生活，野蛮生长。VX:zzxp2020🍀很高兴遇见你_
1857,0,小妮,227,448,172,18,20,433,0,_
1858,0,一颗婉仔,3955,188,91,11,11,828,0,_
1859,0,木子,101,35,25,18,25,153,0,_
1860,0,奶油泡芙,0,1084,4,0,0,11248,0,_
1861,0,SEVEN,0,516,8,0,0,2401,0,_
1862,0,yeen,523,228,100,8,9,0,1,🧣tanyanyan-_
1863,0,Soulmei,226,238,43,18,19,1886,1,见花则喜，以花会友_
1864,0,104aria,0,84,2,0,0,43,0,_
1865,0,去冰加糖的小黄,341,300,47,52,55,0,1,要像个大男孩风吹又日晒生活自由自在_
1866,0,紫紫紫💜,8,104,3,11,11,54,1,免费公开课学唱歌＋🛰️💜810254162_
1867,0,用户2529414329333,9,157,16,3,4,1273,0,_
1868,0,00的朋友圈🪐,673,204,71,18,18,0,1,宝藏女孩的朋友圈👧反正没人看 我想怎么发就怎么发👀_
1869,0,大大大草莓🍓,0,186,25,0,0,0,0,_
1870,0,是山栀吖,284,269,109,25,25,0,1,👥该用户也关注了你哦WX：13164032950_
1871,0,猫七姑娘º,92,364,30,10,11,2948,1,红笺小字，说尽平生意。喜欢古风～汉服～王者很菜～会互关～_
1872,0,红珊瑚,0,250,8,1,1,0,1,在日专职主妇十年。仨孩子的妈妈。喜欢种花、种菜、种多肉，家有小兔子一只。喜欢美食、音乐，热爱生活。_
1873,0,肉肉 仙女🏁,162,589,15,0,0,0,0,_
1874,0,Doremi,72,171,22,6,6,8782,1,这里介绍不了我_
1875,0,四月,120,1775,71,10,10,2748,0,_
1876,0,胡萝卜糊了🥕🐰,728,238,106,40,40,1438,1,难熬的日子总会过去 不信你回头看看你都已经在不知不觉中 熬过了很多苦难✨💪_
1877,0,铃儿响叮当,37,509,13,9,11,317,0,_
1878,0,印度小黑孩👶🏾,45,256,33,0,0,0,0,_
1879,0,长安,32,223,32,3,3,93,1,知性而随性，热烈而纯粹🌼_
1880,0,Verna吖💋,48,482,8,7,7,0,0,_
1881,0,💋爱小胖💋,17,916,29,5,6,54,0,_
1882,0,梨涡少女,10,436,38,4,4,1193,0,_
1883,0,会奔跑的蜗牛,11,676,17,3,3,314,1,奇奇怪怪，可可爱爱_
1884,0,满满的呦,1065,193,95,58,58,0,0,_
1885,0,訨于心动,0,239,6,0,0,353,1,喜欢帅哥_
1886,0,欢喜,415,94,108,23,45,0,1,目之所及 皆是回忆心知所想 皆是过往眼之所看 皆是遗憾_
1887,0,vivi树袋熊,506,246,49,87,90,372,1,你的光芒，已沉藏在我的心底_
1888,0,执念～,1640,136,155,16,27,0,1,❤️谢谢你这么好看还关注了我_
1889,0,Q,71,457,32,13,13,4185,0,_
1890,0,小兔叽,275,79,43,51,51,864,1,岁月静好、天真依然～_
1891,0,一星,226,171,48,18,20,17733,0,_
1892,0,芝昂张,827,461,112,84,84,0,1,🤍🤍🤍_
1893,0,比巴卜,275,150,54,0,0,0,0,_
1894,0,啊V啊,17,53,18,4,4,0,0,_
1895,0,一蓑烟雨任平生lyl,11179,4984,1224,119,146,38327,1,you are what you read_
1896,0,iya哎呀,15,2074,4,0,0,0,0,_
1897,0,烬,0,2298,90,0,0,0,0,_
1898,0,艾衣人,0,49,6,0,0,42,0,_
1899,0,🍊,0,250,15,0,0,2599,0,_
1900,0,Yolanda,90,401,43,20,23,0,0,_
1901,0,谊儿,0,671,9,0,0,1123,0,_
1902,0,恒森,0,918,27,0,0,342,0,_
1903,0,椿屋小奈w,13,536,17,2,2,4064,0,_
1904,0,沉迷汉服的儒生,7,145,3,5,5,66,1,头像来自狐周周老师_
1905,0,南雪,0,160,1,0,1,95,0,_
1906,0,是小杨呐🌸,469,75,25,17,17,56,0,_
1907,0,小可爱呀💕,0,66,2,0,0,0,0,_
1908,0,Luka,1,802,2,0,0,0,0,_
1909,0,沫沫吖,240,532,104,18,18,1941,1,爱坤坤♡_
1910,0,把握小宁宁,5744,70,1784,4,15,302,1,单身了30年现在才知道我居然有个娃娃亲对象一定要把握住能不能脱单就靠大家多多帮忙了感谢你的关注_
1911,0,老子天下最,111,600,25,0,0,0,0,_
1912,0,💙,664,754,68,4,7,2690,0,_
1913,0,用户7065923937184,5,217,11,1,1,343,0,_
1914,0,静静,1161,376,218,131,131,5914,0,_
1915,0,JocelynM.,0,1609,118,0,0,0,1,Ins:jocelynmiao_
1916,0,久237939807,0,110,5,0,0,341,0,_
1917,0,用户6495145315501,0,6,0,0,0,11,0,_
1918,0,🔅️老姜,152,499,20,18,18,4694,0,_
1919,0,武汉小幸运鞋店,283,293,201,24,53,3125,1,木乐和小乐_
1920,0,章鱼哥,790,125,80,39,46,0,0,_
1921,0,风月。,427,514,65,5,7,0,0,_
1922,0,乐Yue,3450,758,192,700,746,0,1,照片是用来表达你所看的美。生活中需要一双发现美的眼睛👀设备：佳能80D、苹果7P惯用软件：黄油、美易、LR视频：剪映想约拍了私信我😊拒绝闲聊⭕️_
1923,0,cchhhhh,0,1057,15,0,0,2347,0,_
1924,0,Rrrich,33,312,3,0,0,0,0,_
1925,0,是开心呀,0,191,11,1,1,0,0,_
1926,0,ELEANORz,0,272,11,0,1,1769,0,_
1927,0,我叫彭于晏,2103,79,149,0,0,0,0,_
1928,0,🎀武凡凡凡凡凡,533,161,58,46,46,0,1,遇见你之后  我再没羡慕过任何人_
1929,0,丁艺,88,186,26,10,10,310,0,_
1930,0,🎵,1793,1853,181,381,384,0,1,是我是我是我呀_
1931,0,寻找小尾巴,196,1897,38,32,39,3862,1,MAX + MIU_
1932,0,余生。,500,247,66,84,85,1475,0,_
1933,0,海涛Mr🖤,266,1056,90,39,39,641,1,想把人间的温柔都拍给你…文案有点丧…但还是想治愈你…𓆡𓆝𓆟𓆜𓆞𓆝𓆟𓆜𓆞𓆡𓆝𓆟𓆜𓆞𓆝𓆟𓆜𓆞𓆝𓆟𓆜𓆞𓆝𓆟_
1934,0,Huanhuannn,5,620,10,16,17,2093,0,_
1935,0,予安长老,180,19,5,14,14,48,1,一名在校大二学生学习剪辑的小白，请多包涵想要你的关注哟_
1936,0,赵吒吒,0,732,12,0,0,0,0,_
1937,0,赵叮叮叮叮,610,2959,125,46,50,1951,0,_
1938,0,初终,0,67,23,0,0,461,0,_
1939,0,主持人瑞珍,7853,728,398,108,108,0,1,QQ:1305231816VX:aimama1305231816_
1940,0,winola_Y,4674,259,1061,49,49,0,1,自在且随心 ❤️_
1941,0,草莓酱汁Ya🍧,0,79,61,0,0,0,0,_
1942,0,用户1701969003330,0,270,2,0,0,299,0,_
1943,0,难 寻,426,172,99,39,39,1886,0,_
1944,0,瘦不下来的猪猪侠🐷,103,840,63,7,7,2012,0,_
1945,0,小葫芦,0,151,10,0,0,354,0,_
1946,0,Destiny,415,691,45,80,80,4184,1,我把你捧在手心 ，你就是杯子，我松开手你就是玻璃渣子_
1947,0,jiangyijie,12,157,15,2,2,513,0,_
1948,0,zF,2,33,2,4,4,23,0,_
1949,0,妖妖げ,1,21,1,1,1,9,1,哒哒哒_
1950,0,佳莉😑😑,2109,192,87,6,6,0,0,_
1951,0,小白白白白白,111,65,41,9,9,89,1,送我个小白好不好_
1952,0,柠凉,16469,216,188,32,33,1652,1,铅华不可弃✨_
1953,0,M,15,95,11,3,3,353,0,_
1954,0,Shmily。,0,41,3,0,0,292,0,_
1955,0,希melody,19,152,20,1,1,1218,0,_
1956,0,back,10,179,0,0,0,0,0,_
1957,0,草莓小达人,8,152,11,2,2,4025,0,_
1958,0,Kaylee,227,801,65,14,14,2803,1,慎独_
1959,0,X.,10,842,58,1,1,224,1,三观不同 ，相互尊重！_
1960,0,甜腻的小妞#,241,1115,62,47,56,3335,1,互相思念的人，见面才有意义。_
1961,0,青栀,0,21,3,0,0,244,0,_
1962,0,饶晓,268,302,31,0,0,0,0,_
1963,0,潮汕闹仔,10,43,6,1,1,85,1,微信：WGF1476926912电话：19868701789，微信同步_
1964,0,素戴,664,591,163,31,32,584,0,_
1965,0,悦,187,61,29,41,41,399,0,_
1966,0,豫德隆物流  李涛,78,569,124,2,2,42,1,豫德隆物流AAAA级诚信经营示范企业_
1967,0,🆚丰田还霸道的菇凉,856,540,303,90,90,534,1,人生人山人海人来人往，自己自尊自爱自由自在。_
1968,0,烟花巷陌,65,432,28,21,21,13719,1,为什么我的世界没有你_
1969,0,Mars,22,466,21,8,8,406,1,读书或者旅行，身体和灵魂一定要有一个在路上_
1970,0,CoCo有毒,25,346,17,3,13,3029,0,_
1971,0,act,0,68,3,0,0,1092,0,_
1972,0,惠,165,59,27,81,82,64,0,_
1973,0,柚子密友,131,873,45,17,17,0,1,喜欢旅行✨喜欢瞎拍📷记录生活的小美好💕_
1974,0,佩儿,42,66,14,6,6,59,0,_
1975,0,萌球球w,101,185,34,0,0,0,0,_
1976,0,小柿子ir,16,32,15,4,4,0,1,小女子不才_
1977,0,萌物宠翻天,17422,1464,1023,70,75,8116,1,我本向阳不惧忧伤_
1978,0,湘L,2,379,5,0,7,3207,0,_
1979,0,，,39,79,12,0,0,110,0,_
1980,0,小雨,24173,604,1227,26,26,5638,0,_
1981,0,丁么么,4,97,1,0,0,0,0,_
1982,0,亚亚,0,48,34,0,0,46,0,_
1983,0,❤️,2901,530,2377,108,109,0,0,_
1984,0,bm,140,392,89,29,32,1482,1,卫星zbs567fdc真心想做的加我，否则别怪我口吐芬芳！极其暴躁一女的_
1985,0,LJAIFFFAIJ,478,73,88,35,36,61,1,生命中有你足矣。_
1986,0,张先森的小星星,73,102,29,29,30,2264,0,_
1987,0,素渣渣,0,37,12,0,0,0,0,_
1988,0,用户红玫瑰,2474,242,120,121,122,4953,1,开心对待每一天，真心对待每一人！_
1989,0,㐅,0,197,5,0,0,0,0,_
1990,0,暖风昔人,0,102,0,0,0,27,0,_
1991,0,唯夏,0,383,0,0,0,0,0,_
1992,0,瑶小瑶,570,97,35,92,93,273,0,_
1993,0,婧怡🙋,16,109,40,3,3,948,0,_
1994,0,哦豁,0,267,3,0,0,119,0,_
1995,0,用户8750497884318,0,123,4,0,0,541,0,_
1996,0,只生欢喜不生忧,471,520,96,45,45,1031,1,温暖的活着给别人温暖让世界温暖暖暖的人不生病_
1997,0,咕噜,140,259,35,9,13,10535,0,_
1998,0,记得笑,0,85,11,0,0,1699,0,_
1999,0,爱看剧的妹纸,18,1056,28,5,6,11050,0,_
2000,0,小太阳啦啦啦,234,298,56,39,41,10041,0,_
2001,0,林小騎,32,127,18,8,8,0,1,不蒸馒头  争口气_
2002,0,佳佳酱,764,1020,73,55,55,1718,0,_
2003,0,用户588196484,0,28,4,0,0,9,0,_
2004,0,Y·,3996,226,153,45,45,0,1,记录美好🌻纯属好玩🌵_
2005,0,百合,732,1096,113,77,81,1857,1,热爱生活，热爱时尚💕💕_
2006,0,爱咋咋地,0,56,0,0,0,599,0,_
2007,0,_奶茶只喝三分甜,7,168,14,3,5,223,1,谢谢您的关注_
2008,0,小夏宝呀,23,326,27,0,0,0,0,_
2009,0,茶吉尼.C,392,311,69,2,2,76,0,_
2010,0,雅荷,2,11,3,1,1,28,0,_
2011,0,烦小雨.,175,827,27,4,13,15386,1,我以为一直笑就会很快乐._
2012,0,Cherry,555,444,42,80,81,1517,0,_
2013,0,殇,0,341,7,0,3,245,0,_
2014,0,⭐️,0,101,7,0,0,0,0,_
2015,0,邓等等,816,28,65,20,20,931,0,_
2016,0,小牙齿,33,68,14,10,11,886,0,_
2017,0,那英家的崽崽吖,104,95,55,7,7,348,1,你的眼里有星辰✨_
2018,0,山竹少女,434,32,148,15,15,18,1,最大的心安是自律温柔和爱自己_
2019,0,GuanyuErxuan-,1491,238,131,64,65,0,1,🈚️_
2020,0,香芋雨,228,474,38,42,43,848,0,_
2021,0,后来 我们都哭了,37,87,39,3,3,447,1,……_
2022,0,荻梗,206,507,60,29,29,6484,0,_
2023,0,⊙ω⊙,83,111,15,21,21,711,1,🙉_
2024,0,筝享国乐,377632,243,44275,235,260,0,1,生活虽然很无聊，但你要有趣一个筝龄23年的逗比小姐姐带你邂逅古筝的小美好💟💟💟💟💟💟💟💟要曲谱👇请戳下方联系电话_
2025,0,恋,540,1337,62,18,18,688,1,👧女孩子应该学会聪明，学会权衡利弊，学会习惯性保留退路，而不是只会一昧的付出，什么都不图的人最后什么都没有。_
2026,0,Have all but you,17,255,2,7,8,1404,0,_
2027,0,先生的惠惠子🍓,60,293,24,3,3,3529,1,太可爱了叭_
2028,0,郑云，,3901,321,249,21,21,717,0,_
2029,0,静,14,371,50,1,1,590,0,_
2030,0,ting's story,3187,175,73,401,674,82608,1,no key_
2031,0,今天我有猫了,427,1043,64,12,12,8574,0,_
2032,0,不是山谷ღ,23,395,17,4,4,1549,0,_
2033,0,哇,9,61,6,0,0,0,0,_
2034,0,安安菌,5,99,5,3,3,29,0,_
2035,0,啊~琪🍓,0,180,15,0,0,185,0,_
2036,0,用户1254917273996,0,22,1,0,0,0,0,_
2037,0,用户7293128549936,0,88,4,0,0,0,0,_
2038,0,是小仙女小鱼儿,363,299,79,34,37,3420,0,_
2039,0,红色人家*司令,1717,189,149,76,77,2504,0,_
2040,0,easyiyi,282,137,43,34,34,1242,1,把普通的日子过浪漫些_
2041,0,享受当下的幸福,1765,192,156,96,116,0,1,💗别低头  皇冠会掉👑💗喜欢拍照，做手工💗承蒙各位朋友的喜爱💗感谢抖音平台💗每日视频更新_
2042,0,蘑菇啊,48,228,20,7,7,0,1,海与山 风与月_
2043,0,鱼戈戈呀,68,438,33,11,11,0,1,找到你是我最伟大的成功_
2044,0,小猴几,45380,140,802,59,59,773,1,嘻嘻哈哈_
2045,0,怪物,163,244,29,0,0,0,0,_
2046,0,螃蟹妹妹🦀,40830,731,647,248,464,0,1,别关注别私信别评价会怼人_
2047,0,某只肥梨梨,0,136,7,0,0,646,0,_
2048,0,媚媚今天没有想你ᵕ̈,772,886,72,92,99,0,0,_
2049,0,Joey,105,955,13,0,0,0,0,_
2050,0,Yeewei,0,356,9,0,0,2091,0,_
2051,0,百事可爱💫,400,126,105,10,12,0,1,频繁记录着 因为生活值得❤️感谢抖音官方平台🌸谢谢你们的关注🧸_
2052,0,🍩🍰🍧木子李🍦🍭🥤,266,51,55,9,9,68,0,_
2053,0,戏月牧风,21136,1040,1392,271,590,0,1,岁月给了你温柔，而你给了我岁月_
2054,0,🌴,4,196,15,0,0,0,0,_
2055,0,Mirror,0,49,12,0,0,0,0,_
2056,0,用户7840425083903,0,188,2,1,1,417,1,小二 珍珠奶茶走珍珠谢谢_
2057,0,Y..,640,711,83,11,11,407,1,收集世间温柔去见你_
2058,0,鑫空17,40,261,42,5,7,387,0,_
2059,0,董,87,412,60,0,0,0,0,_
2060,0,达波珍,48,436,18,15,15,1655,0,_
2061,0,小丑鱼,326,305,39,33,45,1710,1,想要记录美好的小白_
2062,0,婵婵小魔女,217,297,31,43,45,1518,0,_
2063,0,W,16,40,15,0,2,0,1,私信一般不会回复。_
2064,0,瞿瞿瞿777,270,313,37,18,18,3027,1,To Do_
2065,0,哔哔蛋✨,1,162,15,0,3,612,0,_
2066,0,Cat,185,102,63,0,0,0,0,_
2067,0,。,0,215,2,0,0,0,0,_
2068,0,媛大媛,208,158,33,0,0,0,0,_
2069,0,李翎羽☀,507,51,46,39,39,1159,1,❤️余生只爱你_
2070,0,用户7197092894237,0,109,1,0,0,285,0,_
2071,0,涛帝,761,1129,160,19,20,0,0,_
2072,0,宁缺-,56,188,34,7,8,0,0,_
2073,0,Donna宝,44,110,11,9,9,250,0,_
2074,0,〆戀上碎粹唸,5,187,19,1,1,388,0,_
2075,0,用户3942638158898,0,9,0,0,0,4,0,_
2076,0,小露东咚,72,48,24,17,17,6,1,小巧型，可爱达人。分享生活中的乐趣。_
2077,0,叶落🌙,19,390,26,9,9,0,1,🐒_
2078,0,ooooo,9,163,25,1,1,500,0,_
2079,0,sincere,4188,1921,247,51,51,3595,1,没有人永远爱你，但永远有人爱你 ❤_
2080,0,你是大猪猪🌟,1015,298,294,21,21,0,1,每一岁的成长都仍要奔走在自己的热爱里🌞🌞Hey感谢你的关注与喜欢💗_
2081,0,菠萝🍍,0,92,2,0,0,135,0,_
2082,0,ཉ✨小Mini🌸（关赞必回）,837,523,130,50,50,4677,1,预产期2020.7.3我（小Mini）             爸比妈咪期待着我的到来👏👏_
2083,0,小矫情,0,116,11,0,0,3,0,_
2084,0,饱饱要变辣,17834,686,2588,51,54,2111,1,人生几十年 想见到自己最喜欢的样子。_
2085,0,伊沬安💙星漩🌸🍀,0,271,4,0,0,0,1,非常爱粉的小姐姐，爱生话，爱自己！🍓_
2086,0,kk,22,904,43,3,3,0,0,_
2087,0,家里的零食说想我了,12,1787,28,0,0,0,0,_
2088,0,习惯就好,52,342,119,9,23,363,1,爱上一个人只需要一分钟，忘记一个人却需要一辈子！_
2089,0,WQF的小媳妇,52,150,28,13,15,968,1,永远屈服于温柔_
2090,0,七淮。,20,145,18,0,0,0,0,_
2091,0,小火星公子,91,609,49,18,18,1344,0,_
2092,0,随风,14,128,15,4,4,359,1,一个喜欢摄影的伪文艺青年💗记录生活，分享乐趣📸_
2093,0,凓,0,318,62,0,0,0,0,_
2094,0,西瓜瓜,75,129,13,10,10,339,1,📷_
2095,0,有趣的单身，胜过将就的爱情,0,444,22,0,0,71,1,有时候不是不懂只是不想懂有时候不是不知道只是不想说出_
2096,0,💃不负韶华💃,94,160,81,11,11,881,0,_
2097,0,～,45,152,11,0,0,857,0,_
2098,0,Sugar💕,2,145,8,0,0,0,0,_
2099,0,偏执.,76,994,278,1,5,2738,0,_
2100,0,LuYo,0,130,13,0,0,923,0,_
2101,0,Y(^_^)Y,0,131,22,0,0,274,0,_
2102,0,小小工程师,431,55,132,28,30,4691,1,心怀梦想 脚踏实地 在平凡的水利岗位上做一个不平凡的水利人_
2103,0,我爱英语口语,20,151,18,1,1,0,1,喜欢书喜欢唱歌喜欢吉他喜欢英语（报班学过，目前又处于自学阶段了）_
2104,0,若有来生,1,666,1,0,0,0,0,_
2105,0,C🍡,0,1,9,0,0,12,0,_
2106,0,Lounger,34,110,21,6,6,0,0,_
2107,0,默契,12,208,9,1,1,443,1,坚定的生活。_
2108,0,东郎😘,162,203,16,45,46,0,0,_
2109,0,圆脸菌,0,61,8,0,0,0,0,_
2110,0,-yyyyyyyc-,132,4084,38,73,74,652,1,一个摄影博主一个vlog博主一个探店博主一个美食博主一个唱歌博主一个搞笑博主分享自己的日常_
2111,0,陳小曦,15,113,27,6,6,752,0,_
2112,0,它奇拉,49,2276,50,16,16,1290,0,_
2113,0,青ちゃん,41,119,31,6,7,19296,1,勿以恶小而为之 勿以善小而不为_
2114,0,我就是我,0,127,14,0,0,325,0,_
2115,0,Coisini💕,592,43,104,59,59,163,0,_
2116,0,May,91,210,56,0,0,0,0,_
2117,0,🙈,9,478,34,4,4,0,0,_
2118,0,sensitive6238523745,0,808,8,0,0,6586,0,_
2119,0,咹小宁,77,106,46,9,12,214,0,_
2120,0,鬼粉，你知道没,2,287,7,2,2,0,0,_
2121,0,XXX,88,28,69,0,0,22,0,_
2122,0,sy,87,723,39,18,29,1414,0,_
2123,0,小枣麻麻,237,171,71,16,18,410,0,_
2124,0,苗苗吖,171,2154,925,8,11,5780,1,一起探寻宇宙的奥秘吧阿哈哈哈哈_
2125,0,可可爱爱没有脑袋,25,274,6,0,0,0,0,_
2126,0,小陈今天也要早睡,13,530,34,1,1,200,1,忠於自己热爱生活_
2127,0,Misscici,3368,385,1460,48,48,315,1,小资女👧🏻幼稚✨爱生活 🍴_
2128,0,！。,0,129,1,0,0,360,0,_
2129,0,小蓝羊童品,236,142,66,166,166,212,1,用心做童装的老板娘_
2130,0,徐嘻嘻,4,188,7,1,1,2292,0,_
2131,0,开口笑,0,138,4,0,0,114,1,90后老阿姨_
2132,0,南玖,76,229,50,16,17,0,0,_
2133,0,天天天蓝,3,57,10,0,0,0,0,_
2134,0,我和我的猫都很想你,187628,83,8768,0,0,0,0,_
2135,0,史迪比比,182,161,69,27,27,0,1,这个人很懒，一句话也没留下😉_
2136,0,喵喵,69,59,30,24,24,0,0,_
2137,0,用户9307315407968,0,63,5,0,0,682,0,_
2138,0,July橘子,7,133,11,2,2,11231,0,_
2139,0,尾巴,102,249,32,4,4,0,0,_
2140,0,酸奶婷🍪️,37,204,54,2,3,949,0,_
2141,0,user571187272750,0,782,3,0,0,215,0,_
2142,0,啊蠢,159,769,78,20,22,2734,0,_
2143,0,🍁,0,252,29,0,0,0,0,_
2144,0,大太阳,38,121,23,7,7,749,1,你未必光芒万丈，但始终温暖有光_
2145,0,付晓明医生,663,168,144,60,61,1040,0,_
2146,0,我不是小朋友,265,51,31,6,6,2500,0,_
2147,0,✨小星星,1076,207,153,0,0,0,0,_
2148,0,爬墙的小姑凉,3,73,4,0,0,356,1,追星狗_
2149,0,Myh♥,224,427,73,2,2,0,0,_
2150,0,想养一只汪星人叫顺心,765,376,156,117,122,274,1,本宝宝暂时还没想到个性签名…_
2151,0,゛鸢蝶づ,85,150,25,7,40,169,0,_
2152,0,日出前的黎明灰,84,11,46,9,10,0,0,_
2153,0,爱吃茄子的魔芋🐾,130,167,99,8,8,2702,0,_
2154,0, Amy.Chang,174,240,69,41,41,314,0,_
2155,0,墨香半夏,181,247,43,16,16,730,1,这一生还很长，我会好好的走下去！_
2156,0,Devil,11,191,19,6,6,1201,0,_
2157,0,丢丢😎,25,89,12,3,3,6627,1,是一个笨蛋_
2158,0,抹茶妹,60,44,27,18,18,0,0,_
2159,0,◑▂◐,302,165,38,32,32,2343,0,_
2160,0,七猫7,33,2009,47,1,1,941,0,_
2161,0,好了,0,122,12,0,1,379,0,_
2162,0,风儿,310,125,38,41,41,0,1,生活不是我们活过的日子而是我们记住的日子_
2163,0,用户905743015,0,2287,12,0,0,2930,0,_
2164,0,晨露儿,741,136,79,35,35,213,0,_
2165,0,爱偷懒的欧尼,0,40,1,0,0,33,0,_
2166,0,蓝天小恶魔,327,56,39,75,76,2696,1,深深的话，要浅浅的说……_
2167,0,🐱bobo,14,467,368,1,1,0,1,嘿呦就是你_
2168,0,小丑鱼,70,143,21,0,0,0,0,_
2169,0,忙着闲,0,328,16,0,0,0,0,_
2170,0,你是我的特能苏,1852,437,44,84,84,5605,0,_
2171,0,Joyce被注册了,24,1176,24,0,0,2835,0,_
2172,0,sunny🌻,355,86,91,40,44,0,1,晓看天色暮看云！_
2173,0,6元,3,48,3,2,2,932,0,_
2174,0,dwwexx,0,175,6,0,0,0,0,_
2175,0,……………………………………,25,3092,47,5,8,28398,0,_
2176,0,蔓越莓mmm,2268,2187,455,16,17,9245,1,微博同名哦_
2177,0,胖圆脸的小阿关,254,574,48,22,58,5317,1,说故事的仙女在梦一方 也许想念会让人成长_
2178,0,物是,32,384,31,2,2,0,1,🌸🌸🌸🌸🌸🌸🌸🌸_
2179,0,梦兮€,786,77,115,26,26,0,0,_
2180,0,shaking出道,0,91,57,0,0,0,1,我将永远偏向于偶像练习生第三位出道的人_
2181,0,じ小小婷℡,4316,385,205,180,180,2837,0,_
2182,0,用户3975156719523,0,95,0,0,0,9,0,_
2183,0,R .,51,28,38,3,3,0,0,_
2184,0,岁月静好,8960,358,431,255,256,7139,1,最好的日子，无非就是你在闹，他在笑，岁月静好，如此温暖到老_
2185,0,不圆不要钱,0,490,13,0,0,0,0,_
2186,0,ECI-China,0,55,0,0,0,61,0,_
2187,0,¡独照,372,193,53,51,57,7772,1,三观不合真的不适合在一起_
2188,0,im.,18,1690,39,11,11,5244,1,仙居杨梅➕V：ningmeng9799_
2189,0,星星点灯,48,43,9,12,12,12,0,_
2190,0,HHui,25,34,32,3,4,0,1,❤️_
2191,0,不明白。,0,28,10,0,0,105,0,_
2192,0,咪丫咪丫🌸,0,194,12,0,0,390,0,_
2193,0,Gcyyy,2,31,3,0,0,623,0,_
2194,0,是韫不是温🍓,13,298,19,1,1,716,1,万事胜意💜_
2195,0,Shmily ,408,168,76,35,36,0,0,_
2196,0,时来运转,0,513,44,0,0,2393,0,_
2197,0,碎碎伊夏,1518,150,179,41,44,257,1,在繁华处淡泊，在安静处养心。_
2198,0,张猪皮,1062,1283,40,3,4,10188,0,_
2199,0,艺兴的咩咩🐑缘,37014,236,757,90,560,22383,1,努力努力再努力x_
2200,0,四夕,0,25,3,0,0,0,0,_
2201,0,逆袭百科,1354,410,539,33,462,0,1,自由学习，潇洒生活，分享逆袭人生。我是一鸣_
2202,0,迷鹿,0,64,1,3,3,66,1,生活爱好者_
2203,0,不侒衯の尐情绪,1,365,8,1,2,317,0,_
2204,0,艳阳天,1,66,21,0,1,991,0,_
2205,0,用户7732352681573,16,30,11,4,4,27,0,_
2206,0,玉玉,0,321,4,0,1,0,0,_
2207,0,小鱼块啦,6,110,10,2,2,0,0,_
2208,0,柠檬、,90,326,71,2,2,45853,0,_
2209,0,欣欣—睿睿💋妈咪,694,229,62,118,118,2011,1,80后全职宝妈一枚，有两个可爱的宝宝，老公总说女儿是爱情的结晶，儿子是生命的延续，一儿一女刚好凑个好字。用抖音记录宝贝的成长，生活的点滴，谢谢大家的关注！_
2210,0,泡菜,26,148,10,42,42,443,0,_
2211,0,海蓝时见鲸,0,69,9,0,0,9548,0,_
2212,0,跑丢的苹果🍎,34,497,35,2,2,1583,1,万人宠不如一人懂❤️_
2213,0,用户919828,1448,1153,126,128,130,3683,0,_
2214,0,🌻 不慧心碎 🌻～被遗忘的ruru,261,493,100,32,34,363,1,确认过眼神 爱上对的他_
2215,0,雅立馨,32951,764,4054,56,57,0,1,💗我是李懿霏，喜欢挑战自己的巨蟹座💗一个有六年经验的美业人，跨行来到自媒体行业💗我深知生命的意义在于开拓而非固守💗希望创业路上能给你带来温暖和力量_
2216,0,iwadaL,22,116,13,6,9,1042,0,_
2217,0,小辣豆,0,63,14,0,0,2081,1,不要跟一个逗比说正经事，她会讨厌你觉得你不幽默☀️_
2218,0,大头在南京,16806,243,1622,14,16,1410,0,_
2219,0,盼,0,7,1,0,0,1,0,_
2220,0,C,690,666,53,76,80,0,1,别怕路长梦远，总有星河照耀✨_
2221,0,chaisp,3597,1263,190,196,203,11315,0,_
2222,0,用户964344706,48,85,8,15,15,23,0,_
2223,0,青味,542,801,71,33,57,0,1,发光并非太阳的专利，你也可以发光。_
2224,0,洁洁,674,332,31,17,17,110,0,_
2225,0,🍪,16,96,17,0,0,0,0,_
2226,0,回奕清零,644,240,54,60,61,558,1,幸福就在身边💞_
2227,0,佩佩,7650,1003,945,267,269,51224,1,"情若能自控,我要心何用?_"
2228,0,木已成舟,0,192,16,0,0,14,0,_
2229,0,颜颜,0,88,18,0,0,123,0,_
2230,0,风雨后彩虹,696,36,52,59,59,0,1,开心😄开心😄快乐每一天_
2231,0,既然选择不同路,28,264,17,3,3,1452,0,_
2232,0,木土先生.,18,70,20,4,4,845,1,心有所期 全力以赴.🍂_
2233,0,月下幽兰,195,123,38,22,39,1298,1,人生若只如初见_
2234,0,ai婷婷的,218,247,40,48,48,159,0,_
2235,0,到点准时飞,9,213,33,0,0,0,0,_
2236,0,承蒙喜欢,799,291,156,0,0,0,0,_
2237,0,艾克斯艾克斯c,0,40,17,0,0,0,0,_
2238,0,用户6541762804769,0,14,1,0,0,10,0,_
2239,0,xxxx,0,4,2,0,0,26,0,_
2240,0,红梅,145,76,24,14,14,530,0,_
2241,0,用户4208370423403,0,320,5,0,0,683,0,_
2242,0,九龄,227,772,76,11,11,4124,0,_
2243,0,冰凌晨,197,2006,114,46,67,414,1,感恩生活赐予我的一切_
2244,0,深谷幽兰,1408,389,135,13,14,114,1,杂谈_
2245,0,娇阳,13,946,13,167,167,623,0,_
2246,0,野草,0,150,5,0,0,220,0,_
2247,0,K.Q,0,58,0,0,0,155,0,_
2248,0,开心果果,4778,999,290,256,266,12446,0,_
2249,0,狮芯王,40,256,38,5,8,259,0,_
2250,0,VeraGong,17,80,15,3,3,298,1,吗_
2251,0,檀子,1173,743,158,65,65,0,1,微笑着去唱生活的歌谣～_
2252,0,annuloo,0,720,6,0,0,71,0,_
2253,0,用户327208,6,598,19,1,1,526,0,_
2254,0,ruby娟儿_本来就是二胖姑娘,0,1180,22,0,0,2990,0,_
2255,0,猫吃鱼,196,869,33,2,2,7027,0,_
2256,0,用户1802946912464,0,168,0,0,0,3,0,_
2257,0,逍遥先生,11,42,7,8,9,28,0,_
2258,0,Umasou23,64,116,39,6,6,449,0,_
2259,0,MinT107,3,18,3,5,6,143,1,Sidnee LeeYuZhou fans in the U.S🐳😻_
2260,0,哇哈哈哈哈哈哈,14,1000,48,4,4,0,0,_
2261,0,路人甲,114,93,56,17,17,203,1,被yixue耽误的美食家，摄影师，珠宝鉴定师！_
2262,0,YanYan,1,460,5,0,0,0,0,_
2263,0,韓萱n_n,0,253,0,0,0,99,0,_
2264,0,浅笑嫣然,28,594,45,4,4,471,0,_
2265,0,于溪悦,1251,1273,1201,0,0,0,1,酷gou:于溪悦繁⭐:于溪悦_
2266,0,小傻丫头,42,187,25,7,7,777,0,_
2267,0,喵喵哒是小太阳🌻,133,223,30,8,23,7925,1,是个活人_
2268,0,五十弦,11,45,14,3,3,125,0,_
2269,0,月沫。微光,0,200,3,0,0,126,0,_
2270,0,hhiivx,3,329,2,2,2,15,0,_
2271,0,可可妈手工,56501,649,1600,90,90,38657,1,越努力，越幸运…_
2272,0,海底捞_珍i,12,124,6,3,4,2320,1,不处cp_
2273,0,小米,29,41,15,8,8,129,0,_
2274,0,小九月,743,1607,133,489,489,2659,0,_
2275,0,笑颜如花,596,1832,172,41,41,0,0,_
2276,0,ǒ_.倩”,66,158,8,10,10,13503,0,_
2277,0,你我他,0,430,3,0,0,15,0,_
2278,0,小杜秋秋,0,141,30,0,0,9,0,_
2279,0,点墨,32,534,34,4,4,970,1,随时想转行的勤勤恳恳的民航小蚂蚁_
2280,0,圆圆脸,53,458,30,13,14,0,0,_
2281,0,彬韬,540,133,74,57,57,511,0,_
2282,0,Algren,0,1679,38,0,0,8022,0,_
2283,0,Chen_tea,148,87,33,25,25,344,1,15年自学服装设计业余小裁缝一枚抖音分享记录过程热爱生活，热爱自己，热爱工作♡_
2284,0,碧水清莲,204,661,122,5,5,2440,0,_
2285,0,奇洛李斯特,18,580,13,10,10,5111,1,大概因为我很傻吧(ಡωಡ)_
2286,0,用户5538517372010,0,47,2,0,0,37,0,_
2287,0,用户7327502104971,31,88,8,9,9,25,0,_
2288,0,橘日尧的小日常,40,4138,43,6,17,5198,1,从日常生活中寻找温柔和快乐_
2289,0,荣子,176,196,65,15,15,417,1,记录美好时光。。_
2290,0,用户9192787805166,0,135,6,0,0,276,0,_
2291,0,佩佩✨✨,9395,460,20613,54,56,0,1,谢谢你那么美还来关注我❤️_
2292,0,海棠花,2379,235,207,58,72,6021,0,_
2293,0,桑迪,140,97,18,45,46,335,1,想把生活过的精致点_
2294,0,兜兜,63,209,39,5,8,176,1,兜妈一枚！_
2295,0,爱动漫,67,298,6,14,15,381,1,分享最新的动漫视频分享最新的动漫歌曲喜欢的朋友请动动你可爱的小手帮我点个赞加个关注_
2296,0,多 ↀᴥↀ🔆🔆,43,151,29,8,8,705,0,_
2297,0,璇,79181,95,781,15,15,2167,0,_
2298,0,胖嘟嘟的小幸福,387,314,90,16,16,2906,0,_
2299,0,用户1737877714437,0,29,1,0,0,68,0,_
2300,0,梦想成真,245,488,73,7,7,22070,0,_
2301,0,谁把回忆熬成毒,0,72,1,0,0,316,0,_
2302,0,人间小葡萄🍇,2,299,20,1,4,7560,0,_
2303,0,-POOH,1330,1167,206,51,51,0,1,万般皆是命 半点不由人[微笑]_
2304,0,丑小吖♛,390,184,59,70,75,1772,1,︾ : 讓我們一起做個只記住快樂的孩孓、_
2305,0,🍒颖妹吖🍒,164,466,52,52,52,2,1,我是来给小仙女们种草的🌿在韩国🇰🇷替你们买买买💰_
2306,0,誩翊,132,385,105,16,16,523,1,我要做一珠向日葵🌻  每天只做一件事 追着太阳☀️跑   太阳在哪儿我在哪儿_
2307,0,木九十  眼镜 大龙有推荐,1463,2994,414,27,27,4883,1,专业从事木九十眼镜10年每天推荐，总有一款你喜欢_
2308,0,艾博,108,1792,64,7,7,3520,0,_
2309,0,咔咔咔咔咔咔咔,0,47,0,0,0,0,0,_
2310,0,丫丫,24,890,24,6,7,634,0,_
2311,0,用户4062122938428,0,495,1,0,0,231,0,_
2312,0,袁美丽,398,395,117,20,20,0,1,性格超好，欢迎关注周四-周一晚上六点直播周二周三看心情播_
2313,0,邓碧云,81,192,24,21,22,477,0,_
2314,0,李小雪雪雪,10,389,30,1,1,906,0,_
2315,0,雅丹,0,1210,47,0,0,0,1,北大光华EMBA   北京维林茜娅进出口公司董事长    VALLENSSIA设计总监_
2316,0,阴雨遇暖阳,72,70,10,20,20,19,1,所做的与所想的永远在背道而驰，那我就把所做所想通通实现😈_
2317,0,果子堂,150,55,22,19,47,245,1,生活在小县城的一对90后夫妻和小棉袄的日常_
2318,0,蔓蔓,0,10,5,0,0,9,0,_
2319,0,JUzi1,14,590,32,2,2,4715,0,_
2320,0,鲤小锦,7,72,3,1,1,61,0,_
2321,0,吉吉小胖,48,185,20,10,10,684,0,_
2322,0,꧁༺༽༾ཊ嫣然一笑ཏ༿༼༻꧂,0,161,13,0,0,259,0,_
2323,0,汉风雅斋,1567,57,521,10,10,123,1,看美女关注我_
2324,0,霸气的小魔女,11,94,19,7,7,28,0,_
2325,0,黑化少女,0,79,2,0,0,488,0,_
2326,0,小小不点点,2,678,17,2,2,1289,0,_
2327,0,user9444768393515,139,239,37,0,0,0,0,_
2328,0,孤傲流年,459,874,186,6,6,164,1,放弃不难，但坚持一定会很酷！_
2329,0,-ZHAOXIA,8,48,2,6,6,19,1,未来加油_
2330,0,张江鸟燕,0,401,3,0,0,0,0,_
2331,0,用户8941680350587,0,374,0,0,0,427,0,_
2332,0,Kris😼,6,757,135,2,2,0,1,喜欢的点个关注哦(´-ω-`)_
2333,0,父与子传奇,28,172,8,18,18,49,1,己所不欲 勿施于人～_
2334,0,豆芽妈〃,14001,2269,1131,86,86,11425,1,我是勤劳的小护士_
2335,0,X7788,12,502,1,0,0,0,0,_
2336,0,『慢悠悠🐱小野猫』,961,4949,111,68,71,0,1,V: 15060799715_
2337,0,用户3105160839568,298,1069,34,36,36,316,0,_
2338,0,飞船🛩️开了吗,22426,66,448,43,44,0,1,怀揣热爱❤️满怀期待💚相遇即是缘分，关注了就留下来不准走啦😜看到有意思的就会发作品（技术有限，随缘自制）_
2339,0,用户2005872402519,0,19,0,0,0,25,0,_
2340,0,小仙女,716,113,152,69,79,0,1,不要太过在乎别人的眼光，做自己就好_
2341,0,可爱一周；),1140,88,206,38,39,72,1,🤭🤭_
2342,0,哦哦哦哦好吧,0,285,16,0,0,48,0,_
2343,0,杉蔚,483,549,131,99,110,1307,1,用脚丈量世界，用镜头记录美好，用文字描绘心灵，用心感知未来。_
2344,0,苹果最重要的小事,430,587,90,0,0,0,0,_
2345,0,辉辉,8,72,24,2,4,9528,0,_
2346,0,喜欢粉色的老阿姨,1110,305,107,26,26,318,0,_
2347,0,晶晶,505,334,238,3,20,0,1,家庭美食，快乐分享！_
2348,0,维维,385,235,69,45,51,855,0,_
2349,0,智莲,565,445,55,42,42,2701,0,_
2350,0,敏慧慧,0,157,40,0,0,191,0,_
2351,0,抹不掉的记忆,97,239,68,6,16,0,0,_
2352,0,清凉一夏,0,76,17,0,0,36,0,_
2353,0,安安,27,334,17,2,2,3658,0,_
2354,0,irice,0,379,11,0,0,721,1,爱美食，爱摄影，爱瑜伽，爱闲逛_
2355,0,手牵手,83,71,36,12,12,4159,0,_
2356,0,王波妞的生活日记🌟,54,115,20,22,22,15176,1,家有一只小奶狗，名叫王波妞 谢谢你的关注_
2357,0,欧阳,0,226,9,0,0,31,0,_
2358,0,烟雾蒙蒙,32,47,13,5,5,34,0,_
2359,0,lion,0,139,8,0,0,14,0,_
2360,0,蚂蚁上树,16,131,5,4,4,67,0,_
2361,0,守护花开🌹,59,97,10,0,0,0,1,记录宝贝的成长❤️ 记录生活的点点滴滴📝_
2362,0,欣欣,1247,442,146,62,65,1556,1,简单生活、知足常乐！_
2363,0,猫又又,1,90,1,2,2,11,0,_
2364,0,卢家的猪🐷,108,273,19,13,13,865,1,干净 利落 温柔 善良 🇨🇳✈🇦🇺_
2365,0,善    缘,506,288,216,61,61,5579,1,喜欢旅行，喜欢摄影_
2366,0,小鱼,0,44,7,0,0,37,0,_
2367,0,伍柒玖！,0,236,20,0,0,68,0,_
2368,0,刘姥姥,662,1158,97,47,47,3499,1,余生很长 不必慌张_
2369,0,六六,26,118,27,2,2,119,0,_
2370,0,狗不理包子回头了,880,796,98,114,178,3260,1,喜欢摄影的我，不是专业的，但是还是希望能拍出你喜欢的样子♥️_
2371,0,用户1647774382534,18,294,17,5,6,260,0,_
2372,0,尹口木目,440,171,71,46,46,233,0,_
2373,0,木槿茉莉,15,72,5,4,4,276,0,_
2374,0,aghh,21,176,10,10,10,402,0,_
2375,0,一罐蜂蜜叉烧酱,45,348,15,21,21,399,0,_
2376,0,dyunkhdp1t02,8,153,7,3,3,168,0,_
2377,0,小老太,22,98,15,5,5,2317,1,＋V ，929870003_
2378,0,你的名字,1,135,0,1,1,41,1,你好啊陌生人_
2379,0,超人不会飞📸,393,2130,78,127,127,33720,0,_
2380,0,*^_^*聪聪♛,73,65,14,37,37,127,1,最萌妹^O^_
2381,0,安之（An）,55,838,27,0,74,11518,0,_
2382,0,热心市民,35,391,34,4,4,0,0,_
2383,0,生机勃勃,0,281,5,0,0,279,0,_
2384,0,寒来暑往~,0,22,8,0,0,244,0,_
2385,0,宋宋哥,0,139,22,0,0,33,0,_
2386,0,user7201331370993,30,125,13,24,24,286,0,_
2387,0,C,0,756,28,0,0,0,0,_
2388,0,artchen,446,2908,52,12,12,11469,1,肥肥的小猪🐷👩_
2389,0,抚州 真我造型 小米 潮色接发,13,85,7,2,2,0,1,因热爱而接触，因喜欢而执着，先后进修于多家美发教育机构，美感在线用心做好遇见的每一个你。_
2390,0,浅笑安然,0,750,12,0,0,3149,0,_
2391,0,LSY宇,0,1065,10,0,1,453,0,_
2392,0,范杨,0,36,11,0,0,0,0,_
2393,0,忘忧草@d(ŐдŐ๑,32,110,14,12,12,175,1,肇庆市_
2394,0,三水吉,0,113,0,0,0,114,0,_
2395,0,kinki,0,375,0,0,0,0,0,_
2396,0,新芽凌乱,0,18,1,0,0,0,0,_
2397,0,🎀けん🎀,42633,122,275,4,15,569,0,_
2398,0,温667668,59,35,67,4,4,62,0,_
2399,0,悠然2020,65,99,38,3,4,309,1,悠然自在，闲适自得_
2400,0,十一呀,0,133,3,0,1,0,1,生活一如既往，好的坏的我都欣然接受_
2401,0,小怪物来了吧,13385,3,1695,0,0,0,0,_
2402,0,🌸宝贝妈咪🐶✌,5362,2332,155,569,571,0,1,分享快乐，记录成长💞_
2403,0,林嘉伟,0,401,12,0,0,1474,0,_
2404,0,用户5218917334789,11,43,5,2,2,105,0,_
2405,0,She,17,81,16,3,3,125,1,人生苦短、甜长_
2406,0,T,3,256,5,1,1,7763,1,三花_
2407,0,玉玲,0,55,5,0,0,947,0,_
2408,0,阿花🧡,1266,86,73,0,0,0,0,_
2409,0,🌂Lyan🐰🎀&,268,2592,28,0,0,0,0,_
2410,0,水清🌸默韵,2,1346,7,1,1,4131,0,_
2411,0,飞飞,14,134,38,1,2,364,0,_
2412,0,💋WangBinJie,39,3308,60,7,15,43672,1,💋 禅心已作沾泥絮，莫向春风舞鹧鸪。_
2413,0,彩霞满天,118,105,21,31,31,194,1,如果额头终将刻上皱纹，你只能做到不让皱纹刻在你的心上👯_
2414,0,王木木,822,416,112,12,12,7797,1,做一个热爱生活简单温暖的人vx:wangmumu002893_
2415,0,小草莓呀🍓,0,188,1,3,3,0,0,_
2416,0,佛系少女,18,246,18,3,3,543,0,_
2417,0,🙋,109,1267,47,29,29,3145,0,_
2418,0,用户7534055779332,0,16,0,0,0,35,0,_
2419,0,joyuan,0,71,2,1,1,3,0,_
2420,0,狎,0,538,31,0,0,3466,0,_
2421,0,婵娟🎐,49,121,11,9,9,367,1,风中百合_
2422,0,高高兴兴茜茜哈哈i,9,246,0,0,0,0,0,_
2423,0,珍,758,520,215,16,18,923,0,_
2424,0,阳光,160,24,25,22,22,441,0,_
2425,0,小清,0,37,2,0,0,10,0,_
2426,0,👧,175,498,57,7,10,5771,1,世间美好 随处可觅_
2427,0,文艺,0,994,7,0,0,186,0,_
2428,0,♡ 穆子瑜,17,1111,29,1,1,3239,0,_
2429,0,喵喵喵星人🐱,26,96,3,0,0,0,0,_
2430,0,乐儿 ,14,207,18,1,1,854,0,_
2431,0,a.b.c,42,83,9,10,10,1344,0,_
2432,0,黑米加糖,0,47,4,0,0,41,0,_
2433,0,萌耶耶,121,61,52,9,9,61,1,你卷起千层海浪我躲也不躲往里闯_
2434,0,浅草,0,47,13,0,0,8,0,_
2435,0,琳宝宝吖,19,45,6,61,61,112,1,最胖142斤  最瘦99斤  现115.4斤🙊挑战95斤，加油(ง •̀_•́)ง🍀_
2436,0,几分之几,144,226,9,97,97,866,1,感谢你成为我的几分之几_
2437,0,‘,6,95,38,2,3,5916,0,_
2438,0,zerlinda,57,314,30,7,7,1735,0,_
2439,0,儿童智伴机器人厂家,3,149,8,25,25,0,1,儿童智伴学习机器人，智能绘本台灯阅读学习机器人_
