0,0,和平精英傻头,4,21,1,4,4,540,1,qq:2024362355_
1,0,用户8932515364014,0,21,0,0,0,0,0,_
2,0,龙帝,0,231,0,0,0,4318,0,_
3,0,棒棒糖🍭,0,142,2,0,0,5232,0,_
4,0,用户5045210231292,0,176,0,0,0,21,0,_
5,0,丶Summer℡ 念,1,51,2,3,3,77,0,_
6,0,用户5766254286700,0,9,0,0,0,18,0,_
7,0,疏墨,0,178,0,0,0,241,0,_
8,0,杨昊然💫,331,301,119,18,18,711,1,未曾习艺先习礼，未曾习武先习德。_
9,0,柠檬~,1,1060,4,0,0,1679,0,_
10,0,《和平精英》小风✨✨✨,4,8,3,1,1,62,1,游戏名:EG丶小风_
11,0,󠀀山川,83,402,510,0,5,0,1,vx：xiajinhao0218_
12,0,败,0,14,1,0,0,453,0,_
13,0,默,0,62,1,0,0,223,0,_
14,0,从头再来,8,112,49,1,1,91,0,_
15,0,ksnn,5,35,3,2,2,333,0,_
16,0,樱落🌺,0,234,5,0,0,0,0,_
17,0,恒培,0,218,23,0,0,589,0,_
18,0,和平精英LFG小巴,36,82,12,6,6,632,1,一个菜的抠脚的主播……专门白给……微信区 LFG墨白QQ区 LFG小巴（不要问我为什么都是LFG）MC正式退游，以后不要再跟我提任何关于MC的事情（MN狗挑事除外）_
19,0,Bro‘,18,21,9,3,3,129,0,_
20,0,咸鱼54188,5,811,5,3,3,8543,0,_
21,0,用户3005601236481,0,8,0,0,0,0,0,_
22,0,阿丧精,1019,236,132,18,19,4261,0,_
23,0,小枭枭,0,58,35,0,1,2083,0,_
24,0,Invictus,25,104,25,7,7,4585,0,_
25,0,路过的一江吖,0,183,3,0,0,848,0,_
26,0,阿卡丽,14,77,24,2,2,2743,1,填写个人简介更容易获得别人关注（狗头）_
27,0,人如梦,19,657,145,4,4,96,0,_
28,0,这有什么可好,0,93,1,0,0,170,0,_
29,0,镜♛,470,607,292,33,33,1952,0,_
30,0,斑,0,955,13,0,0,1246,0,_
31,0,零辞.,1892,641,237,0,0,0,0,_
32,0,33333333,913,197,182,15,16,3888,0,_
33,0,不、将就,2,820,18,0,1,3151,0,_
34,0,We Are All Canucks,3,36,10,5,5,381,0,_
35,0,辭儀梵.,0,14,0,0,0,5,0,_
36,0,53六阳,0,73,2,0,0,345,0,_
37,0,CXK୧⍤⃝🐔,0,100,0,0,0,0,0,_
38,0,亡命者🍃,0,14,0,0,0,53,0,_
39,0,用户5946197041176,23,230,2,20,20,195,0,_
40,0,晨，,1,196,5,0,0,689,0,_
41,0,vfhh,0,24,0,0,0,32,0,_
42,0,太阳能热水器65,6,120,5,26,27,295,0,_
43,0,鱼鱼鱼吖,0,23,5,0,0,13,0,_
44,0,刘昱希Justin,303,1075,19,149,150,12181,0,_
45,0,漪漪漪漪,2,524,15,0,8,4169,1,周奕宏王琳凯_
46,0,北海怪兽,0,891,0,0,0,0,0,_
47,0,用户6316211938839,0,20,0,0,0,90,0,_
48,0,已重置,0,43,1,0,0,623,0,_
49,0,用户2249422893702,0,67,0,0,0,1251,0,_
50,0,豬妹妹,2,706,19,0,0,0,0,_
51,0,求求你别熬夜了,0,14,1,0,0,0,0,_
52,0,风■关无月〓,0,68,0,0,0,9226,0,_
53,0,浆桨奖酱,0,86,2,0,0,1506,1,对方正在输入……_
54,0,宇宙无敌,0,188,8,0,0,6362,0,_
55,0,濮阳的小马,1659,773,465,68,71,22125,0,_
56,0,用户8003783694135,0,95,0,0,0,425,0,_
57,0,Kylian Mbappé,0,808,6,0,0,13654,0,_
58,0,逃离那14厘米,0,31,1,0,0,347,1,呀呀～这里十四～玩半次b站〔老福特暂时还没下〕，可以扩列哦～动漫漫画什么的超爱～〔爷不是饭圈狗〕本命帕帕〔好的他已经死了〕/墨白/见习天使/狛枝～脑绘最强手绘板绘指挥鼠绘最弱不接受反驳呢～最后的最后～爷要黑化〔bushi〕_
59,0,礼言,2,132,5,2,2,4909,0,_
60,0,振蕻,0,229,7,0,0,661,0,_
61,0,用户6841057281384,0,904,5,0,0,4540,0,_
62,0,嘿熊猫老师,742,1004,10186,26,26,15978,1,开始记录每一天每一天_
63,0,杜克,0,81,7,0,0,0,0,_
64,0,奶糖不是甜的,0,44,0,0,0,27,1,最近退坑了，在肝百闻牌此人穷的一批_
65,0,（坂本竜司）特工魅影守约,0,1460,24,0,0,2041,1,秀尽学院 坂本龙司Skull史莱克学院  马红俊有谁和我约定过什么吗？準備はできましたか？_
66,0,迷你世界金果果～爱绘画,17,47,10,4,4,706,1,专门更新各种建筑教程，六月份以后开更😜，在这之前就靠画人物更新🐭，你关注了我，我也会回关你，不过就是在100粉丝之前哦🤗（我是个画渣）😔没有学过绘画🙃_
67,0,西马第一帅哥,0,206,11,0,0,301,1,我很帅_
68,0,情在⒈夜之间﹏,0,6,0,0,0,6,0,_
69,0,长河文案馆,71,1338,23,11,13,374,0,_
70,0,周小,0,35,0,0,0,36,0,_
71,0,余生无恙,5,490,3,2,2,222,1,一个再平凡不过的女孩👧_
72,0,吃货哥哥WDG,1,1026,14,1,1,941,0,_
73,0,良晨,0,137,1,0,0,1216,0,_
74,0,LG加油,0,82,1,0,0,0,1,一无所有_
75,0,快买我吧,0,308,0,0,0,2069,0,_
76,0,然帝儿,6,39,0,6,6,29,1,一个希望大家每天开心的沙雕主播_
77,0,黑幕,1,488,8,0,1,5964,0,_
78,0,棺半财盏,0,39,0,0,0,223,0,_
79,0,光涛 闫,0,16,0,0,0,46,0,_
80,0,九柿解说,0,12,0,0,0,115,0,_
81,0,dy°笙梦吖～,0,37,4,0,0,911,1,[介]哈柔柔这里笙梦玩触漫玩Mn～[里]粉丝名:白沫～[笙]每天更新视频[梦]快来关注我吧[吖]有时候刚一～五视频[~]每天爱粉丝时刻’_
82,0,淦。。。。。。。,0,21,0,0,0,26,0,_
83,0,莹,0,108,46,0,1,1547,0,_
84,0,￡,0,26,0,0,0,861,0,_
85,0,惜缘13513495320,24,163,17,10,10,262,0,_
86,0,邙清,4,37,14,0,0,244,0,_
87,0,阿傑太难了,12,80,11,2,2,0,1,安卓微信区：阿傑太浪太猛_
88,0,已重置,0,108,0,0,0,266,0,_
89,0,戆,0,9,0,0,0,13,0,_
90,0,青衫不改旧人还(中国加油！),72,948,69,5,16,10371,1,对世界宽容一点，世界也会对你宽容_
91,0,城呀么城啊西,0,251,7,0,0,19,1,孟鹤堂周九良❤_
92,0,竹子,1,47,23,0,2,304,0,_
93,0,哇,0,4,0,0,0,0,0,_
94,0,renXC,0,107,0,0,0,607,0,_
95,0,然弟,0,91,0,0,0,548,0,_
96,0,阿旭,0,13,1,0,0,19,0,_
97,0,用户4617797188741,0,22,0,0,0,35,0,_
98,0,畿盞幫餞觼纛瀰籮冁魎,1,75,0,1,1,17,0,_
99,0,🌟迷鹿妹妹一一猫和✨老鼠,0,12,17,0,2,232,1,可爱的迷鹿妹妹迷路了呢😜呜呜迷鹿是小孩纸，希望多多支持😘😘😘谢谢啦，爱你们（不许模仿任何我的东西）_
100,0,Jupiter,0,47,5,0,0,427,0,_
101,0,我是谁,3,247,38,1,1,867,0,_
102,0,用户5323435046702,0,240,5,0,0,1679,0,_
103,0,用户709466237411,0,61,7,0,0,271,0,_
104,0,用户6343129393166,0,78,0,1,1,45,0,_
105,0,用户8792667913005,0,8,0,0,0,7,0,_
106,0,得意须尽欢,0,821,65,0,0,3350,1,爱狗，爱k歌。_
107,0,XXXX,0,349,7,0,1,5759,0,_
108,0,你住在海边吗,62,141,58,0,0,0,0,_
109,0,孔明君与庞统放风筝呐,0,21,24,0,0,331,0,_
110,0,米契小神,0,22,3,0,0,2655,0,_
111,0,善逸是黄金憨憨,6236,212,845,7,17,18046,1,超级爱善逸_
112,0,用户6529894128999,0,86,0,0,0,592,0,_
113,0,小喆哥的草稿箱,0,64,0,0,0,0,0,_
114,0,宏上头,0,151,144,0,0,154,1,7%_
115,0,用户3498803748577,0,104,0,0,0,38,0,_
116,0,逆天☆,0,97,1,0,0,371,0,_
117,0,你的朗哥哥,8422,543,326,74,74,2200,1,最美的不是下雨天是曾与你躲过雨的屋檐_
118,0,清粥,0,40,1,0,0,92,1,一个只新来的灵魂画手鸭！_
119,0,gsgcsjsksnd,0,154,1,0,0,835,0,_
120,0,Minecraft红茶☕️君 水漫工作室,949,232,191,52,52,3104,1,200粉曝原音250粉露全脸_
121,0,溺尸王者,4718,3952,1194,117,122,7656,1,留个关注呗溺尸期待你的关注😊_
122,0,用户484454632,2,32,7,1,1,2117,0,_
123,0,《回首掏》,66,268,39,11,12,521,0,_
124,0,污污污污污污～　　　　　　　　,0,52,3,0,0,312,0,_
125,0,浩哥,0,45,0,0,0,9,1,好好学习_
126,0,哈帝,0,6,0,0,0,21,0,_
127,0,用户2730056825604,0,8,0,0,0,5,0,_
128,0,我就是我，鹿晗不晗,2,46,9,0,1,2841,0,_
129,0,死侍,0,13,0,0,0,83,0,_
130,0,0😂😂😂😂😂😂😂😂,0,48,0,0,0,58,0,_
131,0,❤ 心 晴,89,2510,75,11,19,23624,1,抖音不倒 陪你到老开心就好 善良远比聪明重要_
132,0,Farnklin,0,12,0,0,0,1,0,_
133,0,滑稽,0,23,0,0,0,8,0,_
134,0,芷璇第一粉,17,151,12,6,7,36753,0,_
135,0,冬魅🌟……🌹,2,103,2,3,3,3212,0,_
136,0,七令青栀,0,18,0,0,0,58,0,_
137,0,[,0,390,5,0,0,5998,0,_
138,0,小年,0,156,31,0,0,885,0,_
139,0,用户9575115361454,0,279,11,0,1,3551,0,_
140,0,星启,0,15,0,0,0,0,0,_
141,0,<。)#)))≦,0,96,5501,0,0,350,1,鄙人     琉璃殇·梦雪·绯月·伊丽莎白·盖微·西瓜_
142,0,宇哥,52,200,42,5,30,19579,1,他们好幽默~_
143,0,用户4882272670638,1,44,0,1,1,417,0,_
144,0,爸拉并破yeah,0,135,0,0,0,222,0,_
145,0,张靖楷,0,77,14,3,3,629,0,_
146,0,抖音svk,4,80,15,1,1,366,1,我是一名和平精英玩家 国服名字抖音svk 国际服抖音svk 点个关注不迷路 我就是人间人散 花见花凋的新人_
147,0,逃离伏拉夫,17,350,147,3,5,6703,0,_
148,0,路人甲,8,408,17,1,2,6596,0,_
149,0,房,0,414,0,0,0,490,0,_
150,0,beach,0,39,6,0,1,1618,1,你是来拉屎的吧_
151,0,早安,0,150,20,0,0,1686,0,_
152,0,楠木青城,0,114,0,0,0,364,0,_
153,0,吴子轩,0,451,5,1,1,137,0,_
154,0,Able (Minecraft)小号,0,2155,7,0,0,3106,0,_
155,0,mc水漫君(杠家军)开学暂退,107,798,29,28,29,30194,1,与世无争没有闺蜜小目标1W大目标5W希望迷你和我的和平惹我就惨了敢动好友就完了有时候是我弟玩不做坏事没工作室能支持我吗_
156,0,漩涡鸣人和卡卡西的老婆旗木漩涡卡鸣,0,129,50,0,0,0,1,火影迷千万别惹我👿我非常容易生气🖕🙂火影忍者❤️喜欢:博人，已月，佐良娜，鸣人，佐助，雏田，鼬，斑，柱间，卡卡西，自来也，风波水门，我爱罗，佩恩，小南，阿飞，迪达拉，飞段，干鬼鲛……等等…博人传❤️疾风传❤️_
157,0,简约,0,44,25,0,0,4,0,_
158,0,你好，陌生人,0,6,0,0,0,56,0,_
159,0,我的世界  💫晨白✨,1,10,0,0,0,4,0,_
160,0,夏凡七.,1,96,27,0,1,1618,0,_
161,0,萌萌的龙龙,0,353,2,0,0,774,1,呵呵_
162,0,Asriel,0,55,0,0,0,199,0,_
163,0,叮叮,15,14,24,2,2,521,0,_
164,0,念.,0,60,0,0,0,51,0,_
165,0,额,0,41,1,0,0,213,0,_
166,0,酒味少年,0,10,0,0,0,74,0,_
167,0,💰沙雕堡队长悦悦,4,4,0,1,1,8,1,人日常迷惑🌚🌝♡摸鱼爱♡吼歌很高兴认识你木啊～💁💓_
168,0,HELlO—WORLD,0,222,7,0,0,13888,0,_
169,0,龚梓涵🎀甜甜❤️🧡💛💚💗💙💜,0,3037,15,0,0,3021,0,_
170,0,小恩,17,160,7,8,10,161,0,_
171,0,小可爱,0,389,2,0,0,713,0,_
172,0,用户9959276305492,0,167,0,0,0,42,0,_
173,0,Lakers,40,35,8,7,7,3276,0,_
174,0,一嗷,0,8,0,0,0,14,0,_
175,0,辣稽,0,9,0,0,0,13,0,_
176,0,写的123,0,8,0,0,0,6,0,_
177,0,用户1744469790178,0,35,0,0,0,50,0,_
178,0,依旧爱三郎,0,592,2,0,1,807,0,_
179,0,普安,0,2,0,0,0,14,0,_
180,0,麒恒三,0,3,4,0,0,1,0,_
181,0,用户3427671160187,17,180,0,1,2,1099,0,_
182,0,逗比调解师,0,13,0,0,0,114,0,_
183,0,用户8773651946358,0,306,0,0,0,1476,0,_
184,0,白燊,0,445,21,0,0,0,0,_
185,0,WDNMD,0,43,6,0,0,106,0,_
186,0,小康康   康,0,9,0,0,0,45,0,_
187,0,长安.不开心,0,66,36,0,1,207,1,刺客党爱牙仔 师姐～主食:赤莲赤粉祝刺客伍672二周年快乐～又被限流了😢大号:英秋^O^_
188,0,Holly,0,30,1,0,0,54,0,_
189,0,马总,0,171,6,0,0,3081,0,_
190,0,xtx,0,926,34,0,0,15792,1,镎图搜WX公众号：新新图集镎图搜WX公众号：新新图集镎图搜WX公众号：新新图集_
191,0,234.3w人,29,177,1,0,0,0,0,_
192,0,用户4075030166275,17,63,2,7,7,28,0,_
193,0,小小书生,0,139,12,0,0,6252,1,钟含晨_
194,0,来瓶小牛奶,0,59,4,0,0,0,0,_
195,0,聚不聚,0,499,1,0,0,1013,0,_
196,0,用户730263154,0,14,1,0,0,107,0,_
197,0,Neon night,0,32,1,0,0,71,1,本人是个小可爱😜，不能催更催更就不更新了看完视频记得点小心心_
198,0,用户9184682554882,0,5,0,0,0,134,0,_
199,0,艾叶,0,117,5,0,0,808,0,_
200,0,rush b,0,10,0,0,0,19,0,_
201,0,无名星,52,90,27,6,6,589,0,_
202,0,发明作业、试卷的人,0,10,0,0,0,0,0,_
203,0,~\(≧▽≦)/~,0,159,7,0,0,457,0,_
204,0,202,90,317,73,3,5,17136,1,爱家，爱生活。:_
205,0,用户2216290712607,0,30,1,0,0,88,0,_
206,0,平底锅,18,442,6,2,3,1789,0,_
207,0,勇士,0,1996,34,0,0,15626,0,_
208,0,已重置,14,256,22,5,5,650,0,_
209,0,陈梓珏,59,305,10,20,20,5052,1,我叫小陈天蝎座女性10岁_
210,0,你爸,0,250,1,0,0,120,0,_
211,0,user8527095534904,0,111,19,0,0,1892,0,_
212,0,逸轩,14,904,21,7,7,11052,0,_
213,0,用户8654478801654,3,24,0,12,12,57,0,_
214,0,柒.,0,405,18,0,0,95,0,_
215,0,应用技术,1,264,3,4,4,706,0,_
216,0,夜囚梦醒,0,3574,60,0,0,4108,0,_
217,0,呵,0,284,1,0,0,3839,0,_
218,0,用户2834577606051,0,128,0,0,0,503,0,_
219,0,帅哥无需名字,0,388,1,0,0,1663,0,_
220,0,用户9542894213691,0,6,0,0,0,8,0,_
221,0,HHHH_YIU,2,19,11,1,1,361,0,_
222,0,微笑😁,15,94,27,9,9,84,0,_
223,0,BBBB3655289,0,80,1,0,0,494,1,你们去抖音里搜城白，记得喷死他_
224,0,苹果用户497577,0,20,0,0,0,105,0,_
225,0,超神选手(已开学),293,35,38,43,44,40,1,我玩和平精英名字叫抖音搜超神选手。500个粉丝露脸。_
226,0,不熬夜就会死,1,10,41,1,2,40093,1,开心ヽ快乐\美好_
227,0,刘继奥,0,30,0,0,0,19,0,_
228,0,衢江.,0,17,7,0,0,37,0,_
229,0,是沙雕本雕了,0,7,0,0,0,137,0,_
230,0,陈桂花,12,193,5,5,5,23844,0,_
231,0,想改名 但没想好，原名：大鱼哟,12,74,14,2,4,5775,1,当前段位：钻石游戏版本：绝地求生（国际服）_
232,0,一位来自🇨🇳的人,61,114,12,15,17,753,0,_
233,0,爱你的人不是我,0,5,3,0,0,10,1,纯洁小学生_
234,0,苦逼少喵,0,18,0,0,0,23,0,_
235,0,藍凌璇,0,80,4,0,0,2854,0,_
236,0,梅开八度,0,4,0,0,0,8,0,_
237,0,狗团oyo,59,356,17,6,6,654,1,对方正在关注你✨_
238,0,用户3520744538864,0,15,0,0,0,51,0,_
239,0,清风素千,78,100,15,13,15,613,0,_
240,0,bapbapbap,0,5,0,0,0,1,0,_
241,0,咖喱饭,0,2639,27,0,0,9948,0,_
242,0,用户9532745626500,0,4,0,0,0,0,0,_
243,0,守候,12,723,71,3,3,1727,0,_
244,0,闪电人,1,183,3,1,1,508,0,_
245,0,ζ霖鸯℡副团.,0,8,0,0,0,18,0,_
246,0,用户3004483001967,4,1887,3,3,3,7143,0,_
247,0,枫.,8,41,31,5,6,139,1,我愿我择故我在_
248,0,关山道至简,0,8,0,0,0,30,0,_
249,0,失去梦想的咸鱼14,0,757,8,0,0,12863,0,_
250,0,用户8709972536900,0,49,0,0,0,5,0,_
251,0,乱世小魔女,0,61,3,0,0,43,0,_
252,0,凸,0,40,1,0,0,76,0,_
253,0,真的无所谓,0,8,0,0,0,128,0,_
254,0,正在缓冲  90%,1,54,23,0,0,605,0,_
255,0,wejeb,0,9,0,0,0,18,0,_
256,0,19.28w人,76,499,28,6,8,17174,0,_
257,0,用户7083480022688,0,141,1,0,0,3737,0,_
258,0,我的世界小义(已杉菜化)（不反芽家）,0,425,39,0,0,704,0,_
259,0,人间理想.,0,214,0,0,0,6418,0,_
260,0,用户9923435989895,0,8,0,0,0,260,0,_
261,0,你的冯宝宝,0,707,17,0,0,8222,0,_
262,0,→伤你无鈊^-,14,342,11,1,1,6939,0,_
263,0,七彩阳光,0,27,4,0,0,94,0,_
264,0,用户5371828515763,0,64,1,0,0,161,0,_
265,0,morning,0,37,0,0,0,0,0,_
266,0,眯眯眼冷漠君,0,202,8,0,0,546,0,_
267,0,默静,0,32,4,0,0,464,0,_
268,0,爱喝咖啡的猫（圣兽族）,0,71,32,0,0,423,1,历经风雨，只为一束阳光；品尽酸苦，只为一束阳光_
269,0,豆豆糖,97,278,100,6,6,5737,0,_
270,0,用户9498885633808,0,42,1,0,0,68,0,_
271,0,用户627130895791,0,187,4,0,1,1524,0,_
272,0,眼睛,10,58,78,4,4,2589,1,小小的眼睛充满了大大的疑惑_
273,0,xuyuhansb,0,290,2,0,0,0,0,_
274,0,徐耀森,0,564,6,0,0,4298,0,_
275,0,漠然,0,188,14,0,0,3636,0,_
276,0,sjan,0,50,1,0,0,60,0,_
277,0,用户820474688330,0,291,0,0,0,265,0,_
278,0,用户4952388759118,2,153,2,1,2,4350,0,_
279,0,lougei999,0,20,0,0,0,7,0,_
280,0,Steven,7,42,6,1,1,115,0,_
281,0,梦之蓝,0,41,0,0,0,193,0,_
282,0,用户1404201937282,0,17,1,0,0,328,0,_
283,0,祈酒,2,53,1,12,12,91,0,_
284,0,杠精大队长,1,868,21,6,6,128,1,迷路的沸羊羊_
285,0,瑶霜,132,87,23,20,21,91,1,微信：p17390296576QQ：3472587625粉丝一百爆照粉丝五百抄家规粉丝一千永久性把头像改成自己_
286,0,。,0,97,2,0,0,292,0,_
287,0,丧九.,49,193,24,8,8,20520,0,_
288,0,☞（百里守约）☜,0,53,0,0,0,175,0,_
289,0,嗯呢,0,142,4,0,0,369,0,_
290,0,meme,0,77,3,0,0,1780,0,_
291,0,楠楠 ᗜੂͦ﹏ᗜੂͦ,0,56,2,0,0,22,0,_
292,0,快乐一家四口,31,53,46,2,2,197,0,_
293,0,¿,0,56,13,0,0,334,0,_
294,0,用户7597797475705,0,36,0,0,0,4,0,_
295,0,这一枪叫晚安,0,65,2,0,0,65,0,_
296,0,无情,17,1376,16,4,4,46936,0,_
297,0,𡁷嘥,0,117,5,0,0,1282,0,_
298,0,小射手,184,2676,17,19,19,10445,0,_
299,0,untend无影,0,938,13,0,0,3538,0,_
300,0,林妹妹🌺🌺🌺,3,284,0,3,3,35,0,_
301,0,樱子,589,157,151,52,52,155,1,漫漫人生旅途，看风起云卷，花开花落；蓦然回首的浅浅一笑；守一颗淡泊之心，拥一份淡然之美。做自己的歌者 唱给自己听..._
302,0,叼着黑魔的胖虎,4,1046,80,2,2,3963,0,_
303,0,坤坤,0,260,28,0,2,791,0,_
304,0,hh,0,50,0,0,0,90,0,_
305,0,.@,0,37,12,0,0,602,1,无😏😏_
306,0,7％,36,576,237,3,5,1562,1,古来圣贤皆寂寞，唯有饮者留其名。_
307,0,一米阳光,0,396,6,0,1,704,0,_
308,0,牛逼的抖音号。,0,293,2,0,0,727,0,_
309,0,凉笙,2,34,1,1,1,289,0,_
310,0,用户7010845709946,0,3,0,0,0,37,0,_
311,0,先,0,99,10,0,0,3399,0,_
312,0,314,9,236,31,4,4,3625,0,_
313,0,江辰..,13,682,11,0,0,1102,0,_
314,0,用户8731251312581,0,822,0,0,0,0,0,_
315,0,尼克杨,0,147,2,0,0,1412,0,_
316,0,小凯有快乐_,1,46,3,1,1,304,1,猪猪猪猪猪猪猪猪猪猪猪猪猪猪猪猪猪猪猪猪猪猪猪猪猪猪猪猪猪猪猪猪猪猪猪猪猪猪_
317,0,♥陌未央♥,0,225,7,0,0,796,0,_
318,0,青柠檬,321,227,105,30,37,12710,0,_
319,0,衫斯爱柠檬（衫家军）,349,294,52,40,42,1167,1,喜欢传说之下爱用🌚🌝两个表情包本人小学生100粉是梦10粉用原生拍视频（完成）20粉摸马桶水（完成）50粉🔒露脸100粉女装想让我干什么就干什么，想让我说什么就说什么我很宠粉_
320,0,啥都拍的MINIYY,28,89,254,9,9,1108,0,_
321,0,。。。。。,0,45,0,0,0,9,0,_
322,0,奈桥,0,415,1,0,0,570,0,_
323,0,小乔学姐,27,332,19,10,10,179,1,准备找对象。_
324,0,白,0,10,9,0,0,72,0,_
325,0,用户8011080236701,0,22,0,0,0,21,0,_
326,0,王天睿,3,390,9,1,1,1278,0,_
327,0,国产七七🌊,0,44,113,0,0,0,0,_
328,0,沉默……惜言,0,5,0,0,0,11,0,_
329,0,邱仁强,0,88,37,0,0,20,0,_
330,0,辰e白,1,80,3,0,0,41,0,_
331,0,阿科,0,4,0,0,0,3,0,_
332,0,出来浪,36,837,50,4,4,7616,0,_
333,0,桃花惜梦,0,3,3,0,0,0,0,_
334,0,子言,0,551,5,0,0,16235,0,_
335,0,last summer,0,296,3,0,0,7853,0,_
336,0,一只小长染,0,80,0,0,0,329,0,_
337,0,是软糖呐。,0,145,4,0,0,853,0,_
338,0,白脸s,0,452,0,0,0,717,0,_
339,0,D.O.K.E.Y,64,280,16,19,19,44210,0,_
340,0,杠精精精,0,276,13,0,0,1443,0,_
341,0,沙雕K,1,197,36,1,1,275,1,不要怀疑我有病_
342,0,架宣,0,162,0,0,0,0,0,_
343,0,买鸭子送超影信不,0,33,0,0,0,52,0,_
344,0,所爱慕的遥远星辰,4,181,6,1,1,581,0,_
345,0,诗蜜哒,1111,521,511,35,37,1481,1,😊我是小鹏友，爱吃糖，爱拉手手！_
346,0,草牛,0,991,2,0,0,0,0,_
347,0,勇夺第一,2,128,3,1,1,97,0,_
348,0,顾冉惜.,5,533,10,1,1,0,1,人间不值得，德云社值得♡_
349,0,卓,7,1436,2,5,5,739,0,_
350,0,额,0,93,1,0,0,445,0,_
351,0,红茗颜,2,86,0,1,1,165,0,_
352,0,宇宙第一任性少女,41,29,17,13,13,472,0,_
353,0,用户9688243627226,0,270,3,0,0,1092,0,_
354,0,丽人,0,80,1,0,0,71,0,_
355,0,Attack丶放肆,0,137,63,0,0,3436,1,神奇的小哥_
356,0,四大皆空,0,156,3,0,0,25638,1,你一定要宽恕众生，不管他有多坏，甚至他伤害过你，你一定要放下，才能得到真正的快乐。_
357,0,哈哈,1,59,1,1,1,449,0,_
358,0,仙姐爱棉麻,18,22,13,6,6,15,1,喜欢皱皱的感觉❤️……_
359,0,(⁎ ́ଳ ̀⁎)੭~*,0,305,31,0,0,1577,0,_
360,0,% 神经大条者 =,0,1247,43,0,0,6369,1,emm..._
361,0,柠檬味的小不点,0,59,0,0,0,545,1,人间不值得德云社值得_
362,0,虫二,0,77,4,0,0,601,0,_
363,0,放假后,0,151,0,0,0,97,0,_
364,0,小号，,0,16,4,0,0,37,0,_
365,0,糖糖没钳了,0,34,9,0,1,341,1,有趣的灵魂_
366,0,铁塔123,0,76,2,0,0,604,0,_
367,0,鬼佬－张崩崩,0,34,0,0,0,21,0,_
368,0,用户8391589922368,0,22,0,0,0,203,0,_
369,0,心宅,0,815,1,0,0,23289,0,_
370,0,Gt熊猫AP泡面,0,76,2,0,0,155,0,_
371,0,吾王无名,0,101,9,0,0,163,0,_
372,0,天边的月,366,571,671,13,13,1127,0,_
373,0,苏饼吖✨,171,477,46,63,63,4947,0,_
374,0,可小猪小号,80,661,37,11,11,9814,0,_
375,0,用户5904234591169,0,2,0,0,0,0,0,_
376,0,海豹使者,28,83,18,9,9,8931,0,_
377,0,用户8576798972093,0,85,3,0,0,8488,0,_
378,0,用户931048,0,12,1,0,0,6,0,_
379,0,魔魁,0,3,0,0,0,9,0,_
380,0,黄赫男,0,55,6,0,1,15,0,_
381,0,用户2041040170531,0,50,1,0,0,38,0,_
382,0,用户1352764257398,0,33,0,0,0,360,0,_
383,0,廾匸.,0,67,0,0,0,972,0,_
384,0,你说的啥？,0,78,1,0,0,176,0,_
385,0,清风お,0,145,0,0,0,572,1,噢耶_
386,0,哈哈刀哈哈(笑里藏刀),2,63,3,4,5,229,0,_
387,0,香菜老香了（寒风工作室）,35,30,5,13,13,155,1,探索无尽的奇迹，红石世界等你挑战_
388,0,哈,0,12,0,0,0,20,0,_
389,0,君泽最帅,0,477,2,0,0,319,0,_
390,0,三分,0,32,0,0,0,213,0,_
391,0,残留旳淡影,0,409,1,0,0,0,0,_
392,0,用户2721606267004,0,20,4,0,0,24,0,_
393,0,哈哈滚滚滚,0,36,0,0,0,300,0,_
394,0,二十,0,23,0,0,0,95,0,_
395,0,黑王,0,13,2,0,0,246,0,_
396,0,皇的使者,0,56,1,0,0,293,0,_
397,0,左右手,3,15,3,0,1,216,0,_
398,0,义乌商贸城,0,675,2,0,0,883,0,_
399,0,顾北,4,200,29,1,1,288,0,_
400,0,用户786863006,0,24,0,0,0,49,0,_
401,0,用户2988412763373,0,7,0,0,0,27,0,_
402,0,小鱼儿,379,860,45,146,146,6256,0,_
403,0,ZPIPI.,0,6,2,0,0,2,0,_
404,0,陈学霸,0,22,14,0,0,29,1,一个路人，只刷视频，不发视频~_
405,0,small pear big chick,0,32,1,0,0,1147,0,_
406,0,呵呵。,1,123,1,0,1,998,0,_
407,0,#睡到自然醒#,0,31,1,0,0,103,0,_
408,0,沙雕国咸鱼村村委,0,64,0,0,0,51,0,_
409,0,尘缘,0,16,0,0,0,2,0,_
410,0,糖醋排骨,0,127,18,0,0,0,0,_
411,0,风满袖,0,36,0,0,0,66,0,_
412,0,塔酱在线蹦迪💫,843,1442,198,35,36,9021,1,这里是塔酱鸭玩第五，mc，欢迎扩列喜欢的cp：双军、杰园......杰佣，黄占，空调，佣园，佣医这几对cp是我的雷，提了就进小黑屋🙄200粉约稿300粉发无偿500粉露脸800粉建个粉丝群本人是一个画渣_
413,0,“沐离”,0,26,0,0,0,122,0,_
414,0,已确认四列。,0,324,1,0,0,620,1,我不想活啦！_
415,0,林辞学长(社会哥，反10后)❤️~😉~,3395,2686,1500,49,49,21378,1,冲破2.0W赞妺妹:贞子死神_
416,0,あおい,5,13,17,1,3,144,0,_
417,0,和平精英  西山,86,450,17,20,23,677,1,私信一天内必回_
418,0,失落人,0,12,1,0,0,112,1,失落无矣哉，旦为仁以，知晓失落人_
419,0,藧,17,105,6,0,3,72,1,"我是xxs,嘿嘿，欧耶_"
420,0,七轩,113,42,68,5,5,83,1,有小姐姐的地方艾特我🌚_
421,0,溜溜溜球,0,22,1,0,0,495,0,_
422,0,寇煜轩,0,144,6,0,0,564,0,_
423,0,王晨沣,0,1838,2,0,0,3989,0,_
424,0,一只(⊙o⊙)…,6,165,13,0,0,0,0,_
425,0,用户5755431349708,0,53,3,0,0,949,0,_
426,0,无言,0,29,18,0,0,101,0,_
427,0,呵，爱情,0,90,2,0,0,134,0,_
428,0,夏九楼(樱花校园🌸🌸),82,678,17,18,18,4377,0,_
429,0,194.8W人,1,109,18,1,1,95,0,_
430,0,陌染,2,320,14,1,1,3584,0,_
431,0,✘Low-key↯✘,15,107,5,4,4,4408,0,_
432,0,0507,0,71,5,0,0,140,0,_
433,0,小63,0,25,0,0,0,152,0,_
434,0,吉他小空,7,401,12,2,2,1154,0,_
435,0,滑稽帝国燕云十六州镇守使,0,26,1,1,1,138,0,_
436,0,阿跌.,0,103,5,0,0,0,0,_
437,0,用户8987675888967,0,38,0,0,0,1,0,_
438,0,爱吃小朋友的玖玖,1,679,470,0,0,396,1,🌚🖕_
439,0,钟爱魔哒,0,112,0,0,0,102,0,_
440,0,用户4795359276120,0,13,3,0,0,751,0,_
441,0,David🚀,3,619,36,0,4,3082,0,_
442,0,起源者,0,28,0,0,0,35,0,_
443,0,本人太美名字无法显示,0,62,1,0,0,121,1,七彩人生_
444,0,♛Ice bear™,64351,999,3234,10,10,0,1,假笑😃_
445,0,看看热闹,0,41,16,0,0,0,0,_
446,0,清晨一缕阳光,0,64,2,0,0,58,1,来自天王星的诺瓦克·旦福斯_
447,0,走向未来,39,1104,19,18,22,3302,1,我会感谢每个路人的关注，我也会互换的_
448,0,祁兒🌞,0,57,0,0,0,0,0,_
449,0,涂天乐,21,2632,156,5,8,3304,0,_
450,0,阳光下的泡沫,441,88,57,94,94,1370,1,过往不恋，未来不迎，当下不负，如此安好。_
451,0,你的蔚心树❤️,3,1011,4,3,3,1712,0,_
452,0,辰尘,0,106,1,0,0,114,0,_
453,0,slw,0,176,0,0,0,486,0,_
454,0,高梓……,314,2040,55,32,32,984,0,_
455,0,用户4266429814460,0,176,33,0,0,130,0,_
456,0,vy.染幽,0,17,1,1,1,215,1,良心？呵……你的良心能值几个钱？善良？我为什么要善良？_
457,0,与君同舟渡，达岸各自归。,0,278,3,0,0,110,0,_
458,0,Candy,1,281,2,0,1,540,0,_
459,0,(｀•ω•´)ゞ敬礼っ,0,856,8,0,0,20968,0,_
460,0,用户6707895942965,0,32,0,0,0,1,0,_
461,0,卡殿BKD,231,5000,67,30,30,34628,0,_
462,0,小宇宙,3,367,37,0,1,4003,0,_
463,0,呵呵哒,3,44,6,1,1,77,0,_
464,0,小栩,19,101,5,5,5,1640,0,_
465,0,无颜♚绯墨♢,0,295,9,0,0,2572,0,_
466,0,用户5418787152436,0,16,0,0,0,0,0,_
467,0,Adonis,72,571,27,17,17,5106,0,_
468,0,迟迟懒得动,0,70,1,0,0,520,0,_
469,0,ovo,213,869,42,0,0,0,0,_
470,0,大长虫,2,38,1,2,2,1738,0,_
471,0,Bloody ,80,639,25,6,6,15354,0,_
472,0,无敌老油条,0,599,5,0,0,1411,0,_
473,0,穿A亅,0,127,1,0,0,20,0,_
474,0,郑晨煜,0,46,0,1,1,115,0,_
475,0,Mr.Luo,226,450,152,2,3,28335,0,_
476,0,艳,19,728,22,4,4,4644,0,_
477,0,霓裳,0,87,15,0,0,871,0,_
478,0,飞飞,0,594,16,0,0,1928,0,_
479,0,✨仙阙学妹✨,72,177,24,11,12,727,1,"🍡我是仙阙✨一个正在努力的00后✨现在12岁非常爱父母✨不喜勿喷吖悄悄告诉你Vlog,作业，唱歌，随机发我   很   宠   粉_"
480,0,lalalalala,0,21,0,0,0,382,0,_
481,0,秋啾米,0,232,15,0,0,1147,1,B站上也有我的频道(•̀ω•́)✧_
482,0,阿发水,0,98,5,0,0,359,0,_
483,0,灯泡,0,10,0,0,0,28,0,_
484,0,smith大大,0,576,2,0,0,43,0,_
485,0,スピリット,0,20,5,0,0,295,0,_
486,0,小盆友,0,31,1,0,0,783,0,_
487,0,用户7658888261988,0,50,0,0,0,26,0,_
488,0,"綟ˇ乆""",0,191,0,0,0,340,0,_
489,0,用户2988191034716,0,24,0,0,0,0,0,_
490,0,余溫,0,50,7,0,0,1132,0,_
491,0,姜梓凡,0,32,0,0,0,93,0,_
492,0,only。____有时间来看看,0,17,1,0,0,56,0,_
493,0,范慧犇,0,183,1,0,0,469,0,_
494,0,和平精英枪响,583,2288,693,78,81,4759,1,关注关注要关注我要粉丝_
495,0,用户6543816555914,0,53,0,0,0,523,0,_
496,0,DY,0,179,25,0,0,6815,0,_
497,0,用户7641767752827,0,15,0,0,0,54,0,_
498,0,海XXJWE,0,611,2,0,0,817,0,_
499,0,不会演戏的演员,1567,178,183,24,25,1313,1,抱歉导演，我想骂你_
500,0,美食节里我老八,0,185,6,0,0,2468,0,_
501,0,用户2280062485510,0,295,0,0,0,1141,0,_
502,0,陈丽华,22,40,4,11,11,95,0,_
503,0,我是你爸爸,0,195,22,0,0,3112,0,_
504,0,banderui,0,214,6,0,0,698,0,_
505,0,T34,18,312,17,4,4,1713,0,_
506,0,大家的小老弟vs大老弟［冲一百粉］,805,320,23,135,136,499,1,哈哈你叫Siri。_
507,0,十妹窗帘,41,26,42,4,4,111,0,_
508,0,杰瑞爱遛猫（已猎豹化）,73,562,83,18,19,0,1,非常感谢你的关注，我最近不怎么拍滚天了，在玩跳舞的线_
509,0,爱喝可乐的猫？,26,929,30,16,16,5627,0,_
510,0,957.1w人,212,1786,43,32,32,1841,0,_
511,0,棒棒,22,1334,48,6,6,5865,0,_
512,0,秀气灵人141354,31,134,44,3,3,333,0,_
513,0,少年Jamie,12,13,5,3,4,1,0,_
514,0,用户1220332790336,0,23,0,0,0,70,0,_
515,0,野仙女~,2,201,14,1,1,4947,0,_
516,0,昵称已重置,0,122,1,0,0,984,0,_
517,0,用户8111824100152,0,3,0,0,0,4,0,_
518,0,用户4753390812277,1,1247,12,0,0,0,0,_
519,0,畿遇缝母亲,2,164,3,1,2,220,0,_
520,0,祖安箐玖在线锤人,27,2974,262,2,2,23989,1,偶是箐玖✨1月2日破壳🐣第五ID：日常撞鬼秒倒箐❤️暂时木有闺蜜呐😘想找个师虎🌝稀饭次冰淇淋呐🍦讨厌次苦瓜😑_
521,0,୧⍤⃝😊,4159,99,338,17,17,4240,0,_
522,0,幸运女神,0,23,1,0,0,77,0,_
523,0,用户209639811263,0,138,0,0,0,262,0,_
524,0,、.丿,0,152,1,0,0,2602,0,_
525,0,青辞.,0,318,6,0,0,4433,1,hhhhc_
526,0,泽缘,246,44,43,18,18,36,0,_
527,0,小丑回魂,0,160,0,0,0,348,0,_
528,0,我自己,1,109,2,1,1,390,0,_
529,0,江辞,0,81,5,0,0,621,1,浮世三千 吾爱有三 一为梦 二为食 三为你_
530,0,林子轩,0,315,1,0,0,187,0,_
531,0,琑🔒.,0,275,21,0,0,3100,1,一只王八._
532,0,M,0,82,1,0,0,6,0,_
533,0,用户1867231089845,0,1302,7,0,0,6389,0,_
534,0,7-Youth.,0,123,3,0,0,455,1,…………………_
535,0,磊哥粉丝,1,21,4,2,3,405,0,_
536,0,寻找杨淞翔,0,15,1,0,0,275,0,_
537,0,㎏,0,41,0,0,0,150,0,_
538,0,流浪剑客,0,95,0,0,0,160,0,_
539,0,祁二小姐,444,98,83,15,16,1817,0,_
540,0,（Minecraft）、狐白LY,181,145,52,34,35,1140,1,原名:蓝秀、LANG朋友:落世、黑客、过客等师傅:无(你愿意当我的师傅吗？骚年)兄弟:落世、过客徒弟:无(我的世界and生死狙击)愿望:10粉(已完成)          30粉(已完成)          50粉(已完成)          100粉(没有完成呢)          500粉(做几期粉丝头像视频)          1000粉(开始用原声录视频):D_
541,0,Hesitations,0,22,0,0,0,67,0,_
542,0,小朋友，你是否有很多问号，为什么……,3,186,23,3,3,63,0,_
543,0,飞鸟与鱼,0,159,5,0,1,10003,0,_
544,0,阿呆啊,0,255,33,0,0,1948,1,呆∽_
545,0,526.8w人,7,917,39,6,6,20640,0,_
546,0,神经病,0,695,17,0,0,58190,1,🐱🐱🐱🐱🐱_
547,0,赵思焱55555,0,79,0,0,0,181,0,_
548,0,慕容甜心,0,549,2,0,0,16287,1,做一个快乐的甜心啊！_
549,0,你是我的菜,458,1103,119,40,42,1510,1,我要挣好多钱，_
550,0,123,2,604,28,1,1,576,1,物格而后知至！_
551,0,多杰,0,1024,19,0,0,4739,0,_
552,0,用户815750301841,0,15,0,0,0,153,0,_
553,0,Minecraft沙雕君(手残菌是师傅),113,1090,284,6,6,7014,1,我会发纸模视频的手残菌是师傅纸模自制给个关注吧_
554,0,用户8225091538171,0,188,3,0,0,0,0,_
555,0,炽热,0,45,3,0,0,229,0,_
556,0,用户9167567129378,0,142,66,0,0,865,0,_
557,0,"*'""",0,62,6,0,0,773,0,_
558,0,最初の約束,0,152,1,0,0,375,0,_
559,0,逃跑吧少年海。,426,119,1519,9,13,42,1,已换抖音号，此号已废本人申明，本人的号分别叫黑骷，海。渡，不是本人！请关注新抖音号：taopaohaige_
560,0,张凤,4669,1769,536,153,153,8879,1,发个v_
561,0,擎天柱,68,460,16,25,25,1733,0,_
562,0,人不中二枉少年,0,4,4,0,0,88,0,_
563,0,-亭間-,0,191,0,0,0,0,1,𝓛𝓸𝓿𝓮𝓵𝔂  𝓶𝓮  𝓪𝓷𝓭  𝓵𝓸𝓿𝓮𝓵𝔂  𝔂𝓸𝓾.♡_
564,0,灏宇,0,547,9,0,0,2192,0,_
565,0,@哈哈,22,641,26,8,8,5594,1,春风十里-我喜欢你❤️😘_
566,0,沐兮不玩狙🐤,0,16,2,0,0,0,0,_
567,0,Haha,0,26,1,0,0,25,0,_
568,0,ʕ ᓀ ᴥ ᓂ ʔ,0,79,10,0,0,0,0,_
569,0,嘉灏,0,619,21,0,0,0,0,_
570,0,曦浩壮,3,172,3,2,3,582,0,_
571,0,喵言,0,109,3,0,0,420,0,_
572,0,死神皮卡丘,5,74,1,5,5,1042,0,_
573,0,微凉、,0,25,2,1,1,1759,0,_
574,0,黄桃罐头,17,134,10,1,1,539,1,不良人_
575,0,柴二狗,0,47,0,0,0,530,0,_
576,0,ACE$,106,75,10,27,27,3250,1,"Time, Truth, and Hearts..._"
577,0,用户9418262529059,0,16,0,0,0,17,0,_
578,0,小仓鼠I,0,350,12,0,1,625,1,名字是本人游戏ID_
579,0,火影家族（漩涡博人）永不叛逆火影忍者,0,557,15,0,0,1086,1,永不叛逆火影家族！_
580,0,用户4715820345706,0,21,2,0,0,181,0,_
581,0,用户8145042625824,0,324,4,0,0,162,0,_
582,0,用户7508036157523,0,384,2,0,0,786,0,_
583,0,苦逼学生一个,0,20,0,0,0,0,0,_
584,0,🌞🌝🌚🌑,601,2363,1168,37,37,3991,1,我在空投等你_
585,0,dhdh,0,8,0,0,0,21,0,_
586,0,屿喻,3,143,2,1,1,324,0,_
587,0,小林龙,271,305,77,36,36,393,0,_
588,0,↗拥抱,9,334,12,1,2,670,0,_
589,0,vv,0,6,17,0,0,13,0,_
590,0,用户7643805315172,0,21,1,0,0,69,0,_
591,0,用户8315725222427,0,132,12,0,0,7549,0,_
592,0,用户4028276364531,0,25,0,0,0,172,0,_
593,0,哦豁,0,79,1,0,0,390,0,_
594,0,沙哈雕,1,5,0,8,8,5,0,_
595,0,乐爷,38,355,20,21,21,254,0,_
596,0,sorry九爷,0,56,5,0,0,189,0,_
597,0,高搞笑,0,296,11,0,0,3634,0,_
598,0,梦之殇影,1,85,1,1,2,164,0,_
599,0,和平君(终反地鼠城叶老板不理智迷你玩家),1313,156,208,230,232,1058,1,开局一铁搞，还不去挖矿¿哈喽大家好，我是和平君！我虽然不能拍屏，但我还是会给大家带来笑声的，我不会放弃的加油，如果你也和我一样，也是mc或者迷你的那么我也会关注你你的视频我也会帮你，有什么事也可以问我，加油！！！(这是我的唯个号我也爱MC，好友mc阿怕君和minecraft－QWY杨)，我星座水瓶座。如果你反叶老板和疯狂地鼠城的话那么我有可能会关注你给你视频点赞，我会把快乐带给你们（＾∇＾）( ^ω^ )（≧∇≦）(^o^)（＾ω＾）（＾ν＾）(^_^)o(^▽^)o冲1000粉_
600,0,super star,0,4,0,0,0,29,0,_
601,0,ERgiao,0,3,1,0,0,26,0,_
602,0,✨偶是紫檀吖,49,102,12,7,7,0,1,💖💖💖💖💖💖💖💖💖💖💖💖💖💖💖💖紫✨介里是紫檀吖檀✨主页干净敲✨关注我可能会回关宠✨最近开学辽，可能做不到日更粉✨关注我你就别想走辽！鸭✨不是大佬是渣渣！✨200🔒 500🔒 1000🔒 1500🔒2000🔒！✨主页只挂得住紫柒💖💖💖💖💖💖💖💖💖💖💖💖💖💖💖💖_
603,0,文一只,1,243,0,3,3,179,0,_
604,0,用户525131,0,162,6,0,0,5,0,_
605,0,6小老虎,12,234,1,2,2,798,0,_
606,0,滚犊子小孩,0,62,1,0,0,9,0,_
607,0,用户7923451146154,0,81,7,0,0,502,0,_
608,0,🍓屁屁,8,431,26,3,6,1975,1,只要活着就一定会遇到好事的_
609,0,Mars,0,35,3,0,0,0,0,_
610,0,阿巴阿巴,2,291,8,1,1,4727,0,_
611,0,你是来拉屎的吧,24,444,17,10,13,600,1,💩💩_
612,0,贱,0,65,0,0,0,169,0,_
613,0,炎子不好看,10,10,105,1,1,14150,1,沙雕一枚_
614,0,vhhcg,2,1085,5,1,1,6595,0,_
615,0,平凡人,0,174,2,0,0,984,0,_
616,0,爱吃小朋友的小炎,0,48,0,0,0,1009,1,2147836322、_
617,0,偷撒星辰🌌,8,170,10,2,2,1077,1,．_
618,0,用户2917911712016,0,261,3,0,0,242,0,_
619,0,蓉🍭,297,157,102,14,14,1034,0,_
620,0,(*^__^*)（学生）,6,92,16,2,3,518,0,_
621,0,用户5698408464881,0,10,0,0,0,9,0,_
622,0,用户1268281041443,4,42,2,5,5,88,0,_
623,0,用户4592085145017,2,123,4,1,1,740,0,_
624,0,我是你的好友请你点赞,483,177,70,67,68,1163,1,文波_
625,0,哥哥你TM就是个弟弟,50,562,17,13,13,5560,0,_
626,0,霖,0,47,1,0,0,69,0,_
627,0,用户1307643232277,0,3,0,0,0,1,0,_
628,0,༺༂邪༒影༂༻(和平精英),51,1463,21,31,31,1622,1,我玩和平精英，迷你世界，重装上阵，可以加好友吗？_
629,0,肖兔兔－你的公主,0,45,22,0,0,292,1,关注我你会变可爱哦_
630,0,βίος,0,4978,4,0,0,8350,0,_
631,0,小学生琪琪,0,8,3,0,0,19,0,_
632,0,唐弟解说,7,754,1,2,2,5501,0,_
633,0,随便哟,0,52,0,0,0,1464,0,_
634,0,虆匾;一。,4,282,3,1,1,20,0,_
635,0,工藤的青梅竹马,0,59,0,0,0,736,0,_
636,0,叶子🍰和桃花妖🎂,5,20,6,1,1,0,1,我是叶子🌷旁边是我的好朋友桃花妖🎍我们是最好的朋友🌸要和我处CP麻🌱闺蜜勿动💐超级温柔💓最好不要骂我🎎粉丝100露脸🔒粉丝1000画头像🔒 粉丝1w穿医生cos服💧_
637,0,Kevin,1,199,5,1,1,1168,0,_
638,0,我是这个游戏的king。,0,22,3,0,0,187,0,_
639,0,生肖派对🎉孤影（九天好友）,0,9,1,0,0,37,1,我的好友（曾经的账号）@生肖派对🎉九天_
640,0,用户6368346968391,0,32,0,0,0,88,0,_
641,0,浅笑安然,0,201,38,0,0,2181,0,_
642,0,不给赞就抬走,14,286,6,9,9,732,0,_
643,0,夜煞失踪了😶（取关给👴爬🖕）,2490,200,434,13,14,32219,1,丧了………这大概就是，人生低谷吧………别他妈随便拉我进群，我再说一遍💔_
644,0,💎宇丰💎,25,40,5,9,9,68,1,原号：逃避跑吧！少年宇丰，可惜手机住主版板坏了(´;︵;`)_
645,0,用户4391192005851,2,339,3,1,1,1696,0,_
646,0,向总来了,6755815,15,740400,33,33,9,1,与女秘书的办公室日常_
647,0,天星,0,17,1,0,0,31,0,_
648,0,冠闻,3,611,3,0,0,968,0,_
649,0,孙悟禾,0,21,0,0,0,45,0,_
650,0,用户5302965706226,0,3,0,0,0,5,0,_
651,0,小妖🤪,0,33,1,0,0,96,0,_
652,0,是阿普呀,0,300,7,0,0,10012,0,_
653,0,用户8494881311202,0,25,2,0,0,74,0,_
654,0,郭思睿2333,0,11,0,0,0,38,0,_
655,0,用户2369336570878,0,8,1,0,0,154,0,_
656,0,爱动漫,0,14,1,2,2,18,0,_
657,0,林         颢哈哈哈,11,481,3,3,4,593,0,_
658,0,王者剑仙kf,0,817,8,0,0,0,0,_
659,0,快乐的雨天,43,272,27,12,12,1759,0,_
660,0,帅哥哥,0,156,8,0,0,819,0,_
661,0,白翼,5,62,3,9,9,636,0,_
662,0,雯雯,45,106,21,18,19,3203,0,_
663,0,Nauru to,21,93,19,4,4,2414,0,_
664,0,小机灵鬼,0,85,7,0,0,1751,0,_
665,0,北悸安凉ァ,0,4819,107,0,0,56580,0,_
666,0,º风度ヽ冷小鹤,0,31,8,0,0,309,0,_
667,0,张家小女186,0,358,2,0,0,942,0,_
668,0,龙木宇,0,12,0,0,0,5,0,_
669,0,小可爱(๑• . •๑),68,579,11,36,37,9116,0,_
670,0,。。。。。。。。。,0,32,14,0,0,5,0,_
671,0,小葱花^ω^,1196,535,155,111,113,1178,0,_
672,0,辞辞今天也要努力吖,1,46,1,0,0,13,1,啦啦啦啦沙雕女生在线发疯_
673,0,血细胞,0,1847,32,0,1,2778,0,_
674,0,用户6512391303896,0,211,0,0,0,208,0,_
675,0,Edward Cullen,0,9,0,0,0,22,0,_
676,0,adi,0,6,0,0,0,17,0,_
677,0,#^_^#,0,662,0,0,0,0,0,_
678,0,地狱边境,0,47,3,0,0,131,0,_
679,0,꧁骚༒朱꧂,0,117,66,0,0,26805,1,꧁骚༒朱꧂_
680,0,惠生活,0,18,4,0,0,18,1,爱她（他）惠生活_
681,0,王白点,0,4,2,0,0,67,0,_
682,0,神楽めあ,0,19,0,0,0,1,0,_
683,0,〆流年亦梦╮,0,218,6,0,0,1180,0,_
684,0,用户9458782794541,0,104,0,0,0,196,0,_
685,0,雨林弟弟～,5,366,10,1,2,10623,0,_
686,0,一嘉亲,5,60,1,7,7,1156,1,一个想当肖战老婆的小女孩_
687,0,我是你的帅哥,10,475,3,5,5,1487,1,没有啊_
688,0,千一教育,14,281,24,4,4,2818,1,专业教育机构_
689,0,张馨月小豆包,591,880,65,216,217,1207,1,有什么音乐就拍什么_
690,0,凌晨。,0,68,0,0,0,496,0,_
691,0,用户2396993056425,0,1,0,0,0,144,0,_
692,0,小熊🐻,11,23,5,1,1,0,0,_
693,0,喝猹（chara）,2,281,5,2,2,2989,0,_
694,0,慢小慢_,4,169,7,0,0,1082,0,_
695,0,用户4430915966366,0,373,0,0,0,1870,0,_
696,0,北游.,0,127,2,0,0,29,0,_
697,0,☞着魔☜,0,7,0,0,0,62,0,_
698,0,骨关节j,0,15,1,0,0,1452,0,_
699,0,康康,0,5,1,0,0,2,0,_
700,0,亦君徒弟😍😍😍,0,979,4,0,0,0,0,_
701,0,用户4563008293064,0,276,1,0,0,0,0,_
702,0,史蒂夫,394,1092,51,64,64,2624,1,愿望达到50000粉_
703,0,梧乙九,0,36,1,0,0,0,0,_
704,0,妖怪呀,0,108,2,0,0,0,0,_
705,0,陈朋,86,653,57,15,16,1312,0,_
706,0,尛飝龘,0,25,1,0,0,43,0,_
707,0,无名小卒,14,52,8,2,2,319,0,_
708,0,用户6672259633866,0,613,4,0,0,1013,0,_
709,0,浪王,0,214,1,0,0,12630,0,_
710,0,緈諨ˇ棒棒糖゛2,4,112,12,4,5,181,0,_
711,0,风槿如画。,2,57,1,10,10,1448,0,_
712,0,想和你一起吹吹风,3,144,14,4,4,181,0,_
713,0,哆啦B梦,0,23,1,0,0,83,0,_
714,0,CharLieix,3,41,2,2,2,165,0,_
715,0,程宇风,0,445,63,0,0,4438,1,(甜家)_
716,0,华龙点江山,2,1047,16,1,3,6197,1,？_
717,0,雨果冻,3,55,11,1,1,499,0,_
718,0,黑化,0,440,15,0,0,858,0,_
719,0,用户6454546314246,0,160,0,0,0,8,0,_
720,0,英雄本色,0,49,0,0,0,184,0,_
721,0,今晚红烧小华华,4,97,3,1,1,114,1,不要为了取悦别人而去疯狂的打扮自己_
722,0,用户7548394372436,0,22,1,0,0,198,0,_
723,0,用户10086,0,22,0,0,0,12,0,_
724,0,如妙,27,65,72,5,5,130,1,直心是道场，真心能入道。_
725,0,sky_梦霖,0,14,0,0,0,6,0,_
726,0,白天不懂夜的黑,2,5,3,0,0,0,0,_
727,0,领袖之证大黄蜂,0,193,6,0,0,24,0,_
728,0,用户7232660195255,0,7,0,0,0,96,0,_
729,0,꧁淺默ㄨ꧂,11,3273,14,4,4,5949,0,_
730,0,无敌战神,0,398,40,0,0,1846,1,黄思锦_
731,0,自信余生,113,301,39,36,36,923,1,等我长大🌻🌻🌻🌻_
732,0,⊙_⊙大墨墨©,0,26,2,0,0,88,0,_
733,0,O。O,0,93,106,0,0,0,0,_
734,0,龘龘龘龘龘龘龘龘龘龘龘龘龘龘龘龘龘龘龘龘,0,110,1,0,0,553,0,_
735,0,霸气男孩,1,18,1,1,1,242,0,_
736,0,78.3w人,0,63,3,0,0,307,0,_
737,0,萨格罗斯,0,144,8,0,0,2801,1,wuli~su~_
738,0,生菜,35,59,11,1,1,349,0,_
739,0,SVSHN,34,38,18,5,6,332,1,郑州迅控_
740,0,少年与梦,0,30,3,0,0,59,0,_
741,0,沐沐鱼呀,47,293,11,16,16,1312,1,本人爱喝：六个核弹本人爱吃：蛋炒饭、滑稽果本人身份：秀儿所以……10粉以达到🌚🌚🌚_
742,0,我叫AT,97,237,19,13,24,1794,1,凡事都说“呵呵呵”开心最重视频都可保存发布。只需打上我的抖音号以及水印。_
743,0,神仙,0,75,1,0,3,420,0,_
744,0,另一个自己,0,1104,17,0,0,6385,0,_
745,0,为你 逆光而来,0,53,0,0,0,221,0,_
746,0,[神之九尾]玉藻皇,9,357,16,2,2,740,0,_
747,0,星极(MC),0,215,11,0,0,0,0,_
748,0,。。。。。,14,79,4,3,4,149,0,_
749,0,左传铭max,0,49,1,0,0,69,0,_
750,0,ruan,33,27,12,3,3,210,0,_
751,0,SCP-173  奥利给,0,23,0,1,1,16,0,_
752,0,旧疤,0,325,7,0,0,4675,0,_
753,0,捞尸人,0,128,0,0,0,244,0,_
754,0,七七,0,298,1,0,0,135,0,_
755,0,赵国,0,611,1,0,0,2133,0,_
756,0,定时炸弹💣,0,113,0,0,0,563,0,_
757,0,ALIiCe,0,120,14,0,0,0,0,_
758,0,Carrie_绫玖,0,1028,38,0,2,20401,1,腐某一枚俞生只争朝夕_
759,0,约，,0,10,0,0,0,54,0,_
760,0,晴晴学画画,3,35,1,3,3,1504,0,_
761,0,艾毅,0,71,0,0,0,470,0,_
762,0,罗老师,0,37,0,0,0,16,0,_
763,0,~,0,580,60,0,0,0,0,_
764,0,海宝宝,0,377,3,0,0,458,0,_
765,0,苍梧☆,18,450,79,4,5,9989,1,敷衍的琉璃，不堪的妖心_
766,0,ギゲグシス,0,49,0,0,0,1244,0,_
767,0,杨振豪,0,336,2,0,0,459,0,_
768,0,中单玩家,0,112,0,0,0,652,1,中单玩家，主要玩貂蝉，妲己，上官，周瑜，扁鹊，这几个2个号分别有牌子，貂蝉和妲己市服，剩下的区_
769,0,小桃之,0,81,2,0,0,2830,0,_
770,0,离芯,5,437,13,2,2,2333,0,_
771,0,金金O,0,103,50,0,0,0,1,没有签名无个性_
772,0,弓长张姐,74,320,24,11,11,1503,0,_
773,0,用户2279071753174,0,282,0,0,0,180,0,_
774,0,南昌县,2,324,3,1,1,1962,0,_
775,0,张淼杰,2,769,9,1,1,4430,0,_
776,0,🌸仙气十足🌸草莓🍓,2,462,71,1,1,6680,1,善有善报，恶有恶报，没关系啊！我是你爸。_
777,0,海上升明月,19,415,34,2,2,1383,0,_
778,0,极限挑战哟！,10,819,8,2,2,1452,1,逗比学院，专业运动员，感谢大家的支持🙏，最后祝大家身体健康，吐舌😛😝！_
779,0,周予希nice,0,228,0,0,0,487,1,破壳日:11月30日(๑• . •๑)     年龄：9     ❤❤_
780,0,沉默🍉,0,74,1,0,0,587,0,_
781,0,一块草方块。,3,1374,79,1,2,782,0,_
782,0,木槿昔年,0,131,7,0,0,1353,1,木槿昔年，浮生未歇。_
783,0,用户1638109490221,0,510,5,0,0,2519,0,_
784,0,一亡与感,0,5,0,0,0,2,0,_
785,0,讲信修睦,0,327,59,0,0,812,0,_
786,0,℡萌兔yá@,0,886,2,0,0,1558,1,暂时不能直播_
787,0,杰杰,0,75,0,0,0,2987,0,_
788,0,北春,0,17,0,0,0,0,0,_
789,0,"︶淺笑,嫣然ㄨ",153,3631,27,0,0,0,0,_
790,0,g_ffhb,0,11,0,0,0,0,0,_
791,0,用户7268729057070,0,73,1,0,0,239,0,_
792,0,可爱小月亮,3,72,1,3,3,116,1,我是个盲博，也许有很多不好！请指教。_
793,0,玫瑰🌹精灵,12,60,13,11,11,2910,0,_
794,0,王逸然,0,1249,20,0,0,3283,0,_
795,0,1952764321,1,265,3,1,1,824,0,_
796,0,青铜视频剪辑师,31,203,18,3,4,2457,1,青铜  视频剪辑_
797,0,Anny,109,325,73,11,12,261,1,初中_
798,0,hg,0,139,1,0,0,268,0,_
799,0,火影鸣人,0,186,3,0,0,137,0,_
800,0,你是我的夨宠猫,316,154,242,65,66,1210,0,_
801,0,快乐小王子,0,128,1,0,0,674,0,_
802,0,嘻嘻嘻,12,228,3,0,31,11391,0,_
803,0,大鹏,0,541,31,0,0,2902,0,_
804,0,非常心,0,34,24,0,0,0,0,_
805,0,昕然的另另个号（昕辰工作室）,166,521,25,66,68,2124,1,关注我的人，我也会回关的，我的闺密可以几个，我现在只有一个，我打算再要两个，谢谢你们一路的陪伴，让我在本无生机的生活下活了过来😊😊😊_
806,0,又双叒叕,2,495,19,0,9,1478,1,我是奥利给_
807,0,南极憧憬你的北极星.♡,0,33,3,0,0,2475,1,所有人都让我努力，可没有人让我快乐。_
808,0,疏離809,0,1,0,0,0,0,0,_
809,0,索菲娅🎀,3,355,4,1,1,1218,0,_
810,0,星纪.,0,30,1,0,0,162,0,_
811,0,想和你……,0,408,4,0,0,8633,0,_
812,0,古下君（反迷你）,25,261,7,54,54,757,1,QQ号：645701062_
813,0,玩玩和平精英(实习生),0,120,4,0,0,391,0,_
814,0,用户6245259519750,0,26,2,0,0,22,0,_
815,0,辞念.,0,13,0,0,0,117,0,_
816,0,AML真実はいつも一つ,15,234,7,0,0,0,0,_
817,0,用户7249219130351,0,51,0,0,0,814,0,_
818,0,用户2899459204727,0,91,0,0,0,124,0,_
819,0,用户9371078642287,0,337,1,0,0,545,0,_
820,0,月儿,0,91,17,0,0,370,0,_
821,0,梓潼,29,149,59,8,8,217,1,我♡简介    嗷呜，可盐可甜的小可爱敲♡闺蜜    鸳凤.瑶帝                   蜜桃 可♡朋友    汤圆爷爷                    烟       爱♡宝藏    Honey  peach           佳乐学长                                              滴♡ love    安生的爸爸               千岁岁       呀♡说说     北冥有鱼，其名为鲲 。_
822,0,调调调调调调调调调我的调调剂。,9,566,5,19,19,6388,0,_
823,0,八重嘤嘤嘤(慢车中…),27,37,11,7,7,837,1,哎呀……有换个号发澀图_
824,0,柠檬味的猫,0,329,1,0,0,161,0,_
825,0,bmm高冷(出去同时关私信),474,911,126,92,92,3728,0,_
826,0,用户3670670699310,0,325,1,0,0,1354,0,_
827,0,一只小傻叉,0,140,0,0,0,34,0,_
828,0,林深见鹿,0,434,6,0,0,89,0,_
829,0,余梦初,4,43,13,1,1,155,1,疯狂的脑洞觉醒了🤔🤔_
830,0,伪爷自闭了,0,66,20,0,0,0,0,_
831,0,二,0,14,0,0,0,102,0,_
832,0,娜娜,0,49,12,0,0,138,0,_
833,0,鶴講髓薅赣鶴蘩蘘濤濤蘩講夔,0,253,1,0,0,545,0,_
834,0,甜蜜少女,0,42,9,0,0,1207,0,_
835,0,钊钊北辞,0,42,1,0,0,217,0,_
836,0,流光溢彩,3,105,5,2,2,358,0,_
837,0,用户5542560767066,10,117,13,3,3,1748,0,_
838,0,用户8808812540584,3,236,2,2,2,6048,0,_
839,0,用户5609837148945,463,17,22,10,10,166,0,_
840,0,小红豆,3,276,4,2,2,829,1,我是一个热爱游戏的人，希望我的粉丝可以，到达100_
841,0,伍六七柒五MC,88,1411,137,20,20,1018,1,我是Xx_
842,0,吴,0,157,3,0,0,6,0,_
843,0,清ヽ(≧Д≦)ノ薄 wr,0,257,23,0,0,2459,0,_
844,0,手机用户50434177894,0,392,15,0,0,275,0,_
845,0,江山^O^,9,1192,175,3,3,9488,0,_
846,0,人间理想✨仙桃୧⍤⃝🍑,624,627,113,55,56,2416,0,_
847,0,Jason,8,559,12,2,2,2279,0,_
848,0,Scp 173,1,1017,4,2,2,294,0,_
849,0,凡事如尘,0,63,0,0,0,23,0,_
850,0,Girlyoyoyoyo,0,36,0,0,0,109,0,_
851,0,手机用户73592106634,250,959,44,56,59,16884,0,_
852,0,景霖哥,0,102,1,0,0,54,0,_
853,0,柔情少年,0,46,2,0,0,399,0,_
854,0,用户2904089674448,0,17,0,0,0,0,0,_
855,0,无聊咯,10,1648,5,3,4,4901,0,_
856,0,孤狐.CXS,0,217,8,0,0,7502,1,我很帅哦_
857,0,已重置,0,23,5,0,0,168,0,_
858,0,用户5557344027427,0,147,0,0,0,339,0,_
859,0,涩♀,0,63,1,0,0,351,0,_
860,0,Lⅴ,0,128,6,0,0,1144,0,_
861,0,呵呵哒,0,62,8,0,0,462,0,_
862,0,我真帅,0,156,11,0,0,277,0,_
863,0,一个小时,0,79,41,0,0,1672,0,_
864,0,春风十里不如🙈,2,103,2,1,1,326,0,_
865,0,爱喝白开水的高高,0,135,0,0,0,0,0,_
866,0,红白珍珠,16,64,0,8,8,725,0,_
867,0,小手冰凉_,13,110,1,2,2,403,1,玩游戏日常咯咯._
868,0,用户490859705622,0,21,0,0,0,9,0,_
869,0,我是小雯,0,3,1,0,0,16,0,_
870,0,小恐龙妹妹,0,686,16,0,0,4208,0,_
871,0,qzuser,0,78,0,0,0,201,0,_
872,0,用户2419842287481,0,142,0,0,0,274,0,_
873,0,闪电兄弟,0,326,16,0,0,52,0,_
874,0,天～～,3,228,2,3,3,6943,0,_
875,0,DyDsPlCj,0,954,28,0,0,0,0,_
876,0,～,0,41,5,0,0,326,0,_
877,0,用户8643942617074,65,445,3,5,5,1068,0,_
878,0,花园粑粑,14,14,21,0,0,68,1,祖国被淹死的花朵_
879,0,恒弟弟,0,362,3,0,0,42,0,_
