0,0,惜颜,0,442,102,0,0,330,1,爱情这东西，我不在乎_
1,0,用户4490041608086,0,79,0,0,0,351,0,_
2,0,用户6706587163146,0,31,0,0,0,0,0,_
3,0,dyewajo9t2dj李树芝,3188,690,249,83,83,2144,0,_
4,0,轩逸,0,280,4,0,0,3634,0,_
5,0,安笙,0,1107,5,0,0,19111,0,_
6,0,用户308011920808,0,3037,4,0,0,3053,0,_
7,0,抖🐒,9,324,17,5,5,6800,0,_
8,0,妈妈说只要名字足够长就会有一大群傻子跟读,5,346,0,1,1,3706,0,_
9,0,恩恩爱玩游戏,222,1507,231,7,14,4357,1,小男孩👦喜欢打游戏打吃鸡，王者，第五，想一起玩找我o_
10,0,枕孤人,24,228,32,1,1,120848,1,目标喜欢10w，已经完成_
11,0,用户9119975099166,0,579,0,0,0,1112,0,_
12,0,芋oHo,214,854,47,11,11,0,1,还没开学🌝不用羡慕🌚20✨20✨冠军✨dia🌝✌_
13,0,皓皓皓皓皓皓皓皓,0,304,3,0,0,0,0,_
14,0,梦みたあとで,0,217,6,0,0,26,1,🎣_
15,0,恋曲@雨花石,0,526,3,0,0,7563,0,_
16,0,GKヽ清风,7,4385,1321,4,4,108135,1,Gk缺人。要进的私信我_
17,0,纪湘,0,1375,13,0,1,1545,0,_
18,0,精致男孩唐果,4,1316,9,1,1,0,0,_
19,0,￴ㅤ￴ㅤ,0,467,21,0,0,481,1,有手就行_
20,0,哈密瓜村民（小号）,0,793,15,0,0,95,0,_
21,0,○,0,661,13,0,0,0,0,_
22,0,用户3599382496099,0,46,13,0,0,184,0,_
23,0,绫小路清隆,0,259,10,0,0,366,1,世界上最帅的人_
24,0,千本司御,0,97,1,0,0,30,0,_
25,0,嘟嘟啵啵,40,380,11,6,6,5126,1,迷你号：554515720_
26,0,烈凌逸阳,4,1664,6,0,0,0,0,_
27,0,用户1545219004936,0,1037,1,0,0,968,0,_
28,0,策略和脑部的机器,193,1630,88,28,30,5066,0,_
29,0,迷你世界二狗子(狗家创始人),288,928,170,48,50,3152,1,收徒100狗家收人_
30,0,yxi,0,276,15,0,0,0,0,_
31,0,MC寒霜（嘿Siri打开旁白）,87,829,101,13,14,36255,1,"大家好, 我是帅气的寒霜鸭❤️一个帅气的狮子座男生🖤不要看我的头像就以为我是一个可爱的人🧡其实我就是一个可爱的人💛哈哈哈哈💚都看到这里了为什么还不关注一下呢💙还有我不光更新mc💜我的工作室QQ号是:946509535❤️_"
32,0,.拜你所赐.,0,50,4,0,0,812,0,_
33,0,奶粉有点FEN,36,222,37,4,8,510,1,是一名正在努力的up主啊_
34,0,㍿,0,1162,24,0,0,2931,1,额_
35,0,小杨姐姐,264,1210,1069,15,15,3225,1,直来直去大大咧咧_
36,0,懒“阳”一个,758,1332,80,123,123,5082,1,每天都会更新几个视频不一定更新几个？如果没有更新。那就是因为在打王者吃鸡，吃鸡叫反复减肥，反复减胖，军团叫反复战队，想带我，可以私信我。_
37,0,不聊了不聊了，搜集正能量了,6,1048,32,0,0,0,0,_
38,0,Re.,0,64,27,0,0,0,0,_
39,0,墨雪💞冬纷,0,56,1,0,0,291,0,_
40,0,用户8355666197712,0,62,7,0,0,812,0,_
41,0,杀币,3,1412,28,0,1,8700,0,_
42,0,小伙,2921,958,201,137,139,8268,1,努力奋斗_
43,0,看,0,606,32,0,1,4412,1,谢谢_
44,0,热爱.,5832,3236,135,0,4,0,1,滚去和你母亲玩泥巴吧_
45,0,Distance,0,2374,22,0,0,0,0,_
46,0,凌儿,0,40,73,0,0,0,1,咖喱_
47,0,用户6302009198390,0,461,1,0,0,5705,0,_
48,0,jxnsnxjdj,0,21,8,0,0,32,0,_
49,0,王晓伟,0,450,1,0,0,457,0,_
50,0,君心归吾妃,0,491,2,0,0,234,0,_
51,0,只想刚枪唉,7,311,14,0,0,0,0,_
52,0,沙雕刘某,1,510,0,7,7,43,0,_
53,0,顾v⚡️,3,393,25,1,2,559,1,殿影社成员！期待你的关注_
54,0,殇城,10,25,29,2,2,2070,1,期待黎明划破黑夜来临人间_
55,0,mc,0,1228,8,0,0,2513,0,_
56,0,星星出嫁✨,1234,137,113,2,3,4279,1,☁重新认识一下🐑☁我是不知道🌵（网名而已别太认真）🐑☁与世无争🐑☁只想好好做🐑☁自己的沙雕女孩🐑☁公鸡中的战斗机，哦耶🐑☁VX.QQ私信看心情🐑☁就酱🐑_
57,0,苏辰鸭.,0,107,0,0,0,318,0,_
58,0,用户2199256328150,0,47,1,0,0,1,0,_
59,0,用户9649294777710,0,210,0,0,0,274,0,_
60,0,四季的花,0,48,22,0,0,23795,0,_
61,0,淘气的少年😜️😜️😜️,74,2129,176,2,2,20049,0,_
62,0,微夏初凉,0,190,3,0,0,397,0,_
63,0,@允诺. 「乾の虢」,0,257,4,2,2,721,1,QQ2357365190女朋友:了来起倒字名的我^V^我的号没了这个是小号_
64,0,酸酸爱打王者。,14,61,8,4,5,420,0,_
65,0,｡✧* ꧁虚伪꧂✧*｡,0,1351,54,0,0,12116,1,谢谢你之前来过，只遗憾你还是走了。_
66,0,是个大朋友了48327,0,69,0,0,0,742,0,_
67,0,[嘿哈],0,136,10,1,1,0,0,_
68,0,阿巴阿巴8575,0,628,1,0,0,520,0,_
69,0,众阅图书（👴家）,553,769,93,12,12,12954,1,帅的人已经醒来~~~ 　　　∩∩　　（´･ω･）　  ＿|　⊃／(＿＿_　／ └-(＿＿＿_／　￣￣￣￣￣￣￣丑的人还在沉睡~~~   ⊂⌒／ヽ-、＿_ ／⊂_/＿＿＿＿ ／ ￣￣￣￣￣￣￣👴在电脑上下了lol，👴也是人上人了_
70,0,SpringRice,0,292,9,0,0,0,0,_
71,0,七友,0,456,6,0,0,946,0,_
72,0,迷人的月,0,1386,4,0,0,34748,0,_
73,0,秋韵,8724,2558,2670,106,106,22239,0,_
74,0,乐多且憨憨.,0,3079,9,0,0,0,0,_
75,0,新一,0,165,2,0,0,81,1,lan，_
76,0,正能量小伙,0,266,9,0,0,691,1,乇天可崩﹤一一.._
77,0,水晶～沫雪,10,4828,48,0,0,0,0,_
78,0,用户9211101939563,0,156,1,0,0,67,0,_
79,0,野鬼,0,154,3,0,0,960,0,_
80,0,..,1,355,13,0,0,0,0,_
81,0,来呀，捶我呀！,0,606,4,0,0,24640,0,_
82,0,王者荣耀吕布,75,170,7,18,19,828,0,_
83,0,青柠原曲,29,2145,26,5,5,3994,0,_
84,0,山河故里,2,920,43,0,2,7687,1,夏天很温柔_
85,0,[做你的红楼梦去吧],0,1174,24,0,0,402,1,就这？就这啊？我还以为多狠呢，答应我，潇洒点~_
86,0,(烦人的啊精)大号忘了,0,145,5,0,0,17,0,_
87,0,温柒(三指国服赵云),6,1876,16,7,7,0,1,火影迷，人生誓言:人如果不沙雕，那还在世界上活着有什么意义？_
88,0,（中国加油）,1539,1368,122,2,2,0,0,_
89,0,玄子舔马桶,0,2563,50,0,0,48799,0,_
90,0,迷你世界月牙,128,256,32,32,32,625,1,我🍀这里是月牙喜🌸最喜欢的主播:皮皮欢🌷欢迎来到主页皮🍃爱豆:王俊凯嫂🌵粉丝我的底线_
91,0,茶白,1,537,20,1,3,654,0,_
92,0,Minecraft  博宁,8,1851,12,3,4,47396,0,_
93,0,Menden是仙女♡,0,472,4,0,0,5112,1,作为兰陵王妃我不能输~\(≧▽≦)/~_
94,0,JNWJN,0,1079,2,0,0,0,0,_
95,0,史晶记录,75,1425,67,17,18,5600,1,专业就是让客户在他的知识盲区里放心_
96,0,章鱼哥🐙,2,381,5,1,4,1080,0,_
97,0,凝,32,259,12,9,9,1422,1,爪巴_
98,0,法律顾问    夏💕,0,1068,9,0,0,46973,0,_
99,0,玲💋,9,40,10,7,11,294,0,_
100,0,冰川时代潮流,13,530,11,3,3,2868,0,_
101,0,蓝柠君,0,1067,17,0,1,1360,1,MT_
102,0,宇航员,0,850,39,0,0,14996,0,_
103,0,98k小哥哥,9,2413,15,3,3,0,0,_
104,0,你的糖糖儿～啊,1,1389,25,0,0,2375,0,_
105,0,摄影者,859,380,116,47,50,1549,0,_
106,0,five,2,2495,6,0,0,19258,0,_
107,0,(亿万少女的梦)忆梦,50,572,43,6,6,350,0,_
108,0,小西别跑,0,123,2,0,0,902,1,小西经常被包租婆打，太惨了！5月21日更新哟！可以不可以关注我一下？_
109,0,天若有情,242,1306,90,24,39,2086,1,余生很贵，开心就好_
110,0,迷你世界⭐苒苒,1357,4787,263,299,299,17359,1,哈喽！大家好，我是苒苒，是一名普通的学生。_
111,0,爷,6,876,5,3,3,6,0,_
112,0,soul zzz,110,165,25,19,19,2645,0,_
113,0,孤城凉梦,1,203,0,0,0,0,0,_
114,0,草莓味,0,177,3,0,0,693,0,_
115,0,星辰👀,52,408,18,8,8,8456,1,喜欢玩部落冲突，王者，如果有想跟我一起玩的，私信我_
116,0,取什么名字好呢୧⍤⃝⊙ω⊙,0,3282,93,0,0,10974,1,这个人不很懒，但他似乎什么都没有写(┯_┯)_
117,0,恶魔👿,0,10,0,0,0,47,0,_
118,0,197.仙逸✨江姨,386,909,23,34,34,0,1,感谢你的关注✨💫_
119,0,和和,28,185,4,14,14,230,0,_
120,0,练着呢不会玩,1,607,2,1,2,2523,0,_
121,0,Your father.,9,527,4,12,12,1909,1,我是工作狂_
122,0,星烁绝对是憨憨,56,874,12,34,34,9076,0,_
123,0,小米诺舅舅,36,1564,10,10,12,14194,1,小米诺的视频，我一周会随机更新，请耐心等待_
124,0,辰轩,0,508,6,0,0,976,0,_
125,0,bdjdj,1,58,4,0,0,0,0,_
126,0,用户4525185853377,0,631,3,0,0,3272,0,_
127,0,人间理想,2,1473,2,1,1,61,0,_
128,0,残情忆梦,23,909,6,0,0,0,0,_
129,0,用户6888433336121,5,3082,60,1,1,4846,0,_
130,0,🏳️‍🌈,2,359,46,1,1,6582,1,我是三岁_
131,0,南.,0,2175,35,1,1,10143,0,_
132,0,当午,0,130,3,0,0,367,0,_
133,0,༺༂离༒人༂༻,0,6,0,0,0,154,0,_
134,0,无聊王,0,500,27,0,0,714,0,_
135,0,所有黑粉都是我儿子,0,696,3,0,0,5106,1,我要努力实现梦想，以弥补我小时候吹过的牛。_
136,0,王者荣耀擅长蔡文姬辅助,1,855,9,0,4,1486,0,_
137,0,Chnese boy,80,213,24,16,19,2397,0,_
138,0,.....,1,483,7,0,1,5965,0,_
139,0,‘’,0,3640,6,1,1,6570,0,_
140,0,雪花飘飘,0,497,9,0,0,77,0,_
141,0,专业抬棺（山东队大队长）,54,848,13,14,14,545,0,_
142,0,我看你像个DER.,0,35,6,0,0,401,0,_
143,0,不点赞你家就闹伏拉伏,14,1432,37,4,9,2732,0,_
144,0,.....,0,4990,6974,0,0,20261,0,_
145,0,546.3w人,0,266,3,1,1,883,0,_
146,0,小裤头爱吃奥利给配大蒜,0,66,0,0,0,332,0,_
147,0,热爱香肠派对,0,957,8,0,0,15352,0,_
148,0,爱你三千遍,8,1721,18,1,3,54649,0,_
149,0,用户3586205072755,1,90,5,2,2,399,0,_
150,0,￡[看][强壮],0,433,47,0,0,4664,0,_
151,0,DJ,0,209,5,0,0,338,0,_
152,0,宸,19,199,12,3,3,2753,0,_
153,0,安和桥,0,165,16,0,0,13209,1,!_
154,0,用户262272796,0,2388,0,0,0,3616,0,_
155,0,用户9120064750983,0,303,0,0,0,312,0,_
156,0,暗影！,0,149,4,0,0,1335,0,_
157,0,飞燕,61,71,64,11,12,2515,0,_
158,0,毒鸡汤,0,502,1,0,0,373,0,_
159,0,小丑,0,166,2,0,1,1073,0,_
160,0,用户2533950867528,1,204,8,1,1,405,0,_
161,0,我才半周岁,0,25,9,0,0,1157,0,_
162,0,抖音狂魔,0,1910,32,0,0,2303,0,_
163,0,lbwnb,0,219,16,0,0,0,0,_
164,0,爱搞事的吃瘪刚（小号）,0,281,4,1,1,270,1,大号无法登录，只能登录小号了，请大家多多关注，跟我打游戏的请看爱搞事的吃瘪刚主页_
165,0,别来无恙🐐,0,90,0,0,0,354,0,_
166,0,用户7309377611,0,429,2,0,0,0,0,_
167,0,用户4503958622063,0,246,0,0,0,676,0,_
168,0,love @ karryWang,0,43,2,0,0,2,1,三生有幸能喜欢你@karry. Wang_
169,0,梦魇,42,326,24,10,10,0,1,玩吃鸡、我的世界、王者荣耀、守望先锋。_
170,0,辉煌岁月,2,269,36,0,2,536,0,_
171,0,用户9197518933437,141,556,21,81,82,6230,0,_
172,0,遇见◇你,0,598,2,0,0,1742,0,_
173,0,迷你世界✨小九,2,4552,210,0,1,14827,0,_
174,0,爱♡,0,531,0,0,0,2270,0,_
175,0,茨威格,0,215,5,0,0,1425,0,_
176,0,波涛汹涌,0,215,4,0,0,292,0,_
177,0,Aa古巷青灯,0,588,7,0,0,859,1,绝望王我的情敌，请拔刀吧_
178,0,南念♡,0,6,4,0,0,35,0,_
179,0,反迷你,0,1119,6,0,0,10860,0,_
180,0,给爷整笑了,0,55,0,0,0,1,0,_
181,0,开心,674,396,60,58,58,2427,0,_
182,0,用户6827837906151,0,223,5,0,0,1155,0,_
183,0,唐艳,1183,343,101,61,62,3417,0,_
184,0,啊糖糖糖糖（专业嘿紫梦20余年）,0,266,8,0,0,2007,0,_
185,0,桃滔淘,27,1679,22,6,8,4422,1,世界很简单_
186,0,溜兄,16,32,6,7,7,105,0,_
187,0,韩信王带飞,0,69,0,0,0,166,0,_
188,0,泪九梦,6,180,166,3,3,787,1,我要做好我的王者之位，希望自己努力，努力再努力，你们有什么我会尽量满足_
189,0,鸣人,7,1433,19,2,2,4090,0,_
190,0,哑巴大喊一声,142,1299,114,12,12,4041,1,止于羡慕他人，始于改变自己。_
191,0,用户8532465848409,0,1503,3,0,0,2222,0,_
192,0,人活着就是为了一反木绵,0,134,0,0,0,275,0,_
193,0,鑫森淼焱垚,76,2764,20,9,10,2066,0,_
194,0,这？在一一,2,717,5,4,4,857,0,_
195,0,[看],0,917,0,0,0,987,0,_
196,0,32.5万人,0,3922,18,0,0,2905,1,..._
197,0,大侠,975,332,104,116,119,1736,0,_
198,0,齉齉讋齉齉齉讋齉齉齉讋齉齉齉讋齉,1,932,9,0,1,439,0,_
199,0,清酒⃕ັ.,2,31,24,0,4,10106,0,_
200,0,晴空少年,0,819,7,0,0,2615,0,_
201,0,用户8928580376778,19,152,9,5,5,610,0,_
202,0,Die大佬一个,0,38,7,0,0,0,0,_
203,0,雨曦🌸,0,597,13,0,0,2561,0,_
204,0,米落,0,9,13,0,0,22,0,_
205,0,杰爷.,9,1439,38,0,3,3852,1,唯一抖音不发作品谢谢如果想一起打打王者加Q1749847293如果想进战队也可以私聊q1749847293每周战队赛每周战队红包君予阁欢迎!_
206,0,用户8726123282320,0,2106,26,0,0,2200,1,单身狗_
207,0,连奶好,1,88,0,5,5,152,0,_
208,0,想在叶航成腹肌上睡觉,7162,1323,361,27,27,0,1,本命：嘉尚F5🍃易烊千玺🐑王一博🏍不喜欢别伤害！点赞点赞点赞👍关注关注关注☺️模仿请艾特！私信评论一般都会回😎不要一次性赞完全部作品（会限流）一次性赞完拉黑！看到帅哥就艾特我！！！_
209,0,用户7955273363514,0,2417,8,0,0,2835,0,_
210,0,生活,0,1495,0,0,0,2578,0,_
211,0,（杰什么叔的背锅粉）非正经rc玩家,6889,996,460,152,157,49551,1,上海玩攀爬rc感谢你的关注。       听说关注我的都是帅哥🙃主业拉菜副业攀爬🙃🌞_
212,0,已重置,0,1234,14,0,0,14088,0,_
213,0,mc_祖安人【蓝贵工作室】,516,2488,154,65,67,3334,1,100粉露脸_
214,0,丁四,0,763,8,0,0,82,0,_
215,0,莫楚乔,16,2705,8,3,3,8257,0,_
216,0,用户9284668366048,0,45,7,0,0,586,0,_
217,0,hhh,2,113,7,0,1,216,0,_
218,0,H,18,33,21,1,1,2097,1,谢谢你们这么好看还可以看到我❤_
219,0,嘿siri恢复出厂设置,0,676,9,0,0,2106,0,_
220,0,孤城,0,542,25,0,0,23803,0,_
221,0,꧁※玖ᝰ辞※꧂,138,524,30,16,16,989,1,本人白羊座喜欢阎王不高兴（阎络婉）斗罗大陆（唐婉）魔道（魏婉字玖辞）渣反天官狐妖（东方月水）咬痕刺客伍六七（婉）斗破神印王座_
222,0,小猪猪,0,1903,10,0,0,18525,0,_
223,0,暗夜星空132,0,2556,23,0,0,5871,0,_
224,0,王海龙,0,97,0,0,0,20,0,_
225,0,社会你大爷,9,2580,17,7,11,8236,0,_
226,0,晕的躺蛋蛋,1,171,59,0,0,0,0,_
227,0,ZHUYUNXI,0,193,11,0,0,33,0,_
228,0,小北,360,102,47,33,33,19783,0,_
229,0,班级小助毛（小张没yc),40,749,30,4,4,1537,0,_
230,0,上瘾,0,3081,61,0,0,30753,1,但行好事     莫问前程_
231,0,川霖,0,661,30,0,0,0,0,_
232,0,残酷,0,441,32,0,0,3008,0,_
233,0,1376499191,0,185,3,0,0,3903,0,_
234,0,汤姆        杰瑞,18,1462,10,0,0,0,0,_
235,0,5211,0,168,12,0,0,41129,0,_
236,0,班级小助教,0,33,2,0,0,807,0,_
237,0,墨痕,152,574,83,25,25,0,0,_
238,0,ん,0,115,21,0,0,477,0,_
239,0,迷你世界✨小夏鸭✨,129,2112,620,16,17,13998,1,🍬小🍬最近再找师傅🍬有人当我师傅不🌚🍬🍬夏🍬粉丝名：夏宝🍬不好听的话可以换🍓🍬🍬爱🍬五千粉露原声🍬本人nanami不好听🌞🍬🍬你🍬喜欢玩生存呐🍬有时候会不录生存🍬🍬鸭🍬会明天更新鸭🍬有时候不会🍬🍬~🍬已有闺蜜勿动🍬迷你世界✨奶糖鸭🍭🍬✨小瑶✨🍬_
240,0,YY,17,827,13,7,7,462,0,_
241,0,顾颜,0,25,0,0,0,115,0,_
242,0,水,0,1449,7,0,0,1071,0,_
243,0,龚毅[沐家],15,1013,12,16,16,2006,0,_
244,0,ZhaoYongL,119,16,113,3,30,24444,1,6年~10年_
245,0,雪球,31,2003,26,6,6,3579,0,_
246,0,我叫马牛逼，你知道我有多牛逼吗？我敢吃屎,1,1200,25,0,0,0,0,_
247,0,龟憋,19,1699,53,0,0,0,0,_
248,0,网络喷子，不爽就喷,7,609,3,2,3,5626,0,_
249,0,⻢化腾,304,1918,303,4,4,23259,1,"谢谢大家对腾讯公司的支持年轻人，今天你充钱了吗?腾讯科技有限公司腾讯科技,遇见未来_"
250,0,用户1926798108938,0,616,0,0,0,9138,0,_
251,0,我本無心，何来傷心,161,3463,110,33,33,3034,1,作为一个没心的人简单的生活。_
252,0,丨Dear,0,1078,7,0,0,8223,0,_
253,0,ク匪徒,0,358,2,0,0,595,0,_
254,0,‍,134,1710,308,5,6,3172,0,_
255,0,狗头保命,2,210,2,1,1,2906,0,_
256,0,阳光.♥,0,2183,6,0,0,3308,0,_
257,0,余生我爱你.,17,1999,39,3,4,5924,1,有对象，大号崩了，换个_
258,0,梨花,0,67,2,0,0,514,0,_
259,0,万合,0,424,1,0,0,22,0,_
260,0,酸橘子,22,1233,35,2,2,4063,0,_
261,0,用户5465108767150,0,709,23,0,0,2306,0,_
262,0,kplea,2,361,1,1,1,2605,0,_
263,0,风灵,0,899,11,1,1,7568,0,_
264,0,英鹅,7457,457,811,77,77,7541,1,想要躺上王者_
265,0,一条龙,36,1255,74,5,5,2412,0,_
266,0,【如此简单】&,0,411,14,0,0,2087,0,_
267,0,Ss洗铁路,0,315,3,0,0,55,0,_
268,0,千叶惠子,79,489,20,21,21,4305,1,发现世界每一个精彩_
269,0,……（皮卡丘）yo家,54,767,89,5,9,342,1,100粉露原声200粉露    脸300粉送福利_
270,0,星河,0,153,5,0,0,1335,0,_
271,0,珮某人〖,23,80,53,4,5,7019,1,干干净净　🌟退了。失望了小哈退了。…_
272,0,李滓炯,51,1751,36,51,54,3246,0,_
273,0,closer,5,109,35,0,3,8135,0,_
274,0,天宇,0,785,2,0,0,112,0,_
275,0,二哈,0,994,6,0,0,1875,0,_
276,0,用户7483158160144,0,122,0,0,0,107,0,_
277,0,66.,19,1469,19,4,4,3234,0,_
278,0,💊呢,0,384,2,0,0,1099,0,_
279,0,我的快乐@就是想你,56,2358,18,14,14,5067,0,_
280,0,小小怪剪辑,2,992,7,0,1,33683,1,？？？_
281,0,嗓,0,4999,151,0,0,31220,1,看啥看_
282,0,江上晚风吟,50,63,14,7,7,11635,0,_
283,0,迷你世界🐶雷雨狂风,122,2773,37,35,35,8199,1,男:10岁天蝎座祝你千万不要放弃(›´ω`‹)你会有很多真粉，喜欢的游戏迷你世界和平精英_
284,0,方向,26,296,45,1,1,6224,0,_
285,0,。。,0,12,0,0,0,1251,0,_
286,0,地狱火,277,2605,126,15,15,3861,0,_
287,0,小爱同学叫爸爸,39,1272,37,13,13,5083,0,_
288,0,醉春,0,163,13,0,0,5904,0,_
289,0,未来的国服貂蝉（沐九儿）,47,12,10,8,8,494,1,秋至叶始落，叶落方知秋。秋为叶生，叶因秋落。 一叶一苏，平分秋色。_
290,0,墨柒Liam,16,1497,18,6,6,2254,1,🌚🌚🌚🌚🌚🌚QQ:1485378130我的世界：墨柒liammm游戏：和平精英:微信：墨柒Liam(大小写)王者荣耀：QQ:天梯_   微信：墨柒微信：wxid_ilwvlwr1435a22穿越火线手游微信：沈祺凯_
291,0,帅帝c,0,1008,9,0,0,6638,0,_
292,0,번역은 모두 바보들이다.,0,814,9,0,0,18641,0,_
293,0,权青雪（励志练雅典娜，梦奇）,0,146,0,0,0,163,0,_
294,0,用户2245531589505,0,70,8,0,0,181,0,_
295,0,李勇硕,11,4666,12,0,0,12964,0,_
296,0,凯皇,63,54,28,3,4,3505,0,_
297,0,用户4338357353394,0,33,0,0,0,12,0,_
298,0,爱上奈白啦(本命元歌),0,20,86,0,0,11168,1,唯元歌不黑，唯奈白不爱！#本命元歌#王者荣耀#元歌无连招_
299,0,庥,2,73,3,0,8,2275,0,_
300,0,用户6961004190727,0,382,3,0,0,130,0,_
301,0,师兄弟姐妹,48,3582,275,15,17,4251,0,_
302,0,王小飞,0,579,9,1,1,84,0,_
303,0,为昊昊心动.,3,104,38,0,2,5563,0,_
304,0,狗头君(新成员),27,4053,51,9,10,6797,1,520   520   520   520   520   520   520520   520   520   520   520   520   520520   520   520   520   520   520   520520   520   520   520   520   520   520_
305,0,斩希特改明为我只不过是个某,0,786,3,0,1,862,1,王者冲星耀和平精英到王牌                                    换了一个号要加我_
306,0,小神仙,87,2108,26,46,46,4732,0,_
307,0,墨染（身法韩信）,0,561,58,0,0,7042,0,_
308,0,[看],0,1198,4,0,0,1927,0,_
309,0,用户4383032396210,0,299,0,0,0,0,0,_
310,0,黑龙ゞ浅梦,12,211,13,4,4,13590,0,_
311,0,雷霆且嘎巴67,0,217,8,0,1,693,0,_
312,0,李海平,329,174,164,16,16,720,0,_
313,0,硕风和叶,0,106,12,0,0,218,0,_
314,0,悠闲,2,1254,6,2,2,20992,0,_
315,0,皮肤问题就找我,29,841,6,7,7,2585,0,_
316,0,用户4317524408695,0,1090,3,8,8,7758,0,_
317,0,是小萌新🐣(静等三个憨憨直播),66,4911,121,0,0,0,0,_
318,0,发v减肥,0,129,0,0,0,570,0,_
319,0,浅唱蝶舞,0,431,11,0,0,2672,0,_
320,0,两面,0,882,4,0,0,1043,0,_
321,0,用户4430226048063,0,946,4,0,1,18944,0,_
322,0,巡璃,0,440,3,0,0,309,0,_
323,0,bi8bo,0,1045,20,0,0,15193,0,_
324,0,世俗.,0,1121,6,0,0,1332,0,_
325,0,豆海涵,22,128,51,1,2,434,0,_
326,0,赶快高就,0,472,3,0,0,219,0,_
327,0,用户676924,221,558,19,34,34,18065,1,大家把我所有作品的赞一遍，谢谢你们，阿利亚多，我争取到666个赞loe，康康_
328,0,南,0,31,1,0,0,69,1,时间总是在说谎_
329,0,马铭阳,8,627,15,3,3,1371,0,_
330,0,卍,0,2513,60,0,0,3672,1,……_
331,0,坏小子,0,322,21,0,1,1448,0,_
332,0,我是你爸爸,0,29,3,0,0,42083,1,我是你爸爸，我是你爸爸_
333,0,风华德（和平精英）,16,882,10,7,7,3510,0,_
334,0,耍手机111(和平精英),77,2257,25,39,39,10244,0,_
335,0,한호진,0,323,14,0,0,0,0,_
336,0,沐下寒,11,3809,50,5,5,57472,1,请多多指教😁_
337,0,海玲咪,0,906,2,0,0,1331,0,_
338,0,默谦,36,1308,34,3,4,1607,0,_
339,0,秀儿！,0,1237,6,0,0,2556,0,_
340,0,134679258,22,2178,16,7,7,5001,0,_
341,0,祎泽,0,1261,11,0,0,1693,0,_
342,0,斑,30,4684,36,7,7,6331,0,_
343,0,abcd,0,581,14,0,0,0,0,_
344,0,月下追梦,12,1515,35,3,3,2223,0,_
345,0,天上的星星最亮🌟🌟,1002,142,219,28,28,1123,1,🌟🌟🌟🇨🇳🇨🇳🇨🇳🇨🇳🇨🇳🌟🌟🌟🇨🇳🇨🇳🇨🇳🇨🇳🌟🌟🌟🌟🌟🌟🌟🌟🇨🇳🌟🌟🌟🌟🇨🇳🌟🌟🇨🇳🌟🌟🌟🌟🌟🌟🌟🇨🇳🌟🌟🌟🌟🌟🇨🇳🌟🌟🇨🇳🌟🌟🌟🌟🌟🌟🇨🇳🌟🌟🌟🌟🌟🌟🇨🇳🌟🌟🇨🇳🌟🌟🌟🌟🌟🇨🇳🌟🌟🌟🌟🌟🌟🌟🇨🇳🇨🇳🇨🇳🇨🇳🌟🌟_
346,0,[看],0,70,6,0,0,2330,1,250250250250250250250250250250250250250250250250250250250250250250250250250250250250250250250250250250_
347,0,千骑,103,3536,95,22,22,7215,0,_
348,0,ฅ 满眼星河ฅ,7,4979,195,1,1,35659,1,本人是个憨憨更新……看心情，心情不好不更好基友：爱配音唱歌的七仔，他，怎么硕呢，也比较沙雕，喜欢飞机师傅：没有❤️：o7914o_
349,0,朱志鹏,253,301,17,51,53,249,1,我只知道安眠药大机票_
350,0,猫影幻舞,0,1244,19,0,0,5772,0,_
351,0,雨鑫,0,1877,14,0,0,104,0,_
352,0,我的名字,0,252,13,0,0,1774,0,_
353,0,不喜.,0,127,39,0,0,3645,1,努力努力再努力~_
354,0,神精小伙,2,2157,9,1,2,6095,0,_
355,0,三路失丧_♡,22,319,16,9,9,692,1,不谈感情了，不然会多加几个陌生人_
356,0,阿三没了,0,1486,43,0,0,3963,0,_
357,0,姐不收二手货,276,2096,77,25,25,10644,1,闺蜜：糖布丁ya，王者段位：铂金此人玩王者，也是铂金，嘿嘿(◦˙▽˙◦)_
358,0,用户7093966866158,0,357,1,0,0,1431,0,_
359,0,清风寒山AF（反迷你）,9,941,18,2,2,4449,0,_
360,0,[吐彩虹],5,2454,17,1,3,2823,0,_
361,0,湻渋,0,3014,5,0,0,4336,0,_
362,0,活生乐快的二新,2,540,2,2,4,0,0,_
363,0,✔→_→天宇,0,97,0,0,0,353,0,_
364,0,一种相思两处闲愁,567,124,86,33,33,635,1,在还你没有人疼你的时候，你必须活的像个爷们_
365,0,୧⍤⃝💕,3,571,2,0,1,0,1,这里是杀手小锅锅哦_
366,0,鸢,112,1957,115,7,7,103887,1,暮色四溢，浓云欲坠，似你蹁跹而来，落我心上._
367,0,不善言辞,86,425,76,12,19,2535,1,想微笑_
368,0,我的世界 纸墨君,8,1153,8,3,4,444,0,_
369,0,user6364887282468,2,443,5,0,3,4287,0,_
370,0,user691977686370,0,772,1,0,0,0,0,_
371,0,语咒王者荣耀,2882,4489,291,231,246,21828,0,_
372,0,吃我小屁墩儿,0,324,2,0,0,179,0,_
373,0,かわいい,1,1614,10,1,1,8918,0,_
374,0,用户5817838109083,0,135,1,0,0,45,0,_
375,0,染小夏🤔,0,364,63,0,0,8517,1,我向你低了无数次头，我也要任性一次，就赌你因为爱我服了软，赌你因为爱我低了头，我不怕输_
376,0,马哥,0,1,0,0,0,2,0,_
377,0,爷的青春回来了,17,412,8,16,16,515,1,去关注大号“苏晨粉丝_
378,0,和平精英  李白,32,107,11,8,8,286,1,粉丝到1000给大家露脸_
379,0,用户8724537334573,0,2972,19,0,0,4188,0,_
380,0,勿勿小么？,0,180,5,0,0,7627,0,_
381,0,detruwy5,0,306,34,0,0,243,0,_
382,0,王二哥↘↗↘↗,4,822,19,2,4,3539,0,_
383,0,用户574456,50,664,52,12,12,16733,0,_
384,0,yxygwt,8,128,7,8,11,551,0,_
385,0,以斯帖,0,11,0,0,0,187,0,_
386,0,land,0,204,10,0,0,0,0,_
387,0,程帅,4,491,10,1,1,25612,0,_
388,0,从新开始,33,1865,19,11,12,7801,1,冬天不下雪，春天下起了冬天的雪，冬雪在春天相遇。。哈哈迟来的缘分啊_
389,0,巴卫,0,623,12,0,0,6764,0,_
390,0,用户4640022006207,5,2307,5,7,7,3175,0,_
391,0,星许北,55,2488,70,0,0,15948,0,_
392,0,泽风,22,109,45,3,3,1894,0,_
393,0,柳桥无复水,0,140,43,0,0,439,1,我很懒，没简介_
394,0,许你三世无邪,417,687,60,13,14,1118,1,抖音号是我🐧，想加的小粉丝就加吧！还有，我为什么不能火啊！！！！！_
395,0,用户9570519601430,0,1133,4,0,0,1764,0,_
396,0,君莫肖,5,470,1,5,7,9881,0,_
397,0,压着李白亲,13,450,50,1,1,5143,1,开学了，不要刷抖音了暑假见啦～_
398,0,后生可畏,0,344,5,0,0,730,0,_
399,0,火锅,30,288,10,51,51,1237,1,每天更新一个小游戏Ta也在关注你进来就点个关注在走吧_
400,0,口嚼酒憨憨,0,481,0,0,0,0,0,_
401,0,蘑菇吖,28,2522,87,5,5,0,1,❤️❤️❤️_
402,0,无悔,0,3993,56,0,0,7719,0,_
403,0,xxk,241,293,78,11,12,13937,1,王者ID 我不是法王ü 安卓q区_
404,0,用户5171756405006,0,23,0,0,0,10,0,_
405,0,用户8710717393647,0,3053,5,0,0,6270,0,_
406,0,庭总正能量,0,249,5,0,0,1007,0,_
407,0,琳琳,6647,1879,218,43,43,4516,0,_
408,0,展飞,61,688,35,18,19,4009,0,_
409,0,Minecraft海角(开学拖跟),277,1806,44,30,37,38734,1,100粉，陪粉丝玩🔒200粉，露声音🔒300粉，和粉丝联机我的世界，前提不能捣乱🔒400粉……不知道想干什么_
410,0,梦心泪之伤,2,212,5,0,0,9622,1,呵呵_
411,0,ws,21,63,22,1,1,95,0,_
412,0,木锦斗罗，道友，有妹妹,2156,4457,1880,26,28,2001,1,既然你们不说你们的愿望，这个愿望就取消喽。粉丝到1000，我再答应你们两个愿望。_
413,0,147.8w人,0,4114,101,0,0,11770,1,有关闭回_
414,0,嗯嗯嗯,0,294,1,0,0,0,0,_
415,0,我有猫饼,0,842,15,0,0,0,0,_
416,0,用户2078493659523,0,496,26,0,0,15657,0,_
417,0,dilraba,0,691,10,0,0,0,0,_
418,0,小雨(反迷你),3,470,9,1,3,398,1,00后_
419,0,可爱的小洛洛哟,1,1509,41,1,2,4335,1,四性草莓_
420,0,战国五霸七雄,0,253,14,0,0,621,0,_
421,0,克里斯蒂亚诺、罗纳尔多，,0,219,7,0,0,70,0,_
422,0,残羽,0,669,39,0,0,3742,0,_
423,0,阿庚gg.,26,786,55,4,6,3011,0,_
424,0,余,11,110,10,14,14,7641,1,我从来都不火。_
425,0,反正是个名字,11,699,26,2,3,5758,1,看见我就赶紧赞呀😤😤_
426,0,马华王,269,1492,92,34,34,2311,0,_
427,0,彼岸星辰落韩梦,0,3761,1,0,0,0,0,_
428,0,お曜℃月シ,53,925,18,18,21,18699,0,_
429,0,旧梦MY,2,2806,2,0,0,0,0,_
430,0,数独,3,3139,111,1,1,1229,1,👀_
431,0,过往,0,3337,17,0,0,54206,0,_
432,0,豆豆和旺财,5,3620,4,4,4,869,0,_
433,0,懒骨头,0,484,1,0,0,277,1,……_
434,0,和平玩家,21,3210,50,4,4,25091,0,_
435,0,㯻鐦,0,4245,8,0,0,41376,0,_
436,0,阿白,0,569,8,0,0,27742,0,_
437,0,悬溺,0,4999,61,0,0,0,0,_
438,0,擒屎皇,2591,1532,695,11,11,7697,1,拜拜喽……不要想我_
439,0,Night.,57,190,13,20,20,5436,0,_
440,0,星光之影,0,344,24,0,1,3116,0,_
441,0,pvz2  缩小紫罗兰,6,814,16,7,7,700,1,QQ：2522279632爱玩植物大战僵尸_
442,0,辰辰（南旧公会官方）,681,1340,174,12,13,8209,1,南旧公会会长公会Q群:329873288服务器号:11736242_
443,0,用户7,4,141,0,2,2,975,0,_
444,0,没有,0,172,0,0,0,76,0,_
445,0,郑.幻鹿,0,189,2,0,0,1489,0,_
446,0,······,0,1093,5,0,0,3526,0,_
447,0,..,32,729,32,5,5,0,1,:_
448,0,蹀躞嬲難,3,754,0,14,14,592,0,_
449,0,（已黄化）[看],9622,1705,829,22,22,5504,1,没有_
450,0,不努力你什么也不是。,31,1919,10,14,15,18,1,我只管努力，其他的交给天意_
451,0,✾❡稚~童 ,0,101,8,0,0,1213,0,_
452,0,100%,0,3,18,0,0,788,0,_
453,0,名字那么长没有卵用,0,3074,121,0,0,79279,0,_
454,0,倾寒,0,5001,49,0,3,12120,1,我已退出生肖，以后我没有徒弟了，只有迷你世界的徒弟_
455,0,斯洛丝,213318,692,10006,33,33,1806,1,🤩万水千山总是情，点个关注行不行🥰日常更新王者荣耀创意视频🤯标配id：沫沫的妖怪🤡唯一QQ：1832554775🎅🏻小目标：十万粉就露脸_
456,0,萌心女王,15,3868,132,3,4,6344,0,_
457,0,小狗子,0,198,2,0,0,37,0,_
458,0,最强李太白,0,1436,189,0,0,870,1,微信151区名字：朱雀斩华腾/*本命刘备，正在练其他英雄。本人不坑。_
459,0,学霸没渣渣帅j,0,248,5,0,0,0,0,_
460,0,江彦是个女装大佬,0,1588,10,0,1,248,0,_
461,0,Minecraft、柒某（QIY）,5654,1654,1178,157,175,2599,1,刚开始干，不太熟。勿喷！！！😊喜欢玩王者，吃鸡，中间可能出一些视频的😊祝粉丝们快乐成长！😊不定时更新😢😢请谅解我的QQ号257465798爷是小羊工作室25日后7天2更_
462,0,TIO,0,1053,75,0,0,8405,1,无忧_
463,0,赵弟儿🚀,7,331,5,1,1,643,1,哈哈哈_
464,0,你若安好,0,97,3,0,0,4476,0,_
465,0,冲猫皇的蔡徐坤,0,3892,59,0,0,11403,1,18岁_
466,0,漩涡鸣银(瞎剪辑),475,4218,87,73,73,15783,1,动漫剪辑_
467,0,浅忆&微凉,0,1313,28,0,0,0,0,_
468,0,沙雕,5,1089,23,2,2,1554,0,_
469,0,用户2239812497813,2064,3682,398,132,135,7856,0,_
470,0,啊姜,0,3,0,0,0,9,0,_
471,0,瑞妹,0,2793,15,0,0,56632,0,_
472,0,抬棺大队队长,4,1139,17,1,1,2310,0,_
473,0,狙击手一夫,14,2894,15,9,9,10973,1,一夫当关万夫莫开我是一夫刚枪如神狙法更神游戏ID：海岛狙击手一夫有兴趣加我如果不更新说明我开学了_
474,0,用户9925881923178,0,666,0,0,0,4467,0,_
475,0,DEVIL......,0,346,4,0,0,853,0,_
476,0,ci,0,86,2,0,0,3288,0,_
477,0,₯,0,229,1,0,0,7161,0,_
478,0,安林,0,85,1,0,0,240,0,_
479,0,emmmmm,4,3249,16,2,9,0,0,_
480,0,虔诚侠客,159,3186,24,41,44,6982,1,和平精英我的名字叫:_
481,0,幽璃,37,508,15,6,6,51,1,加油！哦耶_
482,0,白泽哈,1,57,1,0,1,99,0,_
483,0,用户980717144,0,307,3,0,0,313,0,_
484,0,左手指月,8,119,16,1,1,5292,1,旧军阀_
485,0,弗瑞局长,2,23,10,0,1,190,0,_
486,0,夜韵灬伤荡,53,2145,30,0,0,0,0,_
487,0,蓝天,0,279,1,0,0,458,0,_
488,0,不知名的渔夫(愿者上钩),0,657,125,0,0,15498,0,_
489,0,故梦,0,586,3,0,0,0,0,_
490,0,Minecraft寒墨君(反mn),889,925,155,84,85,584,1,160粉❌         170粉❌        180粉❌     190粉❌         200粉❌        210粉❌220粉❌         230粉❌        240粉❌孙悟空等了唐僧500年白素贞等了许仙1000年易小川等了王濑2000年司音等了墨渊70000年宣墨等了易海兰2亿年夜华等了白浅三生三世阿布多瑞等了宣墨2亿年那我还要等你的关注多久_
491,0,和平精英🔆仙源,1,25,0,1,1,7,1,陪伴是长情🉐告白🎈Q.2647769126🌪W.wx-Tenyuan🌫要上学👆.每星更1️⃣_
492,0,Jenny.严同学.,0,85,7,0,0,524,1,另一个号叫  SU Jenny.玖玖酱只有这两个号不是小号🌚🌝_
493,0,愿时光慢点,69,1515,55,5,5,597,0,_
494,0,浩天之神666,229,4003,203,40,43,63128,0,_
495,0,一只可爱的小阿精,0,777,21,0,0,4588,1,姜太公钓鱼傻者上钩_
496,0,你已被我out,0,172,4,0,0,0,1,对方关注了你_
497,0,黑色,0,2224,12,0,0,26017,0,_
498,0,宣海波,12,976,4,10,10,9478,0,_
499,0,贪婪,0,383,5,1,1,2803,1,慈母手中剑，逆子身上劈 。破军加无尽，刀刀出暴击。_
500,0,シャーロック・ホームズ,30,16,7,6,7,14772,0,_
501,0,慕兮～,0,321,32,0,0,1159,0,_
502,0,种秋,0,594,5,0,0,2123,0,_
503,0,^O^,0,222,0,0,0,46,0,_
504,0,王也,1,278,6,5,7,105,0,_
505,0,笙,11,266,59,1,1,2644,1,啧_
506,0,悲伤达人:起名,133,2143,55,34,35,41121,1,哈喽哈喽，我回来了，会努力更新视频的_
507,0,末影女王,0,2042,1,0,0,3435,0,_
508,0,孤痞°/文案,55,3589,98,7,7,0,1,只发文案不好意思本人很丧清关中哦谢特，被限流了请不要一次赞我完所有的作品_
509,0,吃货大食堂,0,650,20,0,0,19185,0,_
510,0,用户232271425858,0,112,0,0,0,453,0,_
511,0,Richard,46,30,49,10,10,1286,1,8级南京话_
512,0,小龙包,24,80,10,7,7,9,1,忘记他吧，我用奶粉养你！！！！_
513,0,初音,0,1517,55,0,0,9217,0,_
514,0,笑魇,4,43,10,2,2,204,0,_
515,0,晚安..,0,1635,68,0,0,2585,1,交友2461749729，这是👱的大号_
516,0,时光,0,626,8,0,0,3962,0,_
517,0,豆奶,0,129,1,0,0,693,0,_
518,0,杠精珺珺,1,411,6,0,2,13347,0,_
519,0,牛奶布丁,13,4244,3,0,0,0,0,_
520,0,无影无风,0,3,1,1,1,43,0,_
521,0,老p是我二哥,32,2260,27,8,8,13789,0,_
522,0,日漫小迷弟,17,1899,5,0,0,0,0,_
523,0,小草疯长着,0,4538,3,0,1,7230,0,_
524,0,星空下的心愿,3,1873,22,1,1,4409,0,_
525,0,北烨,0,296,13,0,0,334,0,_
526,0,ㅤㅤㅤㅤㅤㅤㅤ￴ㅤ￴ㅤ￴￴ㅤ￴ㅤ￴,56,1271,36,23,25,0,1,谢谢关注_
527,0,不爱拍抖音的人,18,911,17,4,7,6524,0,_
528,0,不爱你哟！,27,278,11,8,8,7581,0,_
529,0,卐,0,1637,29,0,0,1500,1,谢谢关注_
530,0,……、,0,187,16,0,0,806,0,_
531,0,[不失礼貌的微笑],0,483,0,0,0,683,0,_
532,0,是你吗,4,451,0,1,1,5785,1,一个普通人_
533,0,宇泽（操作极下饭）,21387,2997,1748,20,24,90267,1,🐧群1：264114662☕️🐧群2：1080670849目标1.0w粉丝加油宇泽！！！_
534,0,乔木木,0,610,9,0,0,184,1,画家将那个她画进了他的画里，诗人将那个她写进了他的诗里。而我，将那个他，放在了心上。_
535,0,一米阳光,53,43,17,6,6,530,0,_
536,0,孤单之夜,0,460,12,0,0,0,0,_
537,0,无视世界的。,0,2222,22,0,0,539,0,_
538,0,晚吟.,156,927,82,12,12,0,1,会好起来的…_
539,0,孤独,4,16,1,0,0,0,0,_
540,0,马哥是我爹,0,49,0,0,0,0,0,_
541,0,ι． 花 海ゝ,0,726,5,0,1,1015,0,_
542,0,小帅气,20,115,4,34,34,3668,0,_
543,0,我的心随风飘扬,4826,2747,572,177,177,9489,1,你的慌言，让我不敢去爱。我只想沉默不语，漫漫忘掉过去。_
544,0,哈喽我是谁,3,506,1,1,1,1006,0,_
545,0,13886406026GY,0,13,1,0,0,1638,0,_
546,0,[看],0,832,1,0,0,567,0,_
547,0,苹果茉莉花,1,49,6,0,1,5493,0,_
548,0,清辞是个沙雕💖,0,1129,8,0,0,221,0,_
549,0,墨白,81,876,16,20,20,0,1,帮我双击加关注吧_
550,0,过年后天,0,669,0,0,0,7324,0,_
551,0,用户6127937054549,0,330,11,0,0,1644,1,…_
552,0,用户7387873131344,0,1960,4,0,0,4703,0,_
553,0,-,0,1136,21,0,0,5728,1,我很懒不想留言_
554,0,烟后很憔悴,0,715,18,0,0,2001,1,斯人若彩虹，遇上方知有_
555,0,李白起床,19,3110,5,5,5,2665,1,我是一个快乐的人，即便有了痛苦的事。也会以乐观去面对，善待自己善待他人。_
556,0,已退抖（6.29生日）,0,3113,48,0,0,0,0,_
557,0,白白,1997,1729,624,175,179,0,1,qq粉丝团:1054869137qq:2095489825_
558,0,小阿孤,19,199,5,4,4,2533,0,_
559,0,用户241236018828,0,513,2,0,0,0,0,_
560,0,sory  星奈子✨,0,71,5,0,0,1937,1,王牌飞行员请求出战✨EGM   EGEGE（野）._
561,0,Song🍀,396,761,55,73,85,0,1,一_
562,0,大龄青年,1,7,9,1,1,116,1,一回头，青春都喂给了🐶_
563,0,做菜的周周粉丝,2,54,5,1,1,420,0,_
564,0,B 了 Y,10,340,1,2,2,1030,0,_
565,0,贫道黑赢无敌,3,525,1,3,3,1822,0,_
566,0,魍魉,0,626,30,0,0,7890,0,_
567,0,大侠一之,3,17,5,2,2,1885,0,_
568,0,社会,0,267,1,0,0,805,0,_
569,0,CN🐴「屁骨」,33026,381,2221,66,72,0,1,去西瓜视频找我吧！别取关 要素材/素材提供的私信中学生活真的很好（才怪）🤪喜欢我的世界，皇室战争，王者荣耀，使命召唤所有视频原创 几乎全是b站梗以后一周一更（中午十二点/晚上七点）本人抖音仅有这一个号，发不起b站😭（iPad)，西瓜视频同名打卡十天必回！！！做鬼畜无恶意，喷子绕道，熊出没也是我童年剪辑软件 Videoleap 剪映所有视频，未经允许，禁止转载🙂_
570,0,逍,0,191,100,0,0,0,0,_
571,0,李鸣,90,1133,73,20,21,6045,1,生死有命，富贵在天_
572,0,☀,0,2449,102,0,0,4132,0,_
573,0,司宸🐳.,0,2085,10,0,0,3607,0,_
574,0,用户6366176759724,0,2445,5,0,0,4668,0,_
575,0,吖,0,508,10,0,1,10073,0,_
576,0,nene,0,472,9,0,0,0,0,_
577,0,对你无语,0,1212,9,0,1,977,0,_
578,0,用户7106369999192,0,381,0,0,0,0,0,_
579,0,沐晓喵,0,1232,15,0,0,3072,0,_
580,0,用户244912570895,0,681,2,0,0,769,0,_
581,0,梦奇女孩,306,1022,116,62,64,3061,1,有时会出梦奇的教程或貂蝉，从今天开始每个视频翻10个勿扰 作者是小学生，勿喷🙏🙏🙏_
582,0,九牧和兮,0,94,20,0,0,4570,0,_
583,0,lkd,0,1795,18,0,0,8081,0,_
584,0,德芳姐,822,731,58,142,142,4472,1,开心每一天😜😜😜😜😜😜😜😜😜_
585,0,普崟,67,589,39,6,6,1044,0,_
586,0,小李同学,0,1034,11,0,3,3407,1,………………_
587,0,不知年,0,75,4,0,0,223,1,你说把爱渐渐放下会走更远，又何必去改变已错过的时间_
588,0,南风🌬,467,4250,26,0,0,0,0,_
589,0,沫夏,0,284,6,0,0,0,0,_
590,0,迷你世界✨柠檬糖,1,844,5,2,2,45,0,_
591,0,悠,26,804,41,0,0,0,0,_
592,0,瑜瑜,0,26,5,0,0,10,0,_
593,0,我比枪还冷,7,341,5,4,4,2488,0,_
594,0,。。,0,572,20,0,0,2673,0,_
595,0,杠精。，。，,4,398,5,1,1,3410,0,_
596,0,尐樣、莂談情,0,26,12,0,0,8256,0,_
597,0,呕吼,11,470,94,0,1,14098,1,乌拉乌拉了_
598,0,刘宸,8,3347,37,5,7,16851,0,_
599,0,田凯,1,24,0,1,1,203,1,田田_
600,0,一条小澈子,0,123,7,0,0,0,0,_
601,0,大师,0,551,21,0,0,1225,1,滚还看！_
602,0,scp__321,0,41,0,0,0,45,0,_
603,0,冷陌,0,344,5,0,1,249,0,_
604,0,用户6390624579593,0,6,0,0,0,0,0,_
605,0,Eternity°,0,63,4,0,0,41632,0,_
606,0,用户8851580199799,0,109,2,0,0,0,0,_
607,0,蓝汐,0,318,8,0,0,2577,0,_
608,0,Christmas,0,1999,24,0,0,2904,1,QQ3533294519_
609,0,青青草原懒羊羊,0,224,2,0,0,76,0,_
610,0,/星河/,6,397,9,1,1,2789,0,_
611,0,社会你璃姐🌚.,7,1291,33,2,3,2813,1,你们好昂(✪▽✪)⭐️👍介里九璃😁多多关照👀_
612,0,用户8947240160325,105,743,25,15,15,2498,0,_
613,0,上莹,0,194,2,0,0,3303,1,你做得再好，也还是有人指指点点；你即便一塌糊涂，也还是有人唱赞歌。所以不必掉进他人的眼神，你需要讨好的，仅仅是你自己。_
614,0,人间宝藏。,2150,1354,114,9,11,13161,1,这个人很懒，什么也没留下_
615,0,随风柒月,0,609,3,0,0,811,0,_
616,0,可杰,0,370,5,0,0,622,0,_
617,0,傅慎行的女人,44,370,56,3,32,11403,1,看到帅哥请艾特我！看到帅哥请艾特我！看到帅哥请艾特我！重要的事情说三遍_
618,0,张大仙,0,154,0,0,0,486,0,_
619,0,用户8792393788963,20,251,7,9,9,4590,0,_
620,0,用户5137217266838,0,1293,12,0,4,8327,0,_
621,0,HiG,9,787,19,0,0,0,0,_
622,0,✔,61,1846,131,7,9,2055,1,谢谢你的关注_
623,0,Dare、孤狼,3,141,4,3,4,3201,1,AKU46HH_
624,0,一万遍,0,20,1,0,1,2791,0,_
625,0,[看]Kevin楷文,47,69,7,17,18,3144,0,_
626,0,親暱,0,3775,48,0,0,31370,1,嘿嘿嘿_
627,0,用户6515286697252,0,2673,0,0,0,3098,0,_
628,0,劳资女人谁也莫动（2号）,0,304,20,0,0,75,0,_
629,0,凉词在慢慢接受杰园（刹怨）,2433,1924,716,10,10,11235,1,打王者和第五第五：凉词想干翻伊索（是个小号）王者：殓你一生♛，欢迎来找我玩雷区：所有异性cp欢迎挂我正在慢慢接受杰园，因为一位小可爱不过杰园粉素质到我的话，直接黑_
630,0,御林晓妃👸🏼👸🏼,6809,958,500,264,327,4380,1,有本事任性的女人就有本事坚强_
631,0,五指风影（不只玩和平精英）,59,3502,36,13,17,30285,1,学生党主播，请多关照。100粉有福利，你们私信我。力所能及的一定做王者带三位粉丝，和平带一位粉丝，和平微信，IDYsjt丶指挥，王者也是微信，ID风某人不方_
632,0,小雨浩,442,853,71,29,29,9561,1,手握日月摘星辰世间无我这般人_
633,0,一打七桑,0,126,7,0,0,2444,0,_
634,0,抽风健🐻,49,226,137,11,12,831,1,wx：13694075851扣扣：2598377294🌑🌘🌗🌖🌕🌕🌔🌓🌒🌑_
635,0,月与,100,428,60,9,9,19716,1,这里是月与🌏，搭档：烟岚（是个宝藏🉑）脾气不太好，平时画画（看不惯您别来💢💢emm 。对熟人挺好的（意会即可哈哈哈哈）约稿，不太白菜❌杠精❌ky。现比较雷xzf，懂？ddd，会珍惜每一个喜欢我的人。♥️平时不接受白嫖（除非你跟我关系很好or设子很🉑）🐧：3106238448（说明来意）_
636,0,正在寻找蓝宝堆的高山我梦＜请叫我泰迪＞,3489,908,776,83,83,2218,0,_
637,0,玲爷   ）,37,2414,36,2,15,14695,0,_
638,0,用户3763076810050,0,72,0,0,0,1,0,_
639,0,默认是学霸,0,3527,27,0,0,16675,0,_
640,0,xxl,4,113,12,1,1,7655,0,_
641,0,木琴,0,1126,24,0,0,3596,1,杂志社_
642,0,用户8500655585084,4,2849,4,8,8,6111,0,_
643,0,郑予铭,0,4636,65,0,0,10099,1,一起去玩吧！做好去旅行的准备！！！_
644,0,芋君爸爸,0,847,2,0,0,10418,0,_
645,0,孙伟恒,0,49,10,0,0,39,0,_
646,0,王柘焜,2,953,0,1,1,407,0,_
647,0,嘿嘿嘿,0,590,3,0,5,5250,0,_
648,0,不会取名字,13,1485,6,3,3,20055,0,_
649,0,草莓味的风,0,179,3,0,0,399,0,_
650,0,罗锐,10,190,15,1,1,18518,0,_
651,0,上官奇迹,152,1320,16,19,19,10829,1,点个关注再走点赞也行啊，别跑_
652,0,孤狼(恋冬心夏),47,2912,53,24,26,404,1,人称外号孤狼💤💤                                                                  喜欢打王者和吃鸡                                                        不需要任何礼物，免费的                                         微信号xiqi1789_
653,0,Edd,387,721,70,0,0,0,0,_
654,0,滑稽本尊,687,2847,94,13,16,0,1,－☾☾晚安 －🧸ྀིྀི_
655,0,ৡ夜้้ꦿ᭄࿐,4,438,18,3,3,399,0,_
656,0,兔子&ZK,2,1721,13,1,1,24889,0,_
657,0,凤der花,4,1778,19,3,3,504,0,_
658,0,清檬,15,851,8,6,6,9906,1,hhg_
659,0,恶魔何必呢,6,7,0,4,4,1247,0,_
660,0,木鱼,27,838,10,5,5,1440,0,_
661,0,孤寂,9,384,22,1,1,9260,0,_
662,0,无人问宇,0,508,13,0,0,340,1,从你的世界路过。_
663,0,快乐小子,0,2462,17,0,0,2857,1,我是双鱼座的，六年级小学生_
664,0,灬,0,101,1,0,0,7,0,_
665,0,Future ，极光,8,217,1,4,4,21,0,_
666,0,喵樱🌟落尘,46,4997,68,11,11,27958,0,_
667,0,罗辑,0,79,6,0,0,0,0,_
668,0,林颜（最强出装）,102458,2,34725,5,5,0,1,关注我看下期英雄最强出装每天都会更新❤️_
669,0,人,5,1455,17,2,2,136,1,🌚     🔫🙉🙊🙈😝😥💝💔❤💣🔫             人_
670,0,夏日、时尚,0,317,8,1,1,19685,0,_
671,0,小万,0,1091,16,0,0,9414,1,没啥好写的_
672,0,用户1646714630453,0,101,13,0,0,471,0,_
673,0,挽星辰入梦,0,72,20,0,0,0,1,这里小黄_
674,0,余生好好爱自己,279,485,103,17,17,2315,0,_
675,0,凌熙,1,209,6,1,1,1360,0,_
676,0,୧⍤⃝计 划 中,0,513,9,0,0,235,0,_
677,0,༺长༒歌༻,0,100,7,0,0,48,0,_
678,0,淡定✔,7,760,14,0,0,0,0,_
679,0,扶风,0,537,10,0,1,52,0,_
680,0,波风水门,1,275,6,1,1,700,0,_
681,0,以云为纸,0,378,3,0,0,1,0,_
682,0,马总,83,2577,52,1,8,84758,0,_
683,0,很,0,451,2,0,0,3090,0,_
684,0,嘿，siri关机,0,492,2,0,0,254,0,_
685,0,玄子娶siri回家,1,170,0,0,0,342,1,不爱别伤害_
686,0,jia,0,41,6,0,0,650,0,_
687,0,九亿(反芽家),0,390,2,0,0,0,0,_
688,0,博格那也·恶文轲,2,1121,18,0,1,1455,1,奥利给_
689,0,李宗霖,0,3216,30,0,0,15761,1,一个小学生_
690,0,少年郎,0,283,1,0,0,598,1,你好😊_
691,0,这个世界，我只为你笑,94,1757,80,0,0,0,0,_
692,0,wen~hui,8,2424,16,1,2,7975,0,_
693,0,小天[看]🌌,5,584,13,2,2,3083,0,_
694,0,早上好🌅,0,272,3,0,0,151,0,_
695,0,我们,0,706,3,0,0,2464,0,_
696,0,杲哥牛皮,0,170,15,0,0,5222,0,_
697,0,⊙ω⊙,0,1054,4,0,0,333,0,_
698,0,鬮鬮鬮鬮鬮鬮鬮鬮鬮鬮鬮鬮鬮鬮鬮鬮鬮鬮鬮鬮,0,353,2,0,0,176,0,_
699,0,该用户已不存在.,0,211,1,0,0,121,0,_
700,0,死又何妨,45,2709,95,6,6,16551,1,如果能死，那我选择死。：_
701,0,落,0,992,12,0,0,491,1,我生气都会笑场，但我不温柔.我想要(刷到)集齐十二星座的文案馆关注，然后召唤一位王者大佬，把他王者号坑到铂金。加油_
702,0,一禾~,0,57,13,0,0,444,1,希望你每一天过的幸福。_
703,0,马总,0,316,0,0,0,839,0,_
704,0,二宝，,318,3983,103,54,54,0,1,100粉丝🙏️🙏️🙏️_
705,0,失眠.,0,652,9,0,0,3454,1,-不是每段故事都有结局  更多的是无疾而终_
706,0,不是小徐,0,1931,10,0,0,5428,1,life ciao forbidden_
707,0,肥猫解说（零氪明日之后）,19,2062,33,9,9,1247,1,目标一百万粉，只要你关注我，我也会关注你的（明日之后带粉打副本）_
708,0,晨曦巳叶,0,16,2,0,0,314,0,_
709,0,空城旧梦i,0,341,2,0,0,828,0,_
710,0,一只小喵,0,390,1,0,23,353,0,_
711,0,时光呀,67,954,17,3,3,20415,0,_
712,0,qwert,17,5000,58,3,3,7423,0,_
713,0,？,0,977,8,0,0,10550,0,_
714,0,善恶无定236,0,160,1,0,0,188,0,_
715,0,qzuser,0,163,0,0,0,246,0,_
716,0,我叫MT,0,1000,28,0,0,3068,0,_
717,0,我是你👴👴,0,321,7,0,0,1959,0,_
718,0,镜湖,2,603,5,7,7,2359,0,_
719,0,李小赛,2,556,10,1,1,24,0,_
