0,0,达拉,236573,188,3644,15,15,0,1,日常更新宝宝们有想听的歌可留言谢谢你们这么优秀还关注我哦🤟🤟🤟_
1,0,曾文平,2647,446,308,69,69,2360,1,我们一家人_
2,0,🍬小花,1561,533,302,83,123,1914,0,_
3,0,亲亲我的宝贝,0,146,0,0,0,233,0,_
4,0,北城旧巷🍁,131,721,61,18,18,8201,0,_
5,0,🍒,86890,9,3045,0,0,0,0,_
6,0,多吃不胖,2,49,1,1,1,14,1,可乐要加冰_
7,0,.迟&,32,283,22,5,5,4553,0,_
8,0,麻花,0,110,0,0,0,0,0,_
9,0,唐宋,97,268,112,2,6,47,0,_
10,0,hainw,0,4413,0,0,0,0,0,_
11,0,小G小G,0,111,5,0,0,769,0,_
12,0,华哥,77,225,46,11,11,825,0,_
13,0,我是你爸爸,0,3404,24,0,0,0,0,_
14,0,如初.,62,61,561,0,0,0,0,_
15,0,可爱🉐️大亨,135,169,64,5,6,426,1,v:weilemei520_
16,0,奶油棒棒糖,1267,864,474,201,204,745,1,在能做的时候做想做的事_
17,0,小泉泉呀！,0,74,34,0,0,0,0,_
18,0,呐呐呀,149,1179,38,20,20,116,0,_
19,0,他还没回家,13911,200,375,22,22,0,1,每天都在等李钟硕回家最开心的是会有人因为我的视频喜欢上李钟硕❤️_
20,0,我脸红了.,0,89,2,0,0,0,0,_
21,0,爱小华～,0,14,2,0,0,41,0,_
22,0,昵称已重置,0,5,0,0,0,10,0,_
23,0,月异,238,919,34,38,38,9319,1,lvv%.k*lp_
24,0,珂珂,276,265,114,15,15,1277,1,记录生活～_
25,0,超sweet12,479,176,140,45,46,0,1,家人健康，平安_
26,0,眼里有星星🌟,82,150,22,22,22,392,1,努力过好我的小日子，爱生活爱分享_
27,0,小a妹妹,12,246,7,9,10,192,0,_
28,0,习天茹👌,4,419,11,0,0,0,1,🌸🌸_
29,0,Angle💫,169,94,41,19,20,446,1,你在路上随便碰到的一个路人都是别人做梦都想见到的人 感谢相遇✨_
30,0,九日and火山🧸,2462,2,85,13,13,0,1,Tu me manques beaucoup_
31,0,青春,26,118,22,5,5,424,1,。，。召你厂一一‘′一一一一一一一一一9。，，，、、↖，÷‘，，？。？？？ ，_
32,0,千北,44,147,24,6,6,245,0,_
33,0,煕賜     开学,88,314,52,16,16,2705,1,一天一个小视频开开心心每一天🙈🙈🙈_
34,0,Bridge.,0,21,8,0,0,379,1,可她还是我的白月光_
35,0,Ｓｍīｌé,27,86,16,14,14,263,0,_
36,0,记忆╰爱过后的破损╮,0,1298,12,0,0,8300,0,_
37,0,廾匸,0,208,6,0,0,4,1,是美女 就快快进来_
38,0,刻薄,96,183,92,11,11,946,1,多多支持_
39,0,🤑nn,0,3511,96,0,2,3114,1,hello_
40,0,Quand viens-tu à moi,44,48,13,4,5,109,0,_
41,0,刘宏颖,0,11,1,0,0,14,0,_
42,0,_🐑娃娃。,1993,526,2533,59,59,67,1,洗护V💗：540870393_
43,0,笑雨轩1314,647,56,51,103,112,997,1,生活的理想，就是为了理想的生活_
44,0,用户9509539441116,0,95,11,0,0,287,0,_
45,0,甜甜圈,16,389,17,4,4,7129,0,_
46,0,&,192,31,52,24,24,0,1,重要的不是谁让你心动，而是谁让你心安。_
47,0,ARCOHUANG阿科,34,35,10,11,49,27,0,_
48,0,🍂九三,0,22,2,0,0,0,0,_
49,0,南辞,4,106,6,0,0,0,0,_
50,0,Crina,0,5,0,0,0,0,0,_
51,0,乀无名指的等待乀,31,139,4,4,4,779,0,_
52,0,1599.9w人(梦家)(开学已退),16,4228,43,8,8,6586,0,_
53,0,若只如初见,408,125,131,27,27,452,0,_
54,0,一帘幽梦！,10342,178,1266,122,123,0,1,记录生活，纯娱乐，谢谢你的关注_
55,0,宋二,28,35,8,7,14,5157,1,有趣的皮囊._
56,0,小呀小依仔 🧸,1221,207,113,92,93,1764,1,92年宝妈一枚_
57,0,S·R,71,4718,34,26,26,33863,1,考大学考大学，加油！_
58,0,小阿坤。,49,102,46,9,10,0,1,谢谢你们的关注。_
59,0,慕斯牛奶,7,2305,160,0,0,0,0,_
60,0,……,0,6,3,0,0,48,0,_
61,0,？？,24,951,23,5,6,5916,1,???_
62,0,鲁晨晨呀、,122,149,68,10,11,1191,1,面朝大海，春暖花开🌼、_
63,0,A-小琦,0,272,29,0,0,0,0,_
64,0,qiao,615,290,176,89,89,912,1,别否定自己，你特别好，特别温柔，特别值得。_
65,0,小英同学-Brittney,14,73,9,0,0,0,0,_
66,0,G7,0,4998,37,0,0,6583,0,_
67,0,可乐不加冰(⁎⁍̴̛ᴗ⁍̴̛⁎),8,77,15,2,2,0,0,_
68,0,甄诺晗,14,469,27,7,7,66,0,_
69,0,994997,0,89,1,0,0,1516,0,_
70,0,我是谭妹妹呀～,4,10,3,1,1,16,1,唯有美食不可辜负纯手工鸡爪麻辣蒜香味（重口味）柠檬酸辣味（香香的）💯无添加自己做了鸡爪以后才知道手工鸡爪多干净☺_
71,0,田庆贺,9,1025,17,1,1,5897,0,_
72,0,肖肖护肤小知识,20,28,23,1,1,32,0,_
73,0,夏天sum.,23,793,21,0,0,0,0,_
74,0,沈长老的小妖精🧜‍♀️🌹🌈💖💓,0,22,14,0,0,16,1,真正的绝望并没有眼泪.而是满脸微笑._
75,0,喜ᝰ厌,600,4929,465,61,64,12903,1,著名短视频导演兼制作人，DOUYIN专职评论家。Vb：苦海澄明路过的熟悉，如同有你，已无转身的距离。想来又苦又甜，也挺好嘛，很像生活……_
76,0,伊  🍎,209,1462,48,40,40,54064,0,_
77,0,DusttaIe,0,2691,9,0,0,1198,1,DusttaIe：你将接受审判🌚🖕🏼_
78,0,(눈_눈),280,2279,72,14,19,34682,1,互关！！！         安排！！！！_
79,0,邹家开心小妞,2508,499,225,117,119,2098,0,_
80,0,嗨,25,226,15,3,3,6559,0,_
81,0,nain,435,200,46,10,14,0,1,长期单身的姑娘，都活成了自己理想的对象🤔_
82,0,永远爱你,71,280,27,22,26,498,1,天马无忧_
83,0,满满,958,886,91,353,355,10369,1,玩樱花和迷你有什么事情可以私信啊！_
84,0,杨先生/,26,976,95,3,3,842,1,，_
85,0,ぺ慧💋,16,41,20,3,3,166,1,谢谢你的关注_
86,0,用户7130085863369,0,114,0,0,0,0,0,_
87,0,你若安好、便是晴天,0,96,21,0,0,1050,0,_
88,0,姚,0,124,167,0,0,0,0,_
89,0,不怒,0,705,58,0,0,1768,0,_
90,0,YY😘三哥🔥,74,1692,54,10,13,1559,0,_
91,0,宝贝林憨憨哦`,3,93,24,1,1,8760,1,不高冷，好相处_
92,0,宇,0,70,9,0,0,51,0,_
93,0,小蛮,39,139,58,4,7,0,0,_
94,0,🐯Leon✨,2020,3419,1675,31,31,1677,1,女人優秀才孤獨，男人孤獨才優秀。_
95,0,💞 欣欣向荣🌾,4,30,5,5,6,22,0,_
96,0,可爱宝贝,1620,613,261,188,194,1702,1,过去的不再重来，所有的爱恨情仇，一切清零化为无有，重新开始过每一天_
97,0,哟哟！,3,140,5,1,1,89,0,_
98,0,坐不下的独秀,1,3335,118,0,1,1934,0,_
99,0,Karie,1094,123,65,6,6,0,1,♏️_
100,0,我的蜜瓜分你一半🍒,30,29,14,6,6,39,0,_
101,0,Hui,72,1446,50,6,7,0,0,_
102,0,海纳百川,379,2750,343,28,41,8608,1,三观比五官正，思想比套路深！_
103,0,Mr.D,0,114,1,0,0,34,1,可以往回看，但不能往回走……_
104,0,墨岚,4,322,10,1,1,0,0,_
105,0,爱短发的梦溪吖,187,286,42,58,58,967,1,努力到无能为力 拼搏到感动自己_
106,0,绫小九[绫家],103,1986,58,18,18,3861,1,我是凌家滴小可爱😘😜我是最可爱*^o^*的呦😍我的家人很多呦😏😜呦呦切克闹😉😳_
107,0,小小维,620,25,116,21,21,109,1,半生已过，学会沉默，凡事先讨好自己，至于别人 分心情 看交情_
108,0,★洋^O^,0,41,0,0,0,59,0,_
109,0,回不去的未成年,3,316,50,1,1,400,0,_
110,0,欲绝.,0,1821,32,0,0,32355,0,_
111,0,Chris柠檬🍋,5295,169,596,7,7,3644,1,……_
112,0,用户1582175054644,0,168,29,0,0,623,0,_
113,0,.清萧雨夜,82,403,22,12,12,1264,0,_
114,0,小倪,356,405,134,47,47,928,0,_
115,0,Agnoy,12,641,12,1,7,0,0,_
116,0,露,0,83,4,0,0,629,0,_
117,0,你个丢丢,0,4246,201,0,0,15269,1,哈哈_
118,0,田田田小看。,1357,339,228,0,0,0,0,_
119,0,Susan,1,116,31,0,0,3285,1,我的人生没有采排，每一天都是现场直播_
120,0,小丑先生,0,2146,185,0,0,1887,0,_
121,0,TBD,0,81,4,0,0,0,0,_
122,0,帅哥,1053,2650,662,65,71,2786,1,千山万水，我谢谢大家_
123,0,家有两女❤️,1209,178,203,89,120,684,1,心存善念❤️_
124,0,Automatic,88,2561,6,0,0,0,0,_
125,0,邻居的猫🐱,0,16,1,0,0,169,0,_
126,0,十三月,407,766,100,71,72,3258,0,_
127,0,@青红造了个白,11,1023,23,6,6,1845,0,_
128,0,纸鸢,5,523,1,3,3,1118,0,_
129,0,陌然,0,790,20,0,0,45,1,谦友一枚喜欢听音乐_
130,0,兮亿,38,4821,75,6,12,885,1,谢谢你的关注_
131,0,小酒窝,543,572,85,36,36,987,1,若无相欠，怎会相见_
132,0,西门吹血,13,152,2,6,7,74,0,_
133,0,小杨喜欢HCY✌🏻️✨🌈,0,4932,72,0,0,0,0,_
134,0,shero,0,12,1,0,0,0,1,做自己的shero_
135,0,小熊跺跺脚,383,162,124,3,3,0,1,20届播音艺考生_
136,0,已重置,0,4712,166,0,0,1012,0,_
137,0,JU尼🔅哆NA,116,330,40,63,63,608,1,多谢点赞🆒️随意云养🆓️主子日常🆗️猪尼🐶-5岁拉多🏊游泳小能手+吃货憨妹纸哆娜🐱-2岁美短🧶纸团巡回猫+吃货软妹子铲屎官是👗设计🦁🖊✂️🧷温馨提示⚠️养宠虽好…学习育养…耐心关爱…一个都不能少。_
138,0,南北🍀,30,85,35,3,6,45,1,总有一个人的出现 会让你觉得人生值得_
139,0,Sagittarius,0,3096,14,0,0,0,0,_
140,0,生命自备锄头(琬润萌蘖),658,428,94,56,58,1855,1,简单做自己_
141,0,陌桐163,609,91,35,4,4,69,0,_
142,0,小李i鸭,85,188,43,9,9,0,1,年少有为_
143,0,依格菇凉✨,861,1964,153,101,103,8821,1,谢谢你长的这么好看还关注我呀😘_
144,0,Sp夏宁,656,799,1033,6,6,0,1,姓名:Sp夏宁年龄:无小号:有只有一个小号_
145,0,清欢渡,0,1621,35,0,0,0,0,_
146,0,FFFF_sm,9,112,9,3,3,1238,0,_
147,0,肉嘟嘟的我,57,186,29,5,6,0,0,_
148,0,C .RONALD O,28,1170,15,6,6,16550,1,爱足球的小男孩_
149,0,@老街与酒,534,82,166,42,42,1331,1,❤_
150,0,拾荒的老头,0,29,0,0,0,33,0,_
151,0,🌻,11958,59,1838,29,30,0,1,『想听听你 关于明天 关于我们』_
152,0,叶凡逸💨,0,316,4,0,0,456,0,_
153,0,命,86,4857,65,8,8,1539,0,_
154,0,HANG,49,212,22,10,10,1064,0,_
155,0,Surprise💚,1276,176,73,10,47,0,1,谢谢你这么好看还关注我💫_
156,0,、矢薏,596,682,44,47,47,1439,0,_
157,0,⛱,917,120,227,0,0,329,0,_
158,0,顽童,0,9,1,0,0,7,1,所有回不去的日子都有它的道理🌈_
159,0,怀念啊我们的青春,1456,587,246,78,78,4701,1,为你点亮夜晚的星空_
160,0,飞蛾扑火,0,189,17,0,0,475,1,浙江杭州_
161,0,冰糖草莓,6,20,1,0,0,0,0,_
162,0,仙女挽笙,0,24,8,0,0,32,0,_
163,0,一生平安,0,129,1,0,0,269,0,_
164,0,倩哥哥吖,1426,1700,241,67,67,7184,1,❤️_
165,0,暂无名称,3,634,78,0,0,0,0,_
166,0,不想想名字,11,3609,15,0,0,0,0,_
167,0,坤弟18440972,594,1303,47,229,229,18082,1,北京_
168,0,YX妈妈,986,550,425,33,33,5662,1,生的再平凡，也是限量版_
169,0,Rainbow,0,224,3,0,0,6784,0,_
170,0,中国女孩,3,77,36,0,0,60,1,热爱生活 热爱你_
171,0,fuck   you,0,188,8,1,1,672,0,_
172,0,LHWAAA,74,20,3,1,1,67,1,在墨尔本上学_
173,0,只有完美的家庭才会幸福美满,5978,1745,316,572,572,3358,0,_
174,0,怡怡❤,0,4361,125,0,0,20679,0,_
175,0,会爆炸的小江南,658,113,2002,64,64,633,1,🗣是你得不到的女孩🙅🙅🙅小护士一枚不交友 不加微信  不入公会 私信看心情回_
176,0,온도℃,0,51,6,0,0,27,0,_
177,0,星星泡饭✨,0,83,6,0,0,15,0,_
178,0,han.,23,326,16,3,3,4736,0,_
179,0,陈学全,460,1817,172,58,60,4143,1,这是雨沫爷爷👴的号66年9日孙子二个，大孙10岁，小孙二岁_
180,0,用户9725040784380,0,17,0,0,0,1,0,_
181,0,月月,103,1489,65,0,0,0,0,_
182,0,小花儿～小花儿,12,153,13,1,1,11824,1,如果运气不好，那就试试勇气_
183,0,稳中球进,0,219,14,0,0,0,0,_
184,0,毛然,0,2203,5,0,0,29221,1,新世纪小太阳祖国的食人花且有趣的灵魂_
185,0,想做方先生的宝贝。,0,64,3,0,0,0,0,_
186,0,↪也许*,0,10,3,0,0,78,0,_
187,0,小菜角～,27,823,24,4,4,2966,0,_
188,0,轱辘,225,594,64,48,48,1693,0,_
189,0,用户6904593222280,0,1909,78,0,0,329,0,_
190,0,进击的圆脸,0,45,22,0,0,608,1,一个想自己画眉毛的小节节_
191,0,一米七的girl,11,856,26,2,3,35175,1,爱你就像天上的太阳☀_
192,0,MD_hehe,22,49,5,3,5,1416,1,来了就不会走💛💛💛_
193,0,娜娜ʚ❤ɞ,3720,523,141,35,36,3326,1,vx:n1175356430_
194,0,🤍痒痒,3,123,3,1,1,242,0,_
195,0,wdz,1867,2154,289,82,84,14611,1,问世间情为何物？_
196,0,用户9270507373463,15,230,6,2,2,2632,0,_
197,0,黑玫瑰,2,925,5,0,60,1476,0,_
198,0,楠～,183,250,38,32,32,1684,0,_
199,0,马熠琳💕,0,481,28,0,0,2179,1,失去就不要妄想他回来回来也不是以前的样子了_
200,0,梦@5,465,3040,246,118,159,0,0,_
201,0,，，,1066,59,196,0,0,0,0,_
202,0,手机用户61656801591,0,38,7,0,0,208,0,_
203,0,夜可可星( ´･ω･)ﾉ(._.`)辰,172,1213,18,154,157,1363,0,_
204,0,sin-cos,0,63,10,0,0,94,1,分享生活日常_
205,0,火星二悦.,495,336,62,46,47,9750,0,_
206,0,人间失格,6,162,19,6,6,56,1,热爱漫无边际，生活自由分寸。_
207,0,橙在这哩,1168,147,193,121,121,3027,1,适合自己才最好_
208,0,张贝贝🌸,508,109,99,27,30,4314,1,有人会因为你的缺点讨厌你，有人会因为你的真实喜欢你_
209,0,🌸,251,170,50,26,26,24497,1,世界很小，而你刚好发光✨_
210,0,Ms  Zhou,4892,55,256,104,104,336,1,天天开心_
211,0,清秋廿二❤,951,67,97,12,15,993,1,一个拥有神力的小仙女。_
212,0,心灯,0,1019,66,0,0,185,1,美美丑_
213,0,黑暗中的孤独,0,32,1,0,0,0,0,_
214,0,蒸味道,968,298,286,37,40,639,0,_
215,0,燕子服饰m9(´∀｀)就是你！,3033,4873,2561,40,40,197,0,_
216,0,长垣市👾👾👾👾👾,235,4362,362,49,53,2520,1,多坎坷明白心就好了。👾_
217,0,田野,11,92,32,0,0,0,0,_
218,0,罗克马丁,0,18,1,0,0,2,0,_
219,0,LiXue232329716,0,110,4,0,0,526,0,_
220,0,Z,1615,52,247,22,22,0,1,v._
221,0,谧,0,343,60,0,1,14019,1,借时光之手暖一方晴空。🌈🌱_
222,0,小小的太阳,1162,478,140,200,200,654,0,_
223,0,Zyy,15456,533,1104,269,317,3577,1,知世故而不世故🌙未经他人苦 莫劝他人善是你的任何人抢不走 不是你的永远别强求。_
224,0,L.S.Y,67,390,29,8,8,2348,0,_
225,0,雯雯雯,385,198,195,22,25,844,0,_
226,0,韩佳佳她不姓韩,40,193,50,1,3,21347,1,朴素的我啊！_
227,0,鹿丢丢,261,60,72,16,16,14402,1,以后的某一天我们会怀念从前的自己所以珍惜现在的每一刻因为都会成为以后美好的回忆❤️❤️❤️_
228,0,马钱多多🌈,7578,1123,523,441,443,2887,1,微信：1066181822做最好的自己，不以物喜，不以己悲❤_
229,0,🌸、是阿茜呀😊,8778,724,424,60,85,0,1,生活就是自己哄自己，把自己劝明白就什么都解决了。_
230,0,BenBen🍼妈💋,164,414,42,34,34,0,0,_
231,0,🦩vk,0,243,8,6,6,3334,0,_
232,0,Carey🦄,181,700,24,0,0,0,0,_
233,0,多吃肉肉不长胖,18,358,11,7,7,0,0,_
234,0,大琨子,269,115,57,70,70,628,1,爱生活、爱大琨_
235,0,知了知了,0,481,20,0,0,4340,0,_
236,0,匪夷所思颖,0,500,0,0,0,0,0,_
237,0,HUI 👄,808,89,137,36,36,2382,1,LAZY ANENUE 服装会所主理人👸国际二线品牌及独立设计师买手店💃喜欢服装，热爱生活❤️_
238,0,💋小妖、,869,96,126,139,140,442,0,_
239,0,佳敏姐姐,45568,517,9310,51,51,812,1,🍑：JAMIECOLLECTION_
240,0,—冷暖自知,583,193,73,33,35,690,1,彤彤妈妈_
241,0,化妆师 Kaycee,639,857,191,15,16,0,1,面部美学师 Kaycee韩国whoo品牌化妆师韩国sum37°护肤彩妆讲师哈尔滨.青岛.石家庄.郑州国际车展化妆师_
242,0,二三,0,65,5,0,0,5,0,_
243,0,壮实,6,1029,34,1,1,307,0,_
244,0,时已过，你可变？,0,62,8,0,0,93,1,隐约雷鸣，阴霾天空，但盼风雨来，能留你在此   。_
245,0,海洋,19,148,16,4,4,400,0,_
246,0,黄檬檬,34,271,38,22,22,0,0,_
247,0,23,4,21,2,2,2,0,0,_
248,0,小仙女是吃可爱多长大的,683,522,62,75,75,2967,1,人生何其短 要笑得分外甜_
249,0,哈哈哈,2,71,3,1,1,6721,0,_
250,0,Park〰,19,471,61,0,0,0,0,_
251,0,啦啦啦😀,267,130,66,16,16,11430,1,请叫我：李开心！_
252,0,墨墨,123,123,28,20,20,680,0,_
253,0,merry,3693,549,159,248,248,14125,0,_
254,0,用户4794331164837,1,209,8,0,0,127,0,_
255,0,🙈,11,285,26,0,0,0,0,_
256,0,用户6682605167979,0,30,5,0,0,27,0,_
257,0,小慧子,296,266,83,18,18,10618,1,越努力越幸运_
258,0,非常牛,0,16,1,2,2,0,1,小天地_
259,0,夹心🍪饼干,641,115,149,29,30,0,1,中央民族大学舞院18级～_
260,0,精神小妹…,10,85,11,0,0,0,0,_
261,0,平平安安,1289,708,127,117,121,1193,0,_
262,0,我还是从前那个少年miya,156,366,42,118,123,1716,0,_
263,0,左左,2691,129,233,0,0,0,0,_
264,0,悦萱,56,1898,70,9,9,5715,0,_
265,0,叶小汐,88,4437,14,20,21,6993,1,我正在关注你(๑><๑）还有我改名了，名叫叶小汐希望能有1000以上的粉丝平时呢我可能会给更一些樱校的视频，也会更一些其他的类型的视频。谢谢你的关注谢谢你的点赞_
266,0,溜溜溜梅🌻,463,177,113,44,44,3253,0,_
267,0,Kelly,148,102,36,21,21,213,0,_
268,0,Taco Tuseday,63,2428,44,6,7,15771,0,_
269,0,米粒儿_98269,568,3899,211,88,93,4773,1,做好手中事，珍惜眼前人😘_
270,0,用户9969708559640,0,94,0,0,0,166,0,_
271,0,果然爱,0,106,16,0,0,80,0,_
272,0,seven,6,221,44,1,2,773,0,_
273,0,圆圆很圆,232,100,34,16,16,26316,0,_
274,0,铛铛baby,337,274,59,33,34,2133,0,_
275,0,🐰,1294,504,130,0,0,0,0,_
276,0,🐯,474,948,20,0,0,0,0,_
277,0,卡其,0,784,9,0,0,0,0,_
278,0,🌸,7468,28,161,13,13,452,0,_
279,0,燃气调压设备,121,245,29,6,6,30,1,微信18832882986_
280,0,李有鑫🌼,6,63,7,1,1,618,0,_
281,0,刘璇,0,120,3,0,0,0,0,_
282,0,布丁 🦖,5014,94,885,15,16,0,1,🌸🌸🌸_
283,0,俞,0,327,4,0,0,0,0,_
284,0,^_^,46,152,26,7,7,0,0,_
285,0,丹丹1202,16,184,5,7,7,175,0,_
286,0,用户67369305,74,1770,31,35,35,3791,0,_
287,0,Summer,0,1053,13,0,0,0,0,_
288,0,熙雅💚,595,16,69,61,61,72,1,感谢你的关注！1995年，身高160体重98斤的服装人个体从事化妆师俩年的我突破自己跨行做了一年的服装 ，才发现做自己喜欢的事情是一件充满快乐与激情的！如果你也和我一样，那就关注我，我们一起变美！！！_
289,0,雅儿🌺,40945,2241,2174,413,415,30959,1,希望你不用奔赴大海，也能看到春暖花开；不用颠肺流离，也能遇到一生所伴。有人陪你看潮起潮落，护你一世周全。如果这些都很难，那愿你一生平安💗_
290,0,大萌子,5694,710,465,165,167,0,1,感谢关注➕❤️记录日常😘陪伴是最深情的告白😜_
291,0,婕哥,2485,203,54,1,1,13405,0,_
292,0,黎明可颂,31,80,11,2,3,619,0,_
293,0,现在吃鸡🐔,0,322,66,0,0,3199,0,_
294,0,任什么洁,2412,291,215,110,134,4248,1,所赋予的一切都有意义_
295,0,一颗糖,5,399,25,0,0,0,0,_
296,0,拾柒Y.🧡,222,136,136,4,4,2449,1,I potato. you💛_
297,0,是莹莹呀,1008,3712,155,118,657,6129,0,_
298,0,Queen👑,3794,351,136,54,56,0,1,心里放不过自己，是没有智慧。心里放不过别人，是没有慈悲。_
299,0,晓红,550,264,136,36,36,2312,0,_
300,0,@妍儿1996💋,1023,24,174,97,97,5787,1,2016050895后的狮子座♌_
301,0,JINGCHENB,0,24,26,0,0,0,0,_
302,0,浪里个浪,0,907,9,0,0,360,0,_
303,0,丁梅梅,56,41,42,2,2,869,0,_
304,0,晓蕾💋,87,391,11,16,17,3962,0,_
305,0,不再是纸片儿,6,260,5,0,0,0,0,_
306,0,袁老戴年😜😜,17,493,18,2,2,694,0,_
307,0,尤加利,0,210,9,0,2,203,0,_
308,0,嗨！欣小欣妞,3782,343,447,145,146,3364,1,女儿是我此生最宝贵的奢侈品…_
309,0,樱子_酱,303,629,70,9,9,464,0,_
310,0,L*R,259,161,40,34,35,0,1,爱想爱的人，做想做的事，去想去的地方，随心随意！_
311,0,菓菓,480016,25,68414,153,154,0,1,名花有主 拒绝私聊_
312,0,晨星,0,223,30,0,0,100,1,"Where there is a will,there is a way._"
313,0,安🌸,0,87,32,0,0,530,1,陪伴是最长情的告白🌸_
314,0,🐻℃,1103,217,155,64,65,0,1,生活最好的状态：一半诗意，一半烟火_
315,0,欢欢fdon,259,363,76,40,40,2531,0,_
316,0,心意,0,731,10,0,0,647,1,sphoto_
317,0,撩🍒🦄,16,1002,16,11,12,7740,0,_
318,0,感性猫🐈,276,477,134,11,11,3495,1,依然最爱你❤️_
319,0,🦀婷婷,1474,630,68,18,21,2355,1,越努力 越幸运_
320,0,彭梦婷,295,126,87,14,14,109,0,_
321,0,じ心渃相依ご,1038,230,149,140,141,174,0,_
322,0,xin xin ❤,0,27,0,0,0,503,0,_
323,0,SHUO张,0,269,27,0,0,1139,1,幸福每一天_
324,0,回忆总想哭,1502,1175,162,99,102,6652,0,_
325,0,阿呆。,66,10,35,11,11,488,1,生活很苦，还好我甜❤_
326,0,高兴,1887,274,385,79,80,5180,0,_
327,0,用户570530829086,0,126,1,0,0,165,0,_
328,0,小缪没烦恼,532,411,111,0,0,0,0,_
329,0,拾忆,4234,136,1289,66,66,1852,0,_
330,0,用户9067560244523,0,31,0,0,0,4,0,_
331,0,琪琪敏儿,16,154,28,3,3,290,1,越努力，越幸运！_
332,0,金奇🐰,185983,491,20768,239,240,1828,1,越努力越幸运👍     每天晚上九点左右开始直播哦！_
333,0,李清照,77,2081,25,5,6,4004,0,_
334,0,Remember我们的故事,591,164,454,9,9,56,0,_
335,0,王某某👑👑,572,216,41,30,34,416,0,_
336,0,贪吃的蛇,0,3753,86,0,0,29364,0,_
337,0,🌝,185,390,65,6,11,0,0,_
338,0,甜甜草稿箱📩,545,173,79,39,40,3880,1,自己有了光芒才配追逐星星✨_
339,0,Ai婷宝,589,1226,975,25,25,0,1,愿你三冬暖，春不寒，天黑有灯，下雨有伞☂_
340,0,👑,84,409,66,25,43,3810,1,想法不同，不必强融_
341,0,💜 han-火火,6724,189,1319,53,53,925,0,_
342,0,心丿绝,0,130,0,0,0,365,0,_
343,0,小胖妞,858,3998,197,85,85,8939,1,少吃    变美   认真     赚钱_
344,0,玉玺,0,115,8,0,0,459,0,_
345,0,憨逼逼,0,294,1,0,0,1389,0,_
346,0,莫愁路上有米彩,0,479,0,0,0,0,0,_
347,0,动感地带,0,40,4,1,1,262,0,_
348,0,不爱睡觉的兔纸,495,205,80,0,0,0,0,_
349,0,北方姑娘,885,92,119,16,16,0,1,努力打拼的一个97年美业人🥰🥰一直在路上👣👣_
350,0,🤔,485,102,132,26,27,161,0,_
351,0,星辣土豆汤,54,125,11,3,3,179,1,👥该用户关注了你鸡汤它不毒，它又野又辣又香浓_
352,0,空栀°,34,291,12,14,14,14,1,与会花钱的人做朋友_
353,0,余 丫 头,5704,69,978,86,86,699,1,晚上会不定时的直播哦_
354,0,星星,1308,949,165,127,129,866,0,_
355,0,寿光婷姐姐,4343,734,655,348,348,3978,1,lalala_
356,0,严大小姐,257,182,102,67,67,238,1,🧣🧣🧣_
357,0,不茹吃茶去,270,294,42,0,0,0,0,_
358,0,时光不老。  ,41,134,21,0,0,0,0,_
359,0,嘿，Siri,15,133,124,3,7,18157,1,山水万程，各交好运，生死不在见。_
360,0,用户8942795467660,0,146,4,0,0,145,0,_
361,0,Sara张,679,101,87,56,56,981,1,潇洒不羁的小女子，人如其名_
362,0,雪x.e,0,15,9,0,0,31,0,_
363,0,80后摇,10,335,12,10,10,490,0,_
364,0,田田有点甜,49,201,120,2,6,105,1,我是田田 ，笑起来有点儿甜的田田💋做好自己人生故事的主角❤️关注我给你的生活加点料❤️感谢抖音平台，传递正能量_
365,0,一生幸福平安,59,1918,30,49,49,7668,0,_
366,0,鹿,0,124,20,0,1,63,0,_
367,0,阳光下的葵花@,8,112,5,0,2,251,0,_
368,0,第二颗北极星,0,131,2,0,0,0,0,_
369,0,增彩鲜花店,1943,229,183,196,197,917,0,_
370,0,MiSS🐳,23,140,25,0,0,1562,0,_
371,0,"E,_Xi🦄🐶",550,1356,58,197,204,1630,1,🦄🦄Ghjjtfddjjk〰️➰➰🐶🐭➕互_
372,0,啊,249,3735,225,1,3,2976,0,_
373,0,七七,146,185,72,29,39,4674,0,_
374,0,想穿吊带裙的武老师,298,132,838,5,5,561,1,做你最爱 甜蜜且乖💚_
375,0,夏  沫,137,95,38,6,7,859,1,遥遥万里做你最牵挂的女孩子。_
376,0,喜欢你的爱豆,29,266,13,3,3,1919,0,_
377,0,M.,32,89,48,0,0,0,1,想了解 你每天的生活._
378,0,Phyo Phyo,0,2128,13,0,0,0,0,_
379,0,凡客Km,32,2874,31,0,0,0,0,_
380,0,😘雪艳婧晨😘（ Lucy😜）,2453,2913,155,271,271,18823,1,我是一枚两个小可爱的小姨💕，还不赶紧关注我！😊我有四个号呦，这个号一直在更新的哟。💕希望大家多多关注我的新号第四个号谢谢！名字:Lucy😜名字括号里边的是我第四个号的名字哟！（注:有显示备注的😄）别忘了关注我，跟着我走不迷路哟！_
381,0,娃娃鱼68,0,63,22,0,0,0,0,_
382,0,☻,1317,266,348,29,30,1995,0,_
383,0,Bao li lai,38,283,11,17,17,1349,1,All by yourself_
384,0,L,392,161,64,57,57,0,1,承蒙遇见你 够我喜欢好多年❤_
385,0,王丫头💫,239,411,180,9,11,702,1,世间安得两全法，不负如来不负卿_
386,0,凝妹儿🍭,73,234,51,3,3,12306,1,🍺🍺🍺_
387,0,圣达石材,0,736,23,0,0,0,0,_
388,0,蜡笔没有小新,0,1074,15,0,0,3176,0,_
389,0,用户4305292629914,32,2681,15,9,9,6065,0,_
390,0,牙套松松,45,428,43,7,8,1576,0,_
391,0,用户6609396677112,0,10,1,0,0,1532,0,_
392,0,洁✨,103,65,68,5,5,0,0,_
393,0,demo,4,387,3,0,0,0,0,_
394,0,安然,21910,1583,1905,203,205,0,0,_
395,0,W,773,898,112,4,4,0,0,_
396,0,啜小凝✨,226,137,86,20,22,4242,0,_
397,0,卓乐乐,0,103,4,0,0,870,1,含泪播种的人必能含笑收获愿你从不缺乏重新开始的勇气_
398,0,拾柒_33,0,190,4,0,0,1273,1,能轻易失去的东西，确实谈不上有多遗憾。_
399,0,哈哈怪🙃,0,119,13,0,0,68,0,_
400,0,李家的姑娘！,74,324,66,13,13,3302,0,_
401,0,me.,173415,85,5879,0,0,0,0,_
402,0,大熊,22,844,17,1,1,2686,0,_
403,0,👑ISABELLA👑,489,140,712,80,81,1109,1,喜欢护肤💜💜喜欢化妆💛💛分享好物❤️❤️_
404,0,废静静,422,261,114,13,15,0,1,🧚‍♀️_
405,0,老金,0,12,0,0,0,123,0,_
406,0,Healer👿,260,2229,164,45,51,12253,1,感谢你关注我_
407,0,爱火锅,1412,401,395,48,57,927,1,现在的就是最好的_
408,0,M,827,580,104,65,66,0,1,对方关注了你_
409,0,娜.娜,314,166,85,37,38,390,0,_
410,0,小蜜蜂💓,1384,1206,100,200,200,0,1,=͟͟͞͞ʕ•̫͡•ʔ_
411,0,June,445,3003,109,47,48,1420,0,_
412,0,孔小爬,12,547,49,1,1,0,0,_
413,0,赵妙,1306,79,114,8,9,47,1,🙆愿我没有烦恼 快乐致死_
414,0,点点、,381,237,76,10,10,0,1,有多努力 就有多幸运🌈感谢关注☺️_
415,0,A💋希神🌸,233,427,66,23,24,4924,1,写什么呢？😎🥳🥳🥳🤪_
416,0,咵嚓嘣嚓呲儿,376,1373,65,0,0,0,0,_
417,0,🍟,45,226,54,7,7,0,1,谢谢你的关注_
418,0,馮妹子呦,30,34,18,2,2,63,0,_
419,0,啥也不是,10,564,34,1,2,0,1,我是放荡不羁的喬用影像记录太有意思但没意义的生活 🦅_
420,0,@阿橙,0,36,1,0,0,44,1,一生挚爱🤞_
421,0,南边来了个芝麻,8802,71,460,0,0,0,0,_
422,0,1600945692,1333,1649,86,226,229,7007,0,_
423,0,Hunter,0,474,20,0,0,0,0,_
424,0,lE.,102,48,29,16,16,413,1,每天都要努力吖_
425,0,🌸🌸凡♚,139,25,64,22,22,5456,1,「初见」服装店主微信号：13872288803_
426,0,惠惠198459,464,607,56,109,110,1007,0,_
427,0,小敏呀,1327,550,333,20,20,0,1,生态保养咨询互联网社交电商推广_
428,0,你来晚了,0,418,6,0,0,0,0,_
429,0,梅花儿香,0,13,3,0,1,27,0,_
430,0,依恋,28,2327,100,0,0,0,0,_
431,0,几世情迷,0,1860,13,0,0,10,0,_
432,0,用户817138047,97,117,12,11,11,698,0,_
433,0,木木杰,61,61,27,0,0,0,1,爱_
434,0,颜,124,293,76,4,5,523,1,只要一颗真心。_
435,0,。,860,106,87,47,47,2549,0,_
436,0,娟子,917,499,274,32,65,0,1,生活不易，且行且珍惜_
437,0,丁念祖,0,376,33,0,0,78981,0,_
438,0,HeyBRO,0,326,7,0,0,32,0,_
439,0,7,965,107,103,97,97,1809,1,VX：liyaqinliyaqin_
440,0,小毕睡醒了🧏‍♀️,217,129,39,22,22,8646,0,_
441,0,紫色精灵503,0,142,14,0,0,74,0,_
442,0,希,92,208,33,17,19,0,1,想含笑合群，奈何孤独成性_
443,0,睿睿麻麻😙,2994,162,126,166,166,581,0,_
444,0,Sadness,0,3863,15,0,0,3808,0,_
445,0,刘啊啊啊,2270,484,272,55,55,2239,1,姐弟恋，我93年，双子座他97年，金牛座记录生活中点点滴滴把快乐与感动带给大家_
446,0,玥丫头,695,103,76,125,125,173,0,_
447,0,F,9214,947,1282,175,177,3885,1,烦恼不过夜，健忘才幸福_
448,0,用户9958737123248,5,1095,112,0,1,1399,0,_
449,0,用户7428907489,0,2021,5,0,0,3185,0,_
450,0,草莓甜心,1185,1302,170,255,255,1425,1,本人:2008.9.25不抽烟，不喝酒宠1000粉非常宠粉爱豆:王源粉丝:软糖宝贝勿动:软糖酱仙女_
451,0,怀中丹宝🌸,100,882,77,8,8,10964,1,养号❤️_
452,0,小瑜小宝贝,34,19,12,7,8,798,1,谢谢你的关注🥰_
453,0,JJWWANGJIE,7,60,4,1,1,30,0,_
454,0,11辣么可爱,31,82,12,8,8,228,1,V x ：M_ 1171221909_
455,0,羊羊羊,104,121,200,11,11,371,0,_
456,0,萌萌,1,111,88,0,1,21,0,_
457,0,可爱小仙女🧚🏻‍♀️🧚🏻‍♀️,2080,751,253,272,273,17108,1,用奶茶甜甜的爱你😘（关注我的人我都会关注他哦）每周二晚8:00直播玩泥哟_
458,0,夏宁zyyfh,0,980,42,0,0,3402,1,超喜欢顾粒粒_
459,0,芝芝莓莓🍓,1229,548,128,35,35,4288,1,人生旅程就是这样，用大把时间迷茫，在几个瞬间成长。_
460,0,Aan,161,559,60,33,81,1777,0,_
461,0,cicy98,5,14,6,2,2,0,1,今天开心了吗😄_
462,0,无花无酒。,30,1844,99,1,1,0,0,_
463,0,萌翻小宇宙（九妹）,335,151,120,8,9,4657,1,学生党努力中_
464,0,Prefect🍡糖,17071,59,1849,101,102,183,1,博雅幼儿园小班，狮子座的文艺委员谢谢你长得这么好看还关注我💗_
465,0,德牧,0,840,37,0,0,1664,0,_
466,0,天天很聒噪,91,404,31,9,9,788,0,_
467,0,威武,0,90,6,0,0,242,0,_
468,0,A-Forever,186,359,46,38,41,1049,0,_
469,0,真MMMMM,2439,2113,108,87,119,16357,1,小女一枚🖤 喜欢唱歌想要被多多关注，多多点赞！🌟评论尽可能的，有必要的会回哦~🗽偶像：白敬亭 华晨宇 王一博 李栋旭 白鹿 Lisa❗vb多关注a→见背景🙃ins：jane_mz200400后，谢谢🙆_
470,0,Calendar Girl,323,165,129,30,30,333,1,备婚阶段，小仙女们有什么好的想法可以和我说说呀_
471,0,木子李,218,61,51,21,27,192,0,_
472,0,蜡笔小新新,0,48,3,0,0,0,0,_
473,0,💛裕姐,167,44,50,34,35,609,1,车改汇汽车内饰改装从事该行业已10个年头~一直在前进也庆幸一路从不回头💛_
474,0,🌞,92,335,29,17,18,1362,0,_
475,0,虐心,265,1093,101,15,16,1055,1,如果爱_
476,0,太阳❤,0,435,9,0,0,2363,0,_
477,0,陈滇,26,57,39,1,1,103,0,_
478,0,阿部.,0,38,1,0,0,101,0,_
479,0,Carrie💋,344,252,49,0,0,0,0,_
480,0,Ding_summer,947,647,166,105,111,1526,0,_
481,0,七月🌸,169,175,75,26,26,1301,0,_
482,0,Candy琛儿,25,143,46,4,4,3486,0,_
483,0,用户346109848385,3408,3280,859,242,243,6680,0,_
484,0,你的小可爱,26,23,20,7,7,0,0,_
485,0,智者不入爱河,0,209,11,0,0,0,0,_
486,0,昵称已重置,0,176,18,0,0,418,0,_
487,0,111,166,101,36,0,0,0,0,_
488,0,xuan,497,78,230,28,28,218,1,🌻你不知道的戏曲演员    上海小白玉兰大赛优秀表演奖     东方之韵·梨园武荟戏曲演员武艺展示优秀选手·银奖   第五届“梁祝戏剧节”戏曲演唱红梅金花（十佳）🌻拥有一只有趣的灵魂 🌻霸王条款💭见了叫xuan姐                🌻直播 ：晚上七点半。佛系➕随缘_
489,0,小 小 的 太 阳💕,2803,222,383,25,25,581,1,愿你在生活的微光中，看到一个独立完整的自己。_
490,0,Sunshine,48,131,29,20,27,3419,1,每天都要保持一颗少女心呀❤️_
491,0,伴之则暖,172,7,62,12,12,194,0,_
492,0,咩咩咩,510,842,112,56,57,1592,0,_
493,0,🌸哒小姐🌈,224,283,72,5,5,0,1,不要辜负时光努力活成自己喜欢的模样😋_
494,0,林木子,548,2293,71,20,20,7570,1,一箫一剑走江湖，千古情愁酒一壶，两脚踏破红尘路，以天为盖地为庐_
495,0,小灰鸭,455,493,84,29,30,933,1,幸福是自己创造的_
496,0,liu,0,83,1,0,0,77,0,_
497,0,DD多多🍪,9,77,16,2,2,0,0,_
498,0,哈哈哈,882,567,192,58,58,979,1,开心每天。_
499,0,帝豪龙王,0,5000,105,1,1,213,1,哈哈_
500,0,🍒lemon🎎🍀,41,408,40,7,8,387,1,龙卷风一样的生活_
501,0,常打嗝,0,37,0,0,0,3,0,_
502,0,Misty,3,502,5,0,0,0,0,_
503,0,禹梦,265,272,55,73,73,0,1,不私聊，感谢友友们的关注和点赞_
504,0,想想,39,69,19,7,8,343,1,无论什么时候都不要丢了率真和可爱_
505,0,桃子姐姐,1005,172,95,147,147,1545,0,_
506,0,故事伴酒₍₍ (̨̡ ‾᷄ᗣ‾᷅ )̧̢,0,574,4,0,0,2127,0,_
507,0,💋,9,189,20,0,0,0,0,_
508,0,用户6112422980485,11,84,9,1,1,1088,0,_
509,0,夏末,75,1338,88,15,15,0,0,_
510,0,彭芷琪,8205,221,1843,49,50,0,1,心若向阳 无所畏惧_
511,0,暖风的小菠萝🍍🍍,126,1168,1109,0,0,0,0,_
512,0,纯熙,376,353,982,0,0,0,0,_
513,0,甜琦,57,4550,109,21,21,0,1,有颜值有身段能下厨房会打扮可盐可甜可浪漫💕_
514,0,🌈,0,19,7,0,0,0,0,_
515,0,瑜儿Fairy💕,12586,168,589,114,114,298,1,感谢各位的关注……💋👄🙏_
516,0,轩轩。,0,218,0,0,0,0,0,_
517,0,@小汤圆,1025,918,89,0,0,0,0,_
518,0,💗喜喜,59469,643,4120,45,51,7736,1,想做你明目张胆的偏爱！_
519,0,皓然熙诺,16,162,823,1,1,0,0,_
520,0,用户6876526452513,0,74,0,0,0,0,0,_
521,0,🇨🇳  敏寶贝,242,121,82,0,0,0,0,_
522,0,灰姑娘💃,8536,198,1663,64,64,0,1,要开心吖_
523,0,@琳妹妹,117,75,46,33,34,0,1,不等了_
524,0,小敏子,1061,77,77,75,76,431,0,_
525,0,花开时节,0,57,1,0,0,0,0,_
526,0,独白,242,68,33,51,51,832,0,_
527,0,碧海蓝天,1174,592,227,35,35,3203,0,_
528,0,💋Lph',0,605,11,0,0,1482,1,做个有趣的人 做所有有趣的事_
529,0,伊人,15,313,27,15,15,859,0,_
530,0,王小懒.,212,63,71,0,0,0,0,_
531,0,用户8327,839,388,52,72,72,2410,1,我杨素容来自四川。_
532,0,大凌,952,91,132,9,9,778,1,丽哥_
533,0,Fairy佳琪🍑,6,17,33,0,0,0,0,_
534,0,萌萌哒小卷毛🐷,4370,88,242,94,95,0,1,世间事 除了生死 哪一件事不是闲事🌟看淡 心情才好 看开 日子才愉快🥰_
535,0,小胖妞,350,1254,72,12,20,1656,1,土不土 还签名！_
536,0,鱼小鲤,1457,391,279,23,23,0,1,不为往事扰余生只愿笑_
537,0,💗,0,33,6,0,0,107,0,_
538,0,谢谢,38,46,12,5,5,21,0,_
539,0,MY.,0,817,27,0,0,5,0,_
540,0,limoninz,112,153,51,15,16,0,0,_
541,0,V_333,306,61,55,69,69,6712,1,知世故而不世故_
542,0,小发光,121,300,107,0,0,1772,0,_
543,0,奶油,345,85,74,24,24,446,0,_
544,0,菇凉，活出你的高姿态來,1760,349,201,152,157,1999,1,我的爱好有两种，分静态和动态，静态是睡觉，动态是翻身。_
545,0,宇宙，超人,0,4706,70,0,0,33010,0,_
546,0,y🍀y,201,52,41,18,18,134,0,_
547,0,A广州胜荣,39,296,24,7,7,383,0,_
548,0,市南区默默默服装店,1605,224,396,19,20,0,1,五年服装实体老店一路走来，感恩遇见❤️卖自己喜欢的东西，遇眼光相似的你们谢谢每一位宝宝的关注哦🌈🌈🌈_
549,0,星辰女孩顾柒柒✨,2,2104,88,0,0,7822,1,就算星星搅碎✨溢出来的光也很好看♡_
550,0,温言,536,363,226,15,17,1125,1,如临深渊，如履薄冰，如芒在背，如鲠在喉_
551,0,潇潇,54,4914,45,22,23,6083,1,喜爱化妆，爱美的看过来_
552,0,老秦,0,45,0,0,1,328,0,_
553,0,安,0,154,19,0,0,2628,0,_
554,0,老秦的烤冷面💙,1168,276,94,16,16,0,1,德云女孩白月光一枚求图、进群  vx:a3480844735（最近严重限流）_
555,0,小可爱,381,63,46,75,76,1814,1,身后空无一人，怎能倒下！_
556,0,Jyu-,497,321,138,20,26,12606,0,_
557,0,珈珈,1,55,1,0,0,0,0,_
558,0,Insist,280,2717,99,29,97,0,0,_
559,0,涛兒,79,130,40,11,12,143,1,喜欢我的宝宝，可以给我点下关注哈              个人微信:13662610812_
560,0,叶予,1,454,0,0,0,0,0,_
561,0,雯子,8,92,49,0,0,0,0,_
562,0,struggle✨,13,1913,59,1,2,12749,0,_
563,0,小河豚🐟,0,26,22,0,0,5045,1,日常傻憨脑袋卡壳四年恋爱日常_
564,0,Cindy 👼,234,169,63,75,75,1162,1,快乐 开心 就这样啦_
565,0,洋葱。,271,35,242,11,11,535,1,止于唇齿 掩于岁月。_
566,0,today,129,84,60,8,8,175,1,不忘初心_
567,0,@123,0,31,7,0,0,0,0,_
568,0,用户2912148680818,0,41,0,0,0,0,0,_
569,0,喋喋 🔆,411,73,108,27,27,81,1,我必须像个完美的小孩 ，满足所有人的期待、_
570,0,丿灬卟莣初吢方嘚始終丶_,0,685,6,0,0,39,0,_
571,0,芳,0,75,2,0,0,878,0,_
572,0,小月月,0,4193,23,0,0,12932,0,_
573,0,丽兮,165,181,33,8,8,164,1,疲惫的生活里总要有温柔的梦想_
574,0,🌈Serendipity,0,278,1,0,0,0,0,_
575,0,Sunshine,937,322,214,24,31,24545,0,_
576,0,美琳呐,27,1327,11,8,8,7449,0,_
577,0,蒋雨涵,0,5000,76,0,0,14538,0,_
578,0,ˋVˊ林深时雾起(Ω_Ω),5,2721,7,7,7,238,0,_
579,0,莲塘胖丫头家维娜护肤(小希）,2441,551,301,385,386,1540,1,熬过最难的日子，谁给的糖都不要!_
580,0,布、汀♣,8526,71,124,0,0,0,0,_
581,0,H_Anni💗,15,64,40,1,3,0,0,_
582,0,xx,0,83,3,0,0,16,0,_
583,0,玻璃橄榄树,103,744,47,11,11,97,0,_
584,0,兰懒,0,179,12,0,0,635,0,_
585,0,莉莉🌸,183,2718,124,23,23,15822,1,💋💋_
586,0,Ailsa✨,76,80,49,24,27,0,1,❤️How much do people like you if they want to listen to your bullshit_
587,0,筱雨霏霏,577,209,61,89,91,921,1,不以物喜 不以己悲！做最真的自己。_
588,0,小刘想次糖-,933,28,198,47,47,1005,1,其实天很蓝 阴霾终会散_
589,0,那年夏天有点恬,1670,414,150,22,24,1814,1,己所不欲 勿施于人_
590,0,暖兮,133,34,24,36,36,1581,1,陪伴是最长情的告白_
591,0,智慧的慧叫慧慧,514,49,101,25,25,0,1,智慧的慧叫慧慧_
592,0,小米芮🌼,1838,3147,478,54,54,45322,1,两个小棉袄的妈妈👩🏻大女儿：邓思涵    2015年八🈷️初十。小女儿：邓米芮    2020年三🈷️七日。谢谢🙏你那么优秀还关注我🌈😘_
593,0,果儿,3,23,10,0,0,0,0,_
594,0,林三岁,1464,120,190,7,7,34,1,所有的最好 都不如刚好❤️_
595,0,为了你我愿意热爱整个世界！！,219,1768,111,0,0,0,0,_
596,0,Apple,9026,70,1032,49,49,18,1,英国南安普顿大学硕士回国🇨🇳啦简单记录小日常🍠小红书: 是柴柴啊~谢谢大家的喜欢与关注❤️_
597,0,Lucky ✨甜,6,36,8,1,1,841,0,_
598,0,Wang 秀.☺,970,258,184,0,8,5141,1,懒._
599,0,黄泡泡,27,59,44,7,9,131,1,没个性所以没签名_
600,0,单板新西兰认证教练贾珺涵,255,37,119,23,23,4,0,_
601,0,杂货铺服装搭配师,4746,850,1641,85,87,5626,1,经营女装实体店13年，做减肥行业3年茫茫人海，遇见便是缘份，感恩抖音粑粑，感恩平台，大家关注下我喔♥️_
602,0,倦：,11922,51,307,114,114,3464,1,最可悲的是爱而不得～_
603,0,heart🐬,92,240,49,3,3,1151,0,_
604,0,你好欣服饰店,1078,63,1815,5,6,0,1,👒实体服装店主一枚👗每天分享好看的穿搭👠每天晚上八点半直播哦☎️15911016488_
605,0,青柠茶,203,1250,24,42,42,9782,0,_
606,0,罗阿琴 🌼,2288,468,338,120,121,298,1,微信号：13305552500_
607,0,cr. song,0,25,0,0,0,3,0,_
608,0,戈大雪,1309,1768,174,65,65,405,1,你拼尽全力想要的，在别人那里却不费吹灰之力，所以别要了。_
609,0,789654,0,136,44,0,0,272,1,福气都是自己长久积攒的善良和好心态～_
610,0,a楚🥑,3,78,29,0,0,0,1,南墙已撞  故事已忘[心碎]_
611,0,花吃了那个乖乖,92,338,31,23,23,1247,0,_
612,0,少女好妙.🍑,453,1446,59,13,14,0,1,上我的贼船吗 🕳️_
613,0,A✨☂,3,98,3,1,1,693,0,_
614,0,小GaiGai,1001,830,207,66,66,2213,1,点红心心的人是最可爱的💗_
615,0,橘子,40,117,37,2,2,587,0,_
616,0,TeFuir,34,208,57,1,1,39740,1,陪你酩酊大醉的人注定不能送你回家_
617,0,用户5610537009700,13,87,10,4,4,327,0,_
618,0,Sherry宝宝,46430,1137,211,37,39,46087,1,📸_
619,0,粧师傅不喝汤,385,82,98,2,2,5046,1,开心学习 开心玩 开心生活_
620,0,CHRISTY子珊.互,525,781,131,8,9,4839,1,成为更好的自己_
621,0,信儿,106,54,17,19,19,46,0,_
622,0,阿金,548,101,173,30,30,746,0,_
623,0,就很棒～,31,1106,44,0,0,0,0,_
624,0,――懒圣,0,503,3,0,0,1619,0,_
625,0,烈日,587,452,199,16,17,1722,0,_
626,0,MissYo_STUDIO服装,439,739,198,2,8,0,0,_
627,0,你好特别,1884,90,242,54,54,0,1,已有男友💗_
628,0,王,305,76,43,0,0,0,0,_
629,0,用户6227437111946,8,21,2,3,3,107,0,_
630,0,Fearless,445,103,54,33,36,0,0,_
631,0,韩肉肉👙,223,313,70,6,6,0,1,V:hansosoa_
632,0,你的大冬花,265768,570,2065,70,76,0,1,我，很好👌_
633,0,陈哈哈,47,384,42,4,4,2077,0,_
634,0,颖儿,106,331,84,6,6,0,0,_
635,0,菇凉,15,60,28,0,0,226,1,说啥呢_
636,0,琳子,3,173,6,0,0,0,0,_
637,0,Happy every day 张思佳,71,141,45,15,16,978,1,想到了，嗯嗯嗯额哈哈哈哈_
638,0,C.,435,124,50,4,8,230,0,_
639,0,微安呐,38494,286,7091,78,78,831,1,关注了 就是我的人了😈💒👃：15198926406_
640,0,金诚(¬_¬),0,424,24,0,0,754,0,_
641,0,Ziyiyike,115,295,60,2,3,0,0,_
642,0,Histerico.,38,297,13,0,0,0,0,_
643,0,女神是李沁,1229,39,71,0,0,843,1,李沁我爱豆_
644,0,刺猬cui_,0,35,0,0,0,0,0,_
645,0,又见一帘幽梦顺其自然,463,997,55,17,22,14655,1,就这样幸福下去吧！_
646,0,90后老阿姨,3866,1561,783,72,153,11747,1,生活中的许多烦恼，就是源于我们的不能体谅，过分在意了自己的主张，互不理解，互不相让，伤了彼此的心灵，很多时候，生活就是，一种体谅，一种理解。_
647,0,lucky婷,91,193,40,9,12,213,0,_
648,0,密花阁阁主,0,30,1,0,0,30,1,此生只钟爱棋棋你问我棋棋是谁？列表唯一关注的人嘻嘻~_
649,0,238400351,339,1104,78,38,38,741,0,_
650,0,来啦，宝贝,276,204,22,56,126,2161,1,得之坦然，失之淡然，顺其自然，争其必然。_
651,0,kiki～晨曦,132,3290,116,14,14,3012,1,人生实苦，谁都不易。                   唯有自渡，方可解脱。_
652,0,857008153,0,64,6,0,0,43,0,_
653,0,Maggie💋🤞,675,1319,71,0,0,0,0,_
654,0,ssl,0,1635,3,0,0,754,0,_
655,0,不爱吃苹果117,5,40,11,14,14,13,0,_
656,0,Forever   with  you,196,214,28,41,42,963,0,_
657,0,🔅,373595,229,19017,14,14,0,1,生活明朗  万物可爱  人间值得  未来可期_
658,0,Ly。🍃,111740,239,7573,18,18,0,0,_
659,0,Sharon,74,222,34,6,6,0,0,_
660,0,浅饮半盏流年,0,290,2,0,0,64,1,好好学习，好好生活_
661,0,柚,12,35,20,8,8,501,1,时而活泼可爱  时而高冷严肃      但是一直热爱生活_
662,0,文娜wenna,17,245,16,4,4,407,0,_
663,0,安娜～,438,225,147,20,20,5143,1,初次遇见你，往后余生多多指教_
664,0,小梦梦,473,127,53,31,32,821,0,_
665,0,例外.,145,1320,107,0,0,0,0,_
666,0,小仙女，宁,373,507,38,135,158,1714,1,努力工作，努力上进，阳光心态。健康快乐每一天每天提高一点点_
667,0,🎀精致的淘气,0,884,8,0,0,0,0,_
668,0,🎉歪歪,127,93,56,13,13,89,1,❤️我就是太阳，无需凭借谁的光.❤️愿每天笑容如太阳._
669,0,shopping,50,1185,29,3,5,2682,0,_
670,0,🦄Lucky,66,174,6,0,0,0,0,_
671,0,え求之不得,12,542,23,6,6,317,0,_
672,0,安琪、,424,116,84,3,3,0,0,_
673,0,翱翔的东少,55,87,27,3,5,459,1,别人笑我太疯癫，我笑他人看不穿_
674,0,小火炉,123,195,82,9,9,826,1,🍂_
675,0,Forget you,282,426,13,1,1,2035,0,_
676,0,伍子,45,825,34,5,6,690,0,_
677,0,用户3285712599420,28,13,7,10,10,9,0,_
678,0,℡crush*,5,2850,83,1,2,9231,1,人间风月，浅尝辄止_
679,0,纹希,435,169,29519,17,17,1120,1,谢谢你们长得这么好看还关注我🧡_
680,0,胡萝卜橙🍊6.1号播,116733,204,3074,46,49,0,1,看似嗲萌但不会发嗲的臭皮匠是唯一把直播间粉丝发展成为兄dei的👱🏻‍♀️主播？随时直播 🧐记得留个榜👣 🚀✈️ 日后好相见🤝🤝_
681,0,无趣,0,358,3,0,0,0,0,_
682,0,廿壹,0,5,0,0,0,0,0,_
683,0,贰拾叁,322,356,316,22,22,8752,1,小棉袄🌟_
684,0,eva,23,342,26,0,0,1808,0,_
685,0,Tiffany Bakery 🐰,222,1368,86,17,17,21034,1,在湛江，卖蛋糕的阿姨🌵🍰_
686,0,妞妞,315,154,66,41,43,1367,0,_
687,0,旋转跳跃我闭着眼💤,1852,113,120,83,89,0,1,向着光亮那方🌻_
688,0,艾辰是个小太阳,749,197,64,61,61,0,0,_
689,0,ʚ小喵喵ɞ,756,344,229,27,28,623,0,_
690,0,落染,1320,816,113,570,570,3266,1,从5月15日开始我以后就会给你们发一些文案大家要接收哦_
691,0,小毛驴儿,300,156,100,16,19,82,0,_
692,0,宝宝想吃的锅包又,16,1798,13,3,3,0,0,_
693,0,桑知,0,162,41,0,0,0,0,_
694,0,LfGxLy_魏梓欣,11,2723,28,0,0,0,0,_
695,0,Z張先生.,7,322,11,2,2,0,1,早日暴富._
696,0,用户6807375321826,0,60,2,0,0,0,0,_
697,0,🔥我～只是传说®💋,1020,141,320,43,45,479,0,_
698,0,韩双,1610,94,390,67,67,320,1,没有最好，只有更好！_
699,0,仔,0,46,2,0,0,15,1,仔妹妹_
700,0,blingbling✨,11,170,7,1,2,600,1,永远不要把事情想的太简单_
701,0,终遇迩 ๑,0,114,6,0,0,145,0,_
702,0,小夕,10,1312,11,1,1,1287,0,_
703,0,用户7277374069,0,13,0,0,0,45,0,_
704,0,💕乱世小可爱,58,2155,49,2,2,19789,0,_
705,0,媛媛～,0,69,6,0,0,293,0,_
706,0,Y,0,324,10,0,0,896,0,_
707,0,虾米888888,1112,211,107,0,0,0,0,_
708,0,林翔雄,362,2518,165,108,108,7052,0,_
709,0,哈哈哈哈,0,166,41,0,0,425,0,_
710,0,-Young柳,28,68,21,0,0,0,0,_
711,0,萌_👑,998,35,110,74,74,0,1,No one and you 🌈_
712,0,F193LGJ,336,380,70,28,29,210,0,_
713,0,蓝胖子,0,226,54,0,0,367,0,_
714,0,G.,2,13,31,0,0,0,0,_
715,0,HOBIN,0,338,6,0,0,0,1,佛系刷抖音！_
716,0,用户3805016130876,39,4408,64,3,3,9166,0,_
717,0,Cz🐝,43,109,70,4,4,0,0,_
718,0,summer,0,1,0,0,0,9,0,_
719,0,💕巳月.,571,171,229,15,17,0,1,🧣：已月🧸小🍠：小红薯Cc⛳️现在开始会不会太晚，感谢你那么可爱还关注我❤️_
720,0,妞妞,837,99,171,38,38,0,0,_
721,0,酷仙儿.,0,331,5,0,0,962,0,_
722,0,Emotiona°小闹闹,544,271,46,86,86,3173,1,这里介绍不了我😄😄_
723,0,小樱桃🍒麻麻,13,72,3,7,7,483,1,新晋95后辣妈选手分享专业户预产期2020.6.13记录合体时光愿你健健康康在肚子里慢慢长大❤️_
724,0,ʚɞ HJ,364,143,69,34,36,206,0,_
725,0,一只三岁玲❤️,0,120,31,0,0,802,1,不辜负自己🔥_
726,0,No-sir,0,4592,93,0,0,28931,0,_
727,0,赖皮蛇,0,4479,148,0,0,0,0,_
728,0,森.,0,4644,36,0,0,3425,0,_
729,0,ぇえ,1232,312,328,85,87,5486,1,她很迷人    因为她很擅长做她自己👧🏻_
730,0,糖糖,1135,1493,148,75,75,0,0,_
731,0,小老头,599,136,118,23,29,971,0,_
732,0,达尼酱六一儿童节满月,136,244,195,22,22,116,1,🐬承蒙厚爱 感谢支持🌈粉丝团5级➕V_
733,0,ING！,9,482,48,0,1,0,0,_
734,0,倩倩,158,1078,34,13,90,8834,1,成年人的世界裡 只有心酸無法處理的情緒就把它隱藏起來_
735,0,Lie^,162,72,75,0,0,0,0,_
736,0,无门,6,243,6,0,0,0,0,_
737,0,人间温柔观察者,0,183,8,0,0,0,0,_
738,0,孟孟,10,32,8,0,0,0,0,_
739,0,呀土豆,0,20,5,0,0,125,0,_
740,0,喵哆哩11,370,437,40,13,15,2854,1,小个子，大迷糊😂_
741,0,嗲雯雯,56,41,13,14,14,84,0,_
742,0,刚刚好,44,310,39,4,4,7906,1,三里清风三里路，步步清风在无你_
743,0,你想要的都没有,779,278,136,0,0,0,0,_
744,0,一句顶万句,0,128,0,0,0,21,0,_
745,0,阿瑞,88,2842,30,9,154,9085,0,_
746,0,Sunny.L,214,678,63,0,0,0,0,_
747,0,Wrh     ,121,121,26,4,4,1429,0,_
748,0,九暮,0,191,4,0,0,0,0,_
749,0,♡🌈strawberry 🍓,279,368,37,12,12,483,1,未来可期，一切可爱🌈_
750,0,💋💋💋,161,251,64,19,19,944,0,_
751,0,王静✨🌺,885,183,98,157,197,1340,1,🎉🎉🎉💝💗💕💜💛💚💙👪89年宝妈，爱老公，爱宝贝，爱自己和我同样喜欢穿衣化妆的，好的衣品一定是用经验和钱砸出来的❤️13283172033努力 努力 再努力💪_
752,0,静心麒逦,1023,418,136,10,12,8824,1,👗V：851573616                                                                好看的皮囊千篇一律，有趣的灵魂万里挑一_
753,0,Deep sea,0,440,16,0,0,0,0,_
754,0,✨籽@涵 沫沫哒✨,182,90,42,55,56,910,0,_
755,0,大黑曼曼,32,397,21,2,2,69641,0,_
756,0,Xiao王,0,15,1,0,0,209,0,_
757,0,小平,74,55,70,8,29,272,0,_
758,0,用户6734017799066,149,906,135,9,12,285,0,_
759,0,Windy✨,129,151,44,13,15,1587,1,你就是我最美的期待_
760,0,水晶儿,229,170,56,0,0,0,0,_
761,0,green,0,89,115,0,0,58,0,_
762,0,中国好青年,4093,3215,277,0,0,0,0,_
763,0,东慧与肥肥（夫妇日常）,0,71,6,0,0,38,0,_
764,0,金金a,0,26,0,0,0,0,0,_
765,0,iceice,0,30,11,0,0,0,0,_
766,0,🍓Lucky baby,120,143,58,22,22,73,1,🥰Vx: 我就是那个一米65，简单大方，满眼是你，爱笑也爱你的女孩子👧_
767,0,MrS   Li,1871,423,314,108,108,0,0,_
768,0,波波牛🐮,0,34,0,0,0,482,0,_
769,0,韩77,231,229,156,15,16,0,1,顺风不浪，逆风不怂。_
770,0,雯熙熙,0,1175,12,0,0,1399,0,_
771,0,爱上 简单,45,621,16,7,12,712,1,把快乐当成习惯…_
772,0,氧,5,614,23,1,1,3100,1,୧⍤⃝🌽୧⍤⃝🍒୧⍤⃝☔️୧⍤⃝✨୧⍤⃝☃୧⍤⃝🐹୧⍤⃝🐷୧⍤⃝🐻୧⍤⃝❤୧⍤⃝🍉୧⍤⃝🍟 ୧⍤⃝🌸 ୧⍤⃝🍦୧⍤⃝🍍୧⍤⃝🍈୧⍤⃝🍝୧⍤⃝🍢୧⍤⃝🍲୧⍤⃝🍣୧⍤⃝🍱୧⍤⃝🍛୧⍤⃝🍙୧⍤⃝🎂୧⍤⃝🍧୧⍤⃝🍰୧⍤⃝🍳୧⍤⃝🍞୧⍤⃝🍵୧⍤⃝🍶୧⍤⃝🧸_
773,0,Wuli小雪呀🌼,78,70,27,13,13,126,1,愿所有青春🌼都被温柔以待_
774,0,何以清欢,0,477,11,0,0,1966,0,_
775,0,蕾柒柒,54,295,44,8,8,1181,0,_
776,0,大白兔🍬,173,95,35,10,10,33,0,_
777,0,gk没有小手,77,1659,79,13,15,8262,0,_
778,0,F.,290,306,119,22,22,1938,0,_
779,0,_二灰菇凉,0,25,0,1,1,23,0,_
780,0,甜心麻麻,838,193,147,75,75,1320,0,_
781,0,.掱牵掱 …。㈠起赱到蕞后,394,299,63,67,67,2547,1,余生，请多多指教_
782,0,叾屾🌸,1547,59,539,162,163,6339,1,历遍山河人间值得_
783,0,认裁认亏不认输,197,357,31,42,45,1745,0,_
784,0,眼里着迷🖤,4439,969,1168,20,21,0,1,在这个暧昧横行的时代 深情倒成了一种笑话_
785,0,今天来我家,0,551,73,0,0,510,1,今天也要开心鸭_
786,0,温妹妹,831,113,105,27,27,0,1,永远努力积极向上_
787,0,KD,0,464,14,0,0,0,0,_
788,0,肉多多,931,709,156,95,100,6089,1,只有经过地狱般的折磨才拥有征服天堂的力量_
789,0,77很ok,1339,13,194,13,13,635,1,没事来看我直播呀， 唠家常呗_
790,0,茹此多余,543,726,232,13,13,3986,0,_
791,0,龙凤呈祥,0,832,20,0,0,151,0,_
792,0,Da❤️佳佳,845,249,39,82,87,1197,1,💜董欣纯天然护肤💜了解加V:jianiu317_
793,0,林沫疯了,0,271,84,0,0,8113,1,🍦欢丨本人是小号，不是模仿🍬迎｜九喵的铁黑粉🍭来丨脑公系小凯🍩到丨本人是消粉🍫林｜关系只有忆芽🍧沫丨闺蜜仙九🍟的｜本人是迪丽热巴的粉丝🍢主｜杨紫的粉丝请你们道歉🍙页｜不服来战，私信随时开着_
794,0,春晓,2064,699,217,27,30,1867,1,记得善良_
795,0,九儿,181,165,58,0,0,0,0,_
796,0,小刘同学,275,123,44,21,22,3224,0,_
797,0,姜❤️,0,717,3,0,0,99,0,_
798,0,@🖤🖤,398,1558,62,0,0,0,0,_
799,0,嗯,85,161,79,10,10,459,0,_
800,0,本宫娘娘,381,429,91,106,112,2796,0,_
801,0,媛子,0,479,31,0,0,1856,0,_
802,0,丫丫0801,11,88,15,1,4,1400,0,_
803,0,美少芬,0,38,4,0,0,0,0,_
804,0,小天cx,0,937,1,0,0,7288,0,_
805,0,用户5296961861510,0,35,0,0,0,557,0,_
806,0,靓靓,11,245,26,1,1,5823,0,_
807,0,鲸落,0,542,4,0,1,1167,0,_
808,0,阿恋阿啊阿恋,23,345,30,2,2,0,1,嗯嗯哈哈_
809,0,芝士味的🍊,3,100,2,2,2,29,0,_
810,0,Gg高高,124,327,24,23,23,436,1,"UI设计师𝓓𝓸𝓷'𝓽 𝔀𝓸𝓻𝓻𝔂 ,𝓵 𝓵𝓸𝓿𝓮 𝔂𝓸𝓾 (不用担心，我在爱你)“抖音陪伴，记录美好生活”_"
811,0,韩朵儿,0,134,13,0,0,200,1,倾尽所有_
812,0,醉君℡曼陀罗,96,5001,232,8,9,8450,0,_
813,0,一闪一闪亮晶晶🌟,0,1050,300,0,0,13828,1,🌟🌟🌟🌟🌟_
814,0,吕昌霞,196,425,47,9,10,1113,1,吕昌霞_
815,0,阿于超搞怪☄,28,1067,31,0,0,0,0,_
816,0,🍋柠柠柠,168,363,38,25,28,0,0,_
817,0,就是小思呀,24,387,17,2,2,2308,1,沉迷学习使我快乐_
818,0,多娇&,0,329,13,0,0,2094,0,_
819,0,爱宝宝宝宝,131,859,73,14,14,1889,0,_
820,0,兰花🍺👧,760,90,73,8,9,1029,0,_
821,0,李李🐳,83,1148,37,20,20,6831,1,🐬_
822,0,用户984993,0,77,6,0,0,427,0,_
823,0,叫我郭温柔,1341,201,357,59,59,0,1,我爱设计，设计更爱我_
824,0,樂,210,448,70,29,29,9600,0,_
825,0,小敏,4618,314,280,183,218,0,1,长亭外古道边，芳草碧连天.._
826,0,用户344343761,0,216,16,0,0,3510,0,_
827,0,刘海没吃饭😎️,17,41,17,3,3,29,1,半生浮华里一朵常开不败的花🌸_
828,0,『天蝎座』,1313,81,67,0,0,0,0,_
829,0,小仙女,22,174,12,4,4,1032,0,_
830,0,🍀,576,119,98,0,0,0,0,_
831,0,北斗星,797,751,108,38,38,2273,0,_
832,0,🍨~,217,118,61,15,15,531,0,_
833,0,ing  💋,18,304,61,2,2,1813,0,_
834,0,🔆,10344,86,132,13,13,224,1,既然活着，就要全力以赴地快乐❤️_
835,0,是佳佳吖,18,754,3,30,31,8524,1,本人是一枚追星的女孩，只追王俊凯，易烊千玺，华晨宇，秦霄贤，排名不分先后_
836,0,Forever,4,235,4,1,1,3196,0,_
837,0,我知道你都知道,168,33,73,10,11,224,0,_
838,0,瘦瘦远山i,34,1027,16,5,5,391,0,_
839,0,苜蓿,6,1073,26,2,2,0,0,_
840,0,今天也想吃火锅,73,72,14,4,4,721,0,_
841,0,👑7.,23,3114,28,3,3,0,1,你好吖_
842,0,Aurora🦄,0,122,43,0,0,498,0,_
843,0,꧁猕猴桃🥝꫞꧂,1932,269,340,98,103,1309,1,姑凉，你不输给爷们儿，加油💪_
844,0,呛心,105,284,42,7,7,0,1,等苦尽甘来那一天山河星辰都给你做贺礼_
845,0,长大.,1,1924,28,0,0,0,0,_
846,0,小周周,1,125,12,0,0,2638,0,_
847,0,我是一个妈妈,0,7,11,0,0,179,0,_
848,0,kaddy,41,1612,29,19,20,709,0,_
849,0,亦宸^,1,66,4,1,1,15,1,🌴_
850,0,逐梦。,77,59,25,0,0,0,1,梧高凤必至花香蝶自来_
851,0,小鱼儿,230,619,103,21,65,21704,1,哈哈哈哈_
852,0,阿勒邱,169,247,39,21,22,250,0,_
853,0,没,72,34,2,35,35,111,0,_
854,0,银河小铁骑,0,368,15,0,0,96,1,往事重提是折磨_
855,0,东升大梅,175,2904,157,23,24,1856,1,地面的美容者_
856,0,ฅ՞•ﻌ•՞ฅ,0,17,14,0,0,0,0,_
857,0,LilyQAQ🦁️,0,31,1,0,0,0,0,_
858,0,@哎呦,0,225,15,0,0,95,1,人的一生不能错过_
859,0,杨小汐,0,47,0,0,0,0,0,_
860,0,草莓🍓🍬,0,71,0,0,0,954,0,_
861,0,myangel318,1641,497,488,37,50,22361,1,来自江西美丽大信丰 喜欢阳光热爱生活 谢谢你这么可爱帅气还愿意关注我鸭😘_
862,0,ヾ媛児つ,174,434,99,9,18,0,1,好吃懒做  永远快乐_
863,0,👣,71,571,22,9,9,1919,1,切_
864,0,采女孩的老蘑菇🍄,164,102,69,7,7,1379,1,有病没病多喝水_
865,0,用户9275894097901,0,204,0,0,0,81,0,_
866,0,心儿wyx,5685,138,1267,31,33,401,1,“努力让自己发光✨  对的人  才会迎光而来 我要和喜欢的人  自信的站在一起”_
867,0,小咕噜,2,115,15,0,0,0,0,_
868,0,LSY。,6036,175,1323,75,76,0,1,ok ok 不直播哦。_
869,0,阿冰吖～,1,119,3,1,1,1348,0,_
870,0,coco,3,25,21,1,1,15,0,_
871,0,Monstar🌴,0,89,23,1,1,79,1,原Monstar🌴号已被盗用，被强制下线，任何私信不要相信，不是我本人！！！合作请私信_
872,0,i娜子,0,157,48,0,0,1944,0,_
873,0,小无敌,173,406,35,0,0,0,0,_
874,0,사망.™,1,3132,11,0,1,1980,0,_
875,0,treasure108,21,89,20,5,5,1494,1,啦啦啦😄 高兴就行_
876,0,凉薄,53,958,39,8,8,218,1,遇到对的人_
877,0,柏,187,670,112,13,13,5917,0,_
878,0,。。,28,848,16,3,3,2681,0,_
879,0,林595,0,75,5,0,0,1793,0,_
880,0,冷美人,506,243,104,38,38,2455,0,_
881,0,怕热的短裙.,8,339,18,0,0,4100,1,是你的可遇不可求._
882,0,提线木偶,130,76,180,14,14,1944,1,从来没有从天而降的英雄，    有的，只有挺身而出的凡人。_
883,0,L1qm,80,191,81,0,0,0,0,_
884,0,木子,891,772,45,148,149,20140,0,_
885,0,微光✨,117,1210,57,15,15,0,1,🌈没有动态的日子，都在认真生活😊🔆常发动态的日子，都在热爱生活😅_
886,0,橙子的番茄,162,2187,72,14,15,3446,0,_
887,0,一条鹹鱼,26448,663,231,32,32,2780,1,生活什么时候是个头分享生活点点滴滴 三十年河东三十年河西_
888,0,沈大队长❄️,3,1925,14,0,0,0,0,_
889,0,今天你被蚊子咬了吗,186,246,53,23,24,1737,1,只有你坚定，世界才会温柔_
890,0,小雪,374,148,71,45,52,819,0,_
891,0,小毛驴啊666,0,77,46,0,0,214,1,👸_
892,0,暴躁小刘呀！,61,22,49,18,19,22,1,容易发脾气，很暴躁。_
893,0,小🐎小🐎一生戎马,216,312,77,1,1,4215,1,做清淡欢颜的女子   寂静于暖  安然于甜_
894,0,@kk,600,390,114,40,65,490,1,时间从来不语 ’ 却回答了所有问题_
895,0,江大美。,0,45,1,0,0,0,0,_
896,0,钟意.,22,45,18,3,3,30,0,_
897,0,孤独者像风,2450,1052,136,3,4,32996,0,_
898,0,戎妹妹,870,205,161,29,30,2452,0,_
899,0,用户8322877678024,0,25,0,1,1,11,0,_
900,0,Zhang.,91,258,37,11,11,0,1,年年岁岁花相似，岁岁年年人不同。_
901,0,Shirine一米七,51,61,648,2,4,0,0,_
902,0,小皓哥,121,287,18,40,41,771,1,记录生活点点滴滴，不喜勿喷_
903,0,诗琦-,1215,312,143,71,79,7160,1,💃专业拉丁舞者一枚💃专业拉丁老师一枚🏠家乡辽宁盘锦 🏙算上大学已经在京七年            💓还有谢谢关注支持我的你们💓_
904,0,小七爱吃糖.,33,322,5,8,8,3038,1,"Love life,love me._"
905,0,一生一个小承夕,1,56,14,0,0,211,0,_
906,0,人生苦短，一切随心,89,39,60,11,12,569,0,_
907,0,时光静好Y,68,76,21,12,13,438,1,时光静好  浅笑安然   做无愧于自己得事  😀菇凉――加油_
908,0,Yang•my,243,105,63,13,13,209,1,//向往太阳也要明白温暖📜_
909,0,NickJane,115,94,27,11,11,163,1,谢谢你的关注🧡_
910,0,小郭子,340,293,80,28,29,2709,0,_
911,0,爱瑶久久,3968,258,187,269,269,1663,1,我的宝贝健康快乐成长_
912,0,🍒   C。,1,254,6,0,1,751,0,_
913,0,元元,1554,154,145,112,112,860,1,抖音让我学会了做菜_
914,0,细说。,0,109,1,0,0,0,0,_
915,0,杨雪梅,29585,257,2887,702,704,341,1,谢谢你的关注❤❤❤_
916,0,qi😘😘,72,250,41,0,0,0,0,_
917,0,迷你世界✨沉默,322,561,121,104,104,1753,1,直播时间:下午2:20_
918,0,那我就很凶.,10,500,54,1,1,10181,1,每个女孩子都应该是宝贝_
919,0,安笙凉城,0,61,0,0,0,3,0,_
920,0,鑫呐,0,1327,5,0,0,1384,0,_
921,0,Wochaotian,0,250,9,0,0,0,0,_
922,0,吴💕,779,193,78,150,150,2104,1,平安喜乐🐭_
923,0,橙子🍊橙子🍊,352,321,192,0,0,0,0,_
924,0,如涵文化,41,825,172,7,7,118,0,_
925,0,叫我小小🌼,0,95,5,0,0,89,0,_
926,0,三楼后座,516,1142,202,83,83,7566,1,音乐生活与美食生活的碰撞🎸🐟_
927,0,栗子1⃣,165,287,54,35,35,366,1,希望我的态度可以感化任何人._
928,0,蜗牛爱唱歌,46,405,18,5,5,63217,0,_
929,0,岑夫子,9,169,32,0,0,3225,1,伤害不应该披上拯救的外衣_
930,0,小郭,2934,279,317,146,147,0,1,吃不了自律的路，就要受平庸的罪！_
931,0,袁丫丫_Baby,3931,502,217,118,118,5989,1,谢谢你的关注 和小❤️❤️_
932,0,霹雳露,293,155,103,12,12,1192,1,💓💓_
933,0,墨明琪妙,16,206,6,5,6,255,0,_
934,0,@爱吃肉肉的小仙女🧚‍♀️,342,70,54,59,61,802,1,谢谢你的关注_
935,0,欢爷✨,348,740,191,34,35,1037,1,我的公主，候你多时            依家依若芽家樱家创始人✨本人处在低谷期第一个樱家勿抄有陡弟有闺蜜😍我还是夺命杀手这里是浅忆吖😘粉丝名包包只要你来我就敢宠_
936,0,Fei，遇见你时风好甜,291,69,58,28,28,144,1,❤️80后安徽大叔和90后新疆阿姨日常❤️四年异地jun恋，终于从绿迷彩走向了婚纱💃🏻所爱隔山海，山海皆可平🌸_
937,0,笑靥甜瓜,7,478,17,1,1,5467,1,没有想说的_
938,0,故里有长安,553,645,163,60,60,1623,1,我不要的东西，你们拿去也是垃圾。_
939,0,梦寐♡,0,138,14,0,0,3196,0,_
940,0,芒果～guo,7,20,11,2,2,373,1,万般皆是命  半点不由人_
941,0,叫声语沫小姐,216,43,92,10,16,0,1,君之不语相濡以沫_
942,0,缄默,6,266,26,2,3,749,0,_
943,0,习惯就好Tian,1087,283,110,100,100,0,0,_
944,0,资深泰式精油SPA芳疗师《互宠》,154,4586,120,31,31,183,1,商务合作 到店指导 培训  VX : TSJY-SPA 资深泰式精油SPA芳疗师 喜欢大海 游艇 跑车          美好的一天从SPA开始想要体验纯正泰式精油SPA的美女们  加微信预约就可以啦!  关注我的美女做SPA有特价优惠呦！                                                                      粉丝上万  开始直播  聊聊人生  聊聊经历  聊聊生活  聊聊SPA   感谢关注_
945,0,暮光,0,22,2,0,0,2,0,_
946,0,欢妹,24,92,20,3,3,513,0,_
947,0,西柠,221,443,64,26,30,3525,0,_
948,0,柠檬酸,147,200,32,24,37,0,0,_
949,0,洋洋,2756,1041,180,221,223,35420,0,_
950,0,跳跳炸了,18,39,43,5,5,95,1,啊哦~跳跳炸了~~_
951,0,用户2603874211750,0,8,1,0,0,1,0,_
952,0,非白🤍,0,25,0,0,0,0,0,_
953,0,小付,40,63,67,1,1,69,0,_
954,0,张瑞杰。,429,111,85,46,46,1388,1,能自己扛的绝不声张、因为矫情的样子太丑_
955,0,o,0,346,112,0,0,0,0,_
956,0,亚宁,3,188,38,1,1,334,0,_
957,0,你的东东_,83,31,24,23,23,1158,0,_
958,0,偽裝嘚堅強☆_☆誰會芯疼,47,4987,139,7,7,0,0,_
959,0,白洁不是白洁,280,170,83,39,43,3147,1,一切都是最好的安排_
960,0,心花怒放,0,996,9,0,0,0,0,_
961,0,文文文小姐,138,284,41,49,56,591,1,Single but wonderful_
962,0,用户6512584135,0,80,0,0,0,107,0,_
963,0,苑_,0,32,4,0,0,37,0,_
964,0,He,805,223,78,159,160,0,1,承蒙时光不弃，感谢一切给予_
965,0,晚安,0,127,1,0,0,198,0,_
966,0,救赎.,19,186,4,5,5,1027,1,限是奥奥_
967,0,奎,0,68,51,0,0,83,0,_
968,0,Tiantianliu,273,571,32,28,28,1690,0,_
969,0,A-jing,7994,48,10254,0,0,1720,1,事出自愿，事过无悔，不负遇见，不谈亏欠_
970,0,涵涵,0,922,30,0,0,1860,0,_
971,0,佳颖,174458,442,1742,48,50,6683,0,_
972,0,你头发乱了喔💤,15,382,26,3,5,912,1,我我我，你你你，他他他，_
973,0,大薇砸。,95,512,54,8,10,896,0,_
974,0,颖儿,24,17,249,6,6,236,0,_
975,0,岁月的沉淀,7,161,17,2,2,322,1,态度决定高度_
976,0,服务到家乐生活,536,455,980,10,11,122,0,_
977,0,流光皮卡丘,0,749,13,0,0,490,0,_
978,0,TXx,252,168,15,4,6,21320,1,随缘观看_
979,0,ʚ 田田 ɞ,336,60,62,23,25,644,1,90后重庆女孩❤️一直从事养生行业爱笑爱生活爱美食志同道合的朋友➕Vv：15803092393✌️_
980,0,君君,0,72,26,0,0,0,0,_
981,0,自由人,2429,558,358,71,71,1481,1,因为相信所以能_
982,0,周什么,1599,60,80,32,36,0,1,🎨乱码抖音🎨记录我的时光碎片🧩_
983,0,萌萌鱼🐠,29,104,10,12,16,5213,0,_
984,0,王王王王王小爽&,337,214,106,28,28,287,0,_
985,0,照念初_,498,410,71,29,30,1298,1,vx：18635066333招画工 零基础也可以220—800纯利润_
986,0,maomaozhu🔥,5698,486,564,6,6,241,1,以梦为马 不负韶华_
987,0,Wild,30,215,20,0,0,484,0,_
988,0,Michael,0,285,1,0,0,0,0,_
989,0,菲子,0,688,2,0,0,650,0,_
990,0,🍉,0,50,9,0,0,150,0,_
991,0,丁丁,2022,850,288,433,433,2912,1,努力过自己想要的生活_
992,0,两人闺蜜,0,3593,67,0,0,14633,0,_
993,0,Lucy,120,510,25,24,24,0,0,_
994,0,haha,0,91,1,0,0,0,0,_
995,0,贤贤宝,2,352,7,0,1,0,0,_
996,0,"""""  薛薛薛",638,110,91,123,124,0,1,如果快乐太难，那我祝你平安～_
997,0,昵称已重置,8,5,1,4,4,193,0,_
998,0,从此以后549,16,16,4,3,3,227,0,_
999,0,洮,389,112,17,10,10,275,1,被故事选中 没资格懵懂_
1000,0,啊啊啊啊啊狗🐶,0,39,10,0,0,1284,1,就很好_
1001,0,💋,834,263,335,35,35,870,1,☁️ᯓ 𝓃𝒾𝒸𝓮 𝓉𝓸 𝓂𝓮𝓮𝓉 𝓎𝓸𝓊也曾短暂的迷信过爱   到头来还是想发财.*.❅·_
1002,0,ｘｕｅ腻,64,126,27,7,8,6839,0,_
1003,0,木南,0,297,26,0,0,439,0,_
1004,0,阿香. รวิวรรณ,301,62,87,62,64,33,1,一句话介绍不了我自己。_
1005,0,秋天的风,0,447,18,0,0,117,0,_
1006,0,我很张老师💎,94120,87,14065,56,56,141,1,💜💛一个爱拍段子的非专业人士_
1007,0,Poison,0,552,39,0,1,1809,1,愿你要的明天，如约而至_
1008,0,👑,55,687,55,6,10,36172,1,😬😬😬_
1009,0,♧ Nancy 。,39,179,46,0,0,0,1,乌鸦讲了情话 铁树开了花_
1010,0,熙熙熙,204,131,60,0,0,0,0,_
1011,0,吃可爱多吗,1530,66,369,33,33,282,0,_
1012,0,Hu 雨晨,837,1246,197,57,57,4636,1,90后爱生活宝妈一枚_
1013,0,Jessie💕,88,1927,19,45,45,6897,1,演戏，唱歌，主持，跳舞👯      小胖卓日常_
1014,0,鹿鹿姐姐🎆,122,28,41,24,24,3953,1,生活很苦  但你很甜✨终于等到你🧡yy002366_
1015,0,🌟然宝🌟,595,531,150,0,0,0,0,_
1016,0,JJ,11,953,16,1,1,5833,0,_
1017,0,Fairy 🍓,0,14,14,0,0,178,1,金瀚是人间理想_
1018,0,哈哈哈哈哦,303,3334,95,0,0,0,0,_
1019,0,李怼怼,96,205,63,6,6,421,1,都是普通人，装什么有钱人！_
1020,0,千鱼,875,202,1293,165,177,978,1,看什么🤔，没签名_
1021,0,府右街,0,20,0,0,0,90,0,_
1022,0,羡星,36,562,11,8,8,3454,0,_
1023,0,@921女孩👧,244,4987,97,25,25,82600,0,_
1024,0,于林,0,423,20,0,0,0,0,_
1025,0,十三,20,781,1182,1,14,0,0,_
1026,0,用户8014009070023,0,192,0,0,0,292,0,_
1027,0,奶源,959,4363,209,182,183,8217,0,_
1028,0,雨滴,61,98,87,3,3,284,0,_
1029,0,莫怡,0,388,4,0,0,0,0,_
1030,0,即兔兔,71,198,33,0,0,0,0,_
1031,0,👉拥错👈💃,53,121,52,0,0,0,0,_
1032,0,徐瘦瘦,1706,416,108,3,3,2198,1,春暖花开，愿美好如约而至_
1033,0,L u C K y,48,143,13,14,14,652,0,_
1034,0,急支糖浆,0,170,9,1,1,21,0,_
1035,0,用户2572288860690,0,1141,0,0,0,0,0,_
1036,0,偏爱.,387,1222,86,9,10,16345,1,黯然神伤……_
1037,0,LiU YOunG,23,349,12,1,1,3264,1,v:13695317099_
1038,0,p34tz3e8,0,7,0,0,0,9,0,_
1039,0,汤圆╯,0,58,5,0,0,356,1,记得开心_
