0,0,口水宝儿,27,296,49,3,4,1405,0,_
1,0,眼泪,0,1401,7,0,0,300,0,_
2,0,用户4290034314274,0,5,0,0,0,285,1,J_
3,0,大贲,2886,4599,1202,41,41,12455,0,_
4,0,去游泳的时候叫我,0,37,7,0,0,52,0,_
5,0,xxx,0,6,0,0,0,116,0,_
6,0,迷你世界天秤座吴娅,1807,2476,492,242,242,3702,0,_
7,0,用户9630096319292,0,4750,8,0,0,4123,0,_
8,0,白浅上神,4,1296,17,1,2,3097,1,我特别宠粉！_
9,0,玄关,7,2457,17,3,3,5976,0,_
10,0,小,1,182,7,1,1,190,0,_
11,0,情兮配玩艾玛吗,12,62,0,3,3,78,1,第五玩家丶本人园吹♡闺蜜：雨莹丶玖兮♡朋友：𤣳雪丶樱空♡_
12,0,用户8592589615197,0,797,2,0,0,1648,0,_
13,0,月亮魔女🍡,0,51,2,0,0,161,0,_
14,0,抖音搜索憨憨呀！,7,784,8,3,3,2051,0,_
15,0,英,0,1,311,0,0,2064,0,_
16,0,海阔天空7251313701772,80,7,11,30,30,82,0,_
17,0,悲威的人格zj,0,14,0,0,0,132,0,_
18,0,太阳,0,568,16,0,0,786,1,谢谢你的关注！_
19,0,失忆.[顾家],0,818,49,0,0,2244,1,。。。。_
20,0,用户8167069522312,0,830,1,0,0,1059,0,_
21,0,我抢到票子,1,3514,44,6,6,3604,0,_
22,0,Zhou 雪,2,88,14,1,1,1515,0,_
23,0,诉清风( ˃̶̤́ ꒳ ˂̶̤̀ ),27,4780,255,4,4,42833,1,要图加QQ2760018697_
24,0,Z,258,2699,20,62,124,8574,0,_
25,0,（可口可乐）百事可乐爱玩吃鸡外号雅可,0,547,19,0,0,708,0,_
26,0,用户9450927055116,0,275,2,0,0,141,0,_
27,0,诗琳宝贝。,166,4900,151,0,0,0,0,_
28,0,哈,0,270,9,0,1,430,0,_
29,0,用户7824170698798,37,363,5,0,0,0,0,_
30,0,用户8907726881207,0,4,0,0,0,76,0,_
31,0,余生请你指教,16,672,7,11,11,1145,0,_
32,0,张,0,3642,38,0,0,4994,0,_
33,0,美华奶奶,50,404,12,22,22,959,0,_
34,0,人身如戏全靠演技,0,133,0,0,0,929,0,_
35,0,陈军,31,691,35,20,20,923,0,_
36,0,史志锋,0,265,73,0,0,81,0,_
37,0,已重置,0,2568,4,0,0,19776,0,_
38,0,嘉哥哥,0,138,0,0,0,60,0,_
39,0,大妈的粉丝,0,155,0,0,0,642,0,_
40,0,儀,228,923,117,39,39,1263,1,你的努力 终将成就更好的自己_
41,0,用户3275163479836,0,449,2,0,0,575,0,_
42,0,神经病。,0,881,17,0,0,7707,1,今天。为疫情留下了眼泪。明天。中国。会是世界的辉煌。加油！。我！。努力！。中国！我爱你！_
43,0,momomomo,195,99,24,138,139,11819,1,五六七_
44,0,用户9807554790912,0,413,0,0,0,343,0,_
45,0,桃妖叶蓁,40,4841,155,10,10,4498,0,_
46,0,心语,4708,363,237,210,211,3176,1,愿心开意解永得幸福_
47,0,果﹌果,0,214,15,0,0,299,0,_
48,0,鸿鸿,0,318,4,0,0,273,0,_
49,0,辉,0,4777,22,0,0,57965,0,_
50,0,和平精零言(四指)1V5,89,3763,84,8,11,3723,1,关注我秒回你请多多指教带打游戏专带学生党_
51,0,用户1946370054439,0,332,0,0,0,505,0,_
52,0,涛涛吖,39,3636,50,3,15,10758,1,。。。_
53,0,煞霸威震天,0,442,23,0,0,5759,1,他强任他强，老子XX阳_
54,0,嗯。,0,2839,12,0,0,4591,0,_
55,0,热巴的小棉袄（爱丽丝）（凤九）,0,3462,173,0,0,0,1,爱豆：热巴（仙女王道）喜欢：杨幂（仙女）底线：热巴💕🎊宝藏女孩：杨幂、热巴万千世界，💕💞💓💖静守已心，✨✨🎉🎊世俗非繁✨吾心向迪✨✨独宠我迪✨永不分离✨爱迪一生✨✨互迪一生💕💞💖🌈迪❤️幂❤️彤❤️爱热巴❤️爱幂幂❤️_
56,0,@小朋友,114,3261,62,21,21,14402,0,_
57,0,人生开关,0,1913,42,0,0,0,0,_
58,0,一人一车一条路,2308,451,193,194,196,3227,0,_
59,0,吃鸡林子睿大神,8,4496,36,4,6,5584,0,_
60,0,路人,42,4501,146,3,3,11410,1,努力做到更好_
61,0,觉得,5,87,15,3,3,361,0,_
62,0,清纯学姐🎏🎏🎏,1,287,49,0,0,1303,1,底下全都是胡写的。谢谢你的关注。爱你哟！_
63,0,Key丶小本,3158,4254,3509,62,62,31384,1,跟你在一起谈话，虽然时间不长，但真是一种难得的享受，真希望下次有机会再与你交谈_
64,0,梦の印记,0,1150,12,0,0,647,0,_
65,0,好,6,76,5,3,3,303,0,_
66,0,安芬尼.哈达威,0,2366,9,0,0,7321,0,_
67,0,我是脚脚吖,108,1501,59,28,28,5902,0,_
68,0,樊欣均,0,2145,51,0,0,198,0,_
69,0,若熙,24,2687,33,10,10,1138,1,这是我和弟弟的抖音号❤❤❤_
70,0,中跑～运动员🏃,76,97,40,0,0,11,1,400米800米的小美女✌_
71,0,大哥哥,23,105,5,10,10,74,1,阳春市，春州小学的新合街_
72,0,小,22,130,12,7,7,149,0,_
73,0,用户2042465009831,0,336,0,0,0,26,0,_
74,0,✨烟✨,0,592,5,0,0,912,1,雨过天睛，又是新的一天;要开心哟！_
75,0,min,0,265,4,0,0,1133,0,_
76,0,黑人大队,157,1573,33,0,0,0,0,_
77,0,周良伟,12,413,23,1,1,944,0,_
78,0,牧童－童家堡,17,36,24,1,1,162,0,_
79,0,用户4121451021974,0,94,1,0,0,100,0,_
80,0,刺青尤利V,21,142,2,10,10,639,0,_
81,0,303,38,1643,10,21,21,2003,0,_
82,0,LXH,11,454,32,3,3,2864,0,_
83,0,用户7501175006736,48,400,25,15,15,1051,0,_
84,0,黑化小能手🌚🌝（讽刺）,0,814,1,0,0,1017,0,_
85,0,武林,56,4600,91,0,0,0,0,_
86,0,用户2766553435670,0,270,1,0,0,419,0,_
87,0,萍萍,67,147,24,23,23,543,0,_
88,0,返朴归真,0,595,5,0,4,905,1,职业彩民_
89,0,用户1829631537439,10,322,0,5,5,864,0,_
90,0,叶子,0,3405,6,0,0,2675,1,叶子呐_
91,0,子奕,0,55,14,0,0,0,1,..._
92,0,Tlamhet,0,162,8,2,2,48,0,_
93,0,金葵,54,3045,91,15,15,3948,1,分享生活的点滴，一起快乐的成长_
94,0,@吴憨憨,36,463,14,6,8,481,1,简单介绍一下，我姓吴，可以叫我吴总或者是梦江，关注我的朋友我都统一回粉，也统一回复信息_
95,0,索先！  ！,548,695,237,12,13,5495,0,_
96,0,半步红尘,0,162,5,0,0,941,0,_
97,0,Phạm Tuấn Anh,0,3790,83,0,0,14,0,_
98,0,mayi 01,0,95,19,0,0,781,0,_
99,0,用户6268135125987,0,1851,20,0,0,3119,0,_
100,0,八卦村,0,462,10,0,0,92,0,_
101,0,夹心小熊草莓,1,2559,11,1,1,3427,1,就…就挺秃然的……_
102,0,我OK👌,84,57,29,13,13,422,0,_
103,0,辰子兔,22,837,22,18,18,3453,1,@宫冷断桥_
104,0,忆寒,26,1868,83,4,5,227,1,有粉丝想和我一起玩的可以加我但是要备注你们和我得听我话呀，不然我很累的😮游戏ID：忆寒哟，q区的哦😊凭实力刚上的皇冠，凭实力苟上的王牌😜粉丝破一千免费给3位粉丝上王牌😘粉丝破1w送1位粉丝手册😜各位，加油呀😊_
105,0,用户3548236478402,0,38,0,1,1,456,0,_
106,0,仙女本仙不羁啦啦啦啦,539,302,113,0,0,0,0,_
107,0,天翼游戏解说,635,3244,66,134,134,3582,1,跟着我保证带你玩_
108,0,小鱼儿,5762,90,796,45,45,1367,0,_
109,0,用户4906125212661,5,310,6,2,2,411,0,_
110,0,一坨小团团,0,2892,58,0,0,15263,0,_
111,0,伟大的,0,100,2,0,0,53,0,_
112,0,XX战警,98,510,21,18,19,1692,0,_
113,0,社会扎总,57,230,142,2,2,6603,1,zxcvbnm_
114,0,天现宝宝,6,1646,17,2,4,1808,1,山楂树之恋_
115,0,风流天下,0,454,6,0,0,4483,1,性格：冷漠星座：天蝎座Cp：天下归你_
116,0,八爷当空,0,778,6,0,0,9664,1,人之初，性本善，别拿老娘当坏蛋。😏😏😏锄禾日当午，谁比我辛苦，😭😭😭😭😭😭做人不要太攀比，如果真要比一比，那就来和老娘比。😎😎😎😎😎😎😎😎😎😎😎床前明月光 ，我就长这样。😮😮😮😮😮😮总之做人就是不要太嚣张，如果你真的很嚣张，老娘比你更嚣张。😎😎😎😎😎😎😎_
117,0,玖辞～💞（请多多关照~）,0,2448,173,0,0,16525,1,希望粉丝破1000～🎀🎀🎀_
118,0,心怡,0,780,12,0,0,20,1,爱好广泛喜欢交友_
119,0,妈妈说这么长的字可爱的人才会念,0,118,3,0,0,250,0,_
120,0,用户2398078568354,0,567,1,0,0,513,0,_
121,0,清风无味,418,668,25,56,58,4395,0,_
122,0,biu,0,14,11,1,1,24,1,无话可说_
123,0,℡星辰,0,418,3,0,1,359,1,老子可以惯着你，但随时也可以换了你_
124,0,大敏0719,0,247,27,0,0,2258,0,_
125,0,火影忍者剧场版,0,451,13,0,0,5,0,_
126,0,情感杂货店,798806,41,122402,55,61,1225,1,感谢抖音平台相知相识不易 每天会准时更新作品感谢你的关注_
127,0,用户5298956616024,1,208,8,1,1,17,0,_
128,0,用户9381609365691,0,214,0,0,0,49,0,_
129,0,凤凰之爱,1,248,4,1,2,761,0,_
130,0,wanh,0,1240,4,0,0,2914,0,_
131,0,Franky,1,3570,51,3,3,2415,1,我以后一定要更新好作品_
132,0,Ling,19,1147,44,5,6,2001,0,_
133,0,北海的y喵,0,1039,32,0,0,10330,0,_
134,0,星河  已黑化,160,4141,105,23,24,9026,0,_
135,0,呀呀呀呀呀呀呀呀！,29,1185,34,10,10,9881,0,_
136,0,倩幺,20,1028,21,3,3,692,1,喜欢就争取，得到就珍惜，错过就忘记！_
137,0,こんばんは,0,321,3,0,0,75,0,_
138,0,三兄弟,3,1903,10,3,3,12333,1,我双鱼座_
139,0,云 👑,16,375,49,2,2,3326,0,_
140,0,迅刀,0,2918,109,0,0,6816,1,生是方块人，死是方块魂，一生不悔入MC，来世在做方块人_
141,0,用户3406351884297,13,77,7,1,1,187,0,_
142,0,梦露百合,0,164,0,0,0,270,0,_
143,0,✎﹏风筝.恰淡♡,0,75,3,0,0,633,1,孤冷_
144,0,用户797117173759,89,597,10,34,34,3274,1,希望朋友关注我家烧烤谢谢_
145,0,用户6447451658161,0,184,2,0,0,11,0,_
146,0,抖音双瞳西多61,74,5000,37,21,22,17657,0,_
147,0,鑫,96,3515,853,15,15,4140,1,看到点个关注呗！谢谢_
148,0,星星坠落人间,7,349,7,2,2,592,0,_
149,0,Alisa,1,2242,5,1,1,8184,0,_
150,0,用户8040839199900,0,496,2,0,0,0,0,_
151,0,温卵,6,1565,25,1,1,5872,0,_
152,0,鬼颶（Z字团队）,30,4436,46,2,39,10438,0,_
153,0,黑客,19,1389,24,1,8,8772,0,_
154,0,清,38,102,6,10,10,192,0,_
155,0,639.7万人［严重限号中］,214,195,31,32,32,0,1,你们都不在一起就给出场费倒海翻江西方音乐分享减肥计划新东方回家发现还有人记得！你是个什么🤔！？阿甘的人生就是这样才会让自己变好朋友👭！阿伯？阿伯！我就说他说你有女朋友吗、这么多年了。阿姨的人在哪里呀？？？？？？？！！阿甘一样的人生哲理的话我说你有时间给我打电话📲？我说不出来就好啦？阿甘一样好了、这些人都是饿了就吃的吃了一个人的饭都吃不上火了，阿宅们的生活方式就是说的好的生活方式就是说的好朋友都是人的呃呃额额的饿狼传说好赞的确不错吧。阿胶枣红色毛衣白色紧身裤白色运动鞋👟！我_
156,0,喵染吖(喵家创始人),102,3929,146,12,12,7896,1,老鼠偷了人们的大米，人们说老鼠狡猾，奸诈。人们偷走了蜜蜂的蜂蜜，却一口一个蜜蜂真勤劳。毒蛇不知道自己有毒，人们也不会知道自己有错。_
157,0,昱琪宝贝,80,3720,44,17,17,5458,0,_
158,0,小鸭子,87,120,37,10,12,2971,0,_
159,0,梦瞳🌸,473,201,21,85,86,2634,1,这个女孩很懒，什么都没有留下。_
160,0,姐姐叫江挽安,73,240,23,8,14,8159,1,🎄本人很🎉高兴💞认识🎐你🎐做个朋💞友吧！🎄_
161,0,遗忘,1,2169,25,1,1,4765,0,_
162,0,古呀老师,0,204,0,0,0,50,0,_
163,0,用户7076617326264,0,49,3,0,0,1568,0,_
164,0,若雪,8,627,17,2,2,8465,0,_
165,0,樱色,2,3333,48,1,2,0,1,我想问一下，谁有爱丽丝，如果有，可以加个好友吗？_
166,0,吴泽锐,341,2426,98,56,56,4301,0,_
167,0,qwer,0,18,1,0,0,197,0,_
168,0,@99秒后……,0,798,7,0,0,1819,0,_
169,0,小可可,0,1576,3,0,0,742,0,_
170,0,绵羊——敏宝,0,1062,31,0,0,1164,1,我叫高秀敏、来自云贵山咔咔、今年17岁、是个打个妹、希望大家多多支持我@✔。本人QQ:2235467453，微信:19808637239_
171,0,二哈（让你感受一下世界的邪恶）,295,1839,98,106,106,756,0,_
172,0,用户5694515411164,0,880,32,0,0,615,0,_
173,0,行运生肖,407,81,72,12,68,76,0,_
174,0,龙哥（和平精英）MC中立迷你,181,4315,197,11,11,7109,1,无_
175,0,张发权,0,92,10,0,0,595,0,_
176,0,独。,0,2165,12,0,0,11936,1,喵里個喵_
177,0,凡夫俗子,0,279,1,0,0,3,0,_
178,0,淦,20,4175,12,17,17,5795,0,_
179,0,我就是我～,17,102,10,3,3,898,1,努力和上进，不是为了做给别人看，是为了不辜负自己，不辜负此生。_
180,0,从前的那个少年,0,55,0,0,0,10,0,_
181,0,^,0,221,12,0,0,211,0,_
182,0,幽灵公主,1,1513,2,2,15,10377,1,도경수 ド・ギョンス93112（27）除了坚持别无选择_
183,0,任嘉伦,4,500,3,0,0,0,0,_
184,0,信念,0,66,6,0,0,330,0,_
185,0,Fiona,5,2314,16,6,6,5168,0,_
186,0,好嗨,0,1212,2,0,0,43,0,_
187,0,我是小阿精,0,3427,62,0,0,5440,0,_
188,0,单梓烨,8,88,4,2,2,0,0,_
189,0,苏瑾辰～绘,152,447,67,8,8,4303,1,每周日更新作品，嘻嘻～谢谢你这么帅气好看还来关注我～😜   2020年3月27日_
190,0,林春德,97,3443,45,32,32,5061,1,只要高兴，做什么都有意义_
191,0,宇文非攻,1,187,3,0,4,209,0,_
192,0,恶魔,0,1248,9,1,1,3088,0,_
193,0,Dalny@pig,0,1733,17,0,0,4086,0,_
194,0,铭铭✨和平精英,439,1404,80,42,43,18906,1,👤该用户已关注你吃鸡玩的菜，快乐最重要❤️VX：zjenming2683 （注明来意）_
195,0,雪儿的姐姐,65,1359,16,17,17,3031,0,_
196,0,白羊座的小姐姐❤️❤️❤️,0,187,23,1,1,634,0,_
197,0,眼里会有black pink✨,0,418,28,0,0,8624,1,一个热爱🏀的Girl永远喜欢black Bink✨超级喜欢肉肉 Lisa 珍妮  智秀💫永远喜欢她们❤当然我也会永远热爱🏀哒！_
198,0,君の名は,6,2087,10,1,1,4607,1,动漫宅_
199,0,用户3664306305943,0,1464,2,0,0,4708,0,_
200,0,陌然,0,3059,56,0,0,28553,0,_
201,0,苏小喵,233,492,43,22,22,4143,1,感谢大家的关注！_
202,0,颂颂,743,148,51,34,34,805,0,_
203,0,楠好鸭鸭,0,31,0,0,0,568,0,_
204,0,錢鞥,0,15,3,0,0,123,0,_
205,0,司机中的小黑。,7,1024,13,1,1,923,0,_
206,0,用户2624742228711,0,195,37,0,0,6466,0,_
207,0,夙夜,0,817,4,0,0,6449,0,_
208,0,朱殷遥,25,123,6,19,19,1009,0,_
209,0,一期一会,0,137,11,0,0,156,1,一个人能使自己成为自己，比什么都重要。_
210,0,晴朗,4667,279,276,116,129,12828,1,我们不一样_
211,0,sbhs,3,1685,43,1,1,5853,1,骂我的人都是傻叉有病_
212,0,华晨淏,2437,277,138,0,0,0,0,_
213,0,Superman.,44,59,24,6,8,9644,0,_
214,0,海绵宝宝.,2,18,12,0,0,0,0,_
215,0,℡叫―妈,111,117,33,7,7,6628,0,_
216,0,*ノ惯性呆萌￣,371,4948,143,41,41,4116,1,。。。。。。_
217,0,王子念！！！,16,1711,22,3,3,3389,1,时王_
218,0,红茶柠檬,326,538,126,39,44,12056,0,_
219,0,小生,32,463,9,26,28,870,0,_
220,0,馨儿,4,37,18,1,1,312,0,_
221,0,考试终结者,0,423,5,0,0,25,0,_
222,0,Lai,87,4505,30,16,16,47138,1,sLLs_
223,0,牛逼！,0,859,2,0,0,111,0,_
224,0,爸爸（名字源于夏同学）,1,1679,55,0,1,6569,1,我也曾努力_
225,0,洛音,5,1550,5,13,13,3297,1,呵呵 ，欺负我的人，我要你死_
226,0,就发货打电话的,20,204,26,17,17,248,0,_
227,0,余生一个白恩,7,229,5,8,10,2911,0,_
228,0,爱你,505,1062,150,315,315,1783,0,_
229,0,用户542273,10,154,9,2,2,229,0,_
230,0,南宫亦星🌟,0,1300,5,0,0,3368,0,_
231,0,用户7200072973991,0,226,12,0,0,248,0,_
232,0,姚宏帆,0,53,0,0,0,39,0,_
233,0,你的傻瓜690,0,25,2,0,0,22,0,_
234,0,✧ ꧁࿈࿆剑༒锋࿈࿆꧂✧,14,2587,25,10,22,8885,0,_
235,0,浅笑心柔,0,14,0,0,0,50,0,_
236,0,已重置,10,198,1,5,5,273,0,_
237,0,用户4663505954030,0,510,0,0,0,789,0,_
238,0,迷你世界💖韩染玖（韩家创始人）,3,1688,11,2,2,518,1,✨介里四苏兔兔的主页鸭✨✨点个关注再走呗✨_
239,0,空谈,29,4868,93,4,4,8764,0,_
240,0,陈幼妤,14020,2142,966,45,196,0,1,Q:2532667293_
241,0,侥幸,0,32,5,0,0,48,1,去你个鸟命，我命由我不由天。_
242,0,用户8032371941450,28,603,4,8,11,751,0,_
243,0,王玲,0,2585,2,2,2,4865,0,_
244,0,拉笔小新,134,990,7,35,36,6407,0,_
245,0,用户886068038024,0,697,0,0,0,3198,0,_
246,0,冫宝藏~仙丯染,4,216,5,2,2,1004,0,_
247,0,安忆,0,7,0,0,0,26,0,_
248,0,小楠孩,7,906,8,7,7,1107,1,努力奋斗_
249,0,！！！,0,1645,9,0,0,4183,0,_
250,0,用户4112746509316,0,7,0,0,0,17,0,_
251,0,果果,122,2877,47,33,33,15910,0,_
252,0,Smile--sky,281,385,138,0,0,0,0,_
253,0,夏夜暖风（黎）（甜）（梦）（凯）,99,4286,587,7,8,2736,1,阿依木_
254,0,李玉华,132,637,39,22,22,3005,0,_
255,0,用户4058656100620,3,117,3,2,2,68,0,_
256,0,夜幕星河,2,2721,24,2,3,10039,1,彼岸花开，恋人归来。_
257,0,温柔的爱你。,0,842,0,0,0,1117,0,_
258,0,安然。,2,49,1,2,2,3978,0,_
259,0,纤琪,1066,1312,75,58,58,22332,1,小飞侠已有战战_
260,0,口,0,1856,3,0,0,3113,0,_
261,0,雨后的彩虹。,43,468,35,5,6,26225,1,雨后的彩虹。_
262,0,黑暗娘,32,938,44,4,4,10987,1,建筑最拿手养殖也可以（就是没有耐心）游戏名:黑暗娘我的QQ号有两个1:23706107382:2571138732_
263,0,王永祥,0,1053,1,0,0,2431,0,_
264,0,是晴晴鸭,1,216,2,1,1,502,0,_
265,0,羡羡三岁啦！,0,1200,10,0,0,2049,0,_
266,0,用户3437956204725,0,4376,4,0,0,4976,0,_
267,0,周宝贝.,0,53,16,0,0,12096,1,该用户正在关注你哦~_
268,0,用户1406534643272,0,76,5,0,0,94,0,_
269,0,超甜.,38,4901,71,10,12,69716,0,_
270,0,王琦琨,0,1229,5,0,0,7624,0,_
271,0,白水泉,0,1310,6,0,0,0,0,_
272,0,芡榆,0,175,6,0,0,6956,0,_
273,0,杠精,0,101,1,0,0,263,0,_
274,0,我不信这也有人取,0,851,0,0,0,1199,0,_
275,0,用户2573750287299,0,527,0,0,0,482,0,_
276,0,董展君,0,2389,0,0,0,0,0,_
277,0,折骨,0,24,0,0,0,346,0,_
278,0,自已,0,2870,12,0,0,6057,0,_
279,0,迷你世界铠铠,537,2176,127,162,165,3120,0,_
280,0,蓝色水晶,4,17,1,3,3,327,0,_
281,0,洁儿,5409,688,514,533,535,5578,0,_
282,0,用户1188941591549,0,553,2,0,0,1378,0,_
283,0,用户6058308324997,3,144,0,4,4,246,0,_
284,0,小靖文,136,287,24,172,175,392,1,学生_
285,0,柠檬可可🌸,171,4996,149,0,0,0,0,_
286,0,琼？鲲,0,1528,32,0,0,532,0,_
287,0,未来的城市,0,8,2,0,0,51,0,_
288,0,用户2062943346852,0,404,0,0,0,334,0,_
289,0,带你去玩,0,3311,51,0,0,5427,0,_
290,0,徐老师,27,1862,15,35,35,3678,0,_
291,0,Coup Detat,0,1657,37,0,0,9013,0,_
292,0,刺客伍六七,8,322,14,6,6,457,0,_
293,0,小栗子,0,795,1,0,0,900,0,_
294,0,青月,0,4390,135,0,0,16483,1,小公主_
295,0,【炎鱼吖】,46,788,8,13,13,87,0,_
296,0,1717848592,0,635,0,0,0,1444,0,_
297,0,深秋,0,22,1,0,0,259,0,_
298,0,星空沐辰,6,24,3,3,3,153,1,滚天舞线爱好者，喜欢请订阅😊更多视频在优酷 星空沐辰每周更新2次_
299,0,名字不重要,0,1644,8,0,0,6423,0,_
300,0,空城旧梦℡£卿爷等遗忘べ,0,144,1,0,0,185,0,_
301,0,哆啦只是个梦,0,1743,5,0,0,21998,0,_
302,0,XUDADA,0,22,52,0,0,0,0,_
303,0,Alex,0,1587,44,0,0,3037,0,_
304,0,Grim,19,30,2,10,10,126,0,_
305,0,hero 肉狗狗了,178,2778,85,47,48,8311,0,_
306,0,解压小店,424,1695,72,148,149,6687,1,谢谢你的关注🥰_
307,0,已重置,0,3,2,0,0,433,0,_
308,0,冰菓,0,69,11,0,0,473,1,u are my sunshine_
309,0,爱我所爱,0,107,35,0,0,106,0,_
310,0,2241885489,200,82,46,19,19,808,0,_
311,0,君泽粉丝,0,449,3,0,0,2754,0,_
312,0,Him (反迷你),0,2834,708,0,0,3391,0,_
313,0,A天生傲骨,432,37,68,0,0,0,0,_
314,0,哪吒,0,552,5,0,0,108,0,_
315,0,吴旭,0,56,0,0,0,320,0,_
316,0,用户895450783917,0,342,2,0,0,106,0,_
317,0,无言,286,1052,166,0,0,0,0,_
318,0,japw,3,4803,34,1,1,3254,0,_
319,0,用户2468260928174,5,444,1,1,1,504,0,_
320,0,鲨鱼,0,529,4,0,0,11142,0,_
321,0,墨羽,0,1467,15,0,0,1997,0,_
322,0,你的蔚心树❤️,0,824,4,0,0,1357,0,_
323,0,辞案 挽歌.,46,898,41,3,3,4630,1,爬_
324,0,锦衣之下，晶终抱国,1310,935,420,117,117,10273,1,喜欢追锦衣之下，喜欢谭松韵，任嘉伦，晶忠抱国，如果你也是锦衣奶奶的话，请点个赞吧！_
325,0,迷你世界~雪球球~,196,1417,53,40,40,1999,0,_
326,0,不惜一切代价,0,2550,139,0,0,3827,1,算好的你有什么办法_
327,0,用户417139175,0,179,2,0,0,249,0,_
328,0,用户2942382890811,0,17,4,0,0,1527,0,_
329,0,巜爱你们哦》,0,4234,18,0,0,4253,0,_
330,0,沐亡,0,2009,13,0,0,2373,0,_
331,0,天蝎座️一一男♏️,36,5,17,14,14,3757,1,记住你给我的痛，日后加倍奉还。 一一天蝎座♏️_
332,0,褔星高照,0,161,4,0,0,652,0,_
333,0,😄,55,2336,28,12,12,2200,0,_
334,0,三山四水,0,883,5,0,0,1685,1,三山绕四 水四水绕三山三山四水春常在四水三山四时春_
335,0,G.Jian,0,71,0,0,0,487,0,_
336,0,小阿狼,79,1566,95,7,7,10137,0,_
337,0,王者可汐，数你第一,0,1592,7,0,0,8155,1,做不一样的自己_
338,0,恶魔猎手,0,141,6,0,0,178,0,_
339,0,人,0,70,6,0,0,547,1,人_
340,0,玖,13,3255,33,2,2,6390,0,_
341,0,金曜白虎。,0,482,3,0,0,696,0,_
342,0,相思落无声,2,4266,12,0,0,13613,0,_
343,0,葛根粉,5,1251,20,4,4,402,0,_
344,0,用户1229817050617,0,41,1,0,0,79,0,_
345,0,神,0,48,0,0,0,37,0,_
346,0,沫樱雪源,0,30,0,0,0,84,0,_
347,0,用户2413616131361,18,330,4,15,15,836,0,_
348,0,（劫）¥@:-),0,237,1,0,0,943,0,_
349,0,我的世界蛇妖,3038,1796,1550,96,99,2971,1,农村的_
350,0,东皇太一,0,4192,8,0,1,10287,1,汝乃天骄，何不上九霄_
351,0,柳柳不吃葱🌈,5314,258,794,241,241,0,1,娱乐而已 ～_
352,0,对方输入中……,417,2758,49,109,110,35276,1,张紫颖_
353,0,白山茶,0,188,17,0,0,1012,0,_
354,0,雪儿,2,141,3,4,4,219,0,_
355,0,美梦却是一场空,2934,348,149,208,231,7177,1,大家好，我是一位来自农村的九零后宝妈，玩抖音只是兴趣爱好（打发时间）承蒙厚爱，不喜勿喷，谢谢_
356,0,用户9340352645996,0,31,1,0,0,296,0,_
357,0,Xiao,97,180,16,54,54,791,0,_
358,0,游戏主播小逗。,0,159,4,0,0,215,0,_
359,0,仁兰,347,5000,295,16,20,24107,0,_
360,0,潘银（宝应）,476,1820,96,32,51,19596,1,不要着急亦，不要停下，(張橋西澗)_
361,0,15我厉害,113,2822,34,100,100,6037,0,_
362,0,艾力江,0,392,80,0,0,75,0,_
363,0,✨小橙子（冲100分鸭）,148,4130,37,37,37,10289,0,_
364,0,滑仔小北,0,1375,36,0,0,2905,1,小白滑手🤪_
365,0,汐丹,26,1277,144,5,5,81,1,学无止境_
366,0,浪里个浪,187,170,100,14,14,580,1,我们都是农村走出来的孩子，不能拼爹，只能拼命_
367,0,嘿，Siri关机,28,337,10,25,25,577,0,_
368,0,杠精精,511,5000,351,72,72,12916,1,nanami_
369,0,💔祝💔,15,337,46,1,1,1334,1,总有人说你变了，但不知道你经历了什么！_
370,0,≠,0,653,24,0,2,1822,1,咩🌚🌚_
371,0,擎天柱。,0,4173,8,0,1,5519,0,_
372,0,用户3230823304116,0,937,15,0,0,1486,1,可爱吗？_
373,0,安好♞,0,4566,152,0,0,4161,0,_
374,0,陌然,2,732,51,0,0,0,0,_
375,0,小风子666,0,550,5,0,0,2909,0,_
376,0,蒽珠tai,637,735,182,79,79,0,0,_
377,0,佐助@╮（﹀＿﹀）╭,0,148,2,0,0,241,1,我早已闭上了眼睛，光明根本就不存在了！_
378,0,小满三候,8,187,24,1,1,508,0,_
379,0,川南,0,333,9,0,0,5094,1,……_
380,0,807698693,1621,1388,130,14,14,51036,1,开心一刻_
381,0,嗯,45,5001,119,5,5,54454,0,_
382,0,用户5276155785084,0,1538,3,0,0,1718,0,_
383,0,逍遥,0,267,3,0,0,12,0,_
384,0,释铭铭,0,2411,13,0,0,3565,0,_
385,0,国服玄策,3,4106,19,1,1,707,0,_
386,0,水荣,15,164,16,2,2,318,1,谢谢你的关注_
387,0,cachcach,0,932,5,0,0,0,0,_
388,0,乄默问,0,117,1,0,0,251,0,_
389,0,用户4127231678280,7,819,39,1,2,8764,0,_
390,0,林玄,51,4585,66,9,10,689,0,_
391,0,ᕙ  直男  ᕗ,172,272,77,4,4,22871,1,钢铁直男超爱篮球喜欢凯里·欧文QQ：3075139606我满脑子都是篮球谢谢_
392,0,依然美,279,1087,84,7,7,520,1,简单真实_
393,0,用户5638865467829,0,1635,21,0,0,3708,0,_
394,0,小桃子❤甜圈,0,27,0,0,0,155,1,音乐爱好者，喜欢看听星座。（天蝎座）_
395,0,稚于最初,0,213,55,0,0,3175,0,_
396,0,用户2345549372609,0,226,3,0,0,29,0,_
397,0,奕鑫,44,778,30,10,11,4341,1,畅爽提神 始于1995_
398,0,李奶奶,0,423,0,0,0,645,0,_
399,0,颜梦学姐    (颜家),62,219,21,9,9,423,0,_
400,0,和平精英老玩家，小仙女,3565,1287,1231,663,664,5161,0,_
401,0,东方靖琪,21,786,6,6,7,597,0,_
402,0,用AWM爆你头,0,151,1,0,0,468,0,_
403,0,用户3393508867383,18,417,7,10,10,500,0,_
404,0,铠魂猫,0,804,48,0,0,0,0,_
405,0,LISA我爱你,0,1531,68,0,0,0,0,_
406,0,iu......,0,54,0,0,0,153,0,_
407,0,迷你世界✨️哪吒,1428,1822,320,96,96,4803,0,_
408,0,南笙北沐,0,790,0,0,0,996,0,_
409,0,用户7413144893984,15,1185,8,2,2,2013,0,_
410,0,已重置,1,166,21,0,0,277,0,_
411,0,Blame ♕,3,34,6,2,2,153,1,我见过你喜欢我的样子，所以你喜不喜欢我一眼就能看出来。_
412,0,MC不灭,1,2340,8,1,1,1640,1,陆续将出我的世界游戏视频教程哦_
413,0,奇怪的sans,1271,571,102,261,261,5883,1,m_
414,0,黑猫警长,19073,30,11964,98,98,32,1,每天更新欢迎喜欢动画的一起来感谢评论关注点赞💓：15562987573_
415,0,哥要發給,0,30,0,0,0,18,0,_
416,0,伏思媛,0,943,1,0,0,131,0,_
417,0,茹茹,237,701,31,30,30,20590,1,谢谢可爱的你们关注我！_
418,0,1234567890,332,1026,139,0,0,0,0,_
419,0,@宝宝吖,38,1366,58,3,3,3894,0,_
420,0,我爱科比,0,1331,37,0,0,1657,0,_
421,0,我的粉丝是安琪拉baby。,91,53,13,0,1,661,0,_
422,0,shanthan,3046,507,971,50,50,1523,0,_
423,0,抖音搜齐羽,0,477,12,0,0,1780,1,！_
424,0,Free&fantasyo,51,881,36,8,8,12478,1,passerby_
425,0,用户8827799546805,0,3930,13,0,0,9212,0,_
426,0,摇心和平精英,329,209,108,32,32,470,1,我正在努力中，，，，，_
427,0,用户2633476402383,1,141,1,2,2,526,0,_
428,0,迷你世界的柳仙儿,44,3496,78,6,7,8278,0,_
429,0,仲夏柠叶香,0,472,0,0,0,119,0,_
430,0,郊狼231049705,51,1560,28,13,14,1705,0,_
431,0,念科,0,271,8,0,0,5645,0,_
432,0,只撩干净人。,1523,596,113,321,322,1961,1,记录孩子们的生活成长，记录每一天的美好生活，希望这以后能成为我们最好的回忆，也谢谢可爱😊的你们+关注我。_
433,0,用户3211287835456,0,56,0,0,0,97,0,_
434,0,用户183619987,10,1117,17,8,8,5039,0,_
435,0,Lose.,0,98,78,0,0,7331,0,_
436,0,说好的,43,81,6,13,14,984,0,_
437,0,用户3615663852715,0,16,0,0,0,68,0,_
438,0,用户5379318364803,0,1987,3,0,0,724,0,_
439,0,航天飞机特效----视觉魔术,1313,4898,1177,180,180,9132,1,我现在还没开始学特效，再过两年我就开始学特效了，我现在还没学视觉魔术，再过两年我也开始学视觉魔术了。_
440,0,蝶晓花韵,539,803,88,113,115,1315,0,_
441,0,（）,15,182,7,4,4,514,0,_
442,0,爱迷,0,302,1,0,0,781,0,_
443,0,用户2681276069027,0,5,0,0,0,46,0,_
444,0,用户3046135745056,0,900,4,0,0,2137,0,_
445,0,用户6214374131665,0,72,0,0,0,24,0,_
446,0,黄华春,0,423,0,0,0,1747,0,_
447,0,谢开万,163,145,33,26,26,779,0,_
448,0,刘志洋,0,1331,7,0,0,2761,0,_
449,0,you,0,364,3,0,0,2197,0,_
450,0,艾克斯奥特曼,0,299,4,0,1,854,0,_
451,0,蓝天.泡泡,24,521,123,0,0,0,0,_
452,0,飞燕,2439,191,106,135,135,3573,0,_
453,0,默念,18,4686,60,8,9,18498,1,嘻嘻😸_
454,0,Rao   Rao,7596,126,332,461,540,0,1,没有公主命，要有女王心，没有谁会一直视你如珍宝_
455,0,用心，感悟世界,2095,3187,1684,83,85,1580,1,平凡，简单，快乐，开心！_
456,0,Diệp Bất Ngữ,0,1363,13,0,0,1917,0,_
457,0,琳筱萩,0,92,1,0,0,418,0,_
458,0,用户228622826108,0,525,1,0,0,19,0,_
459,0,点券,0,3631,23,0,0,2959,0,_
460,0,小俊,16,883,25,5,5,1549,1,春风十里我喜欢你❤️_
461,0,学生党,1,1704,11,2,2,2142,0,_
462,0,Valkyrie,0,981,3,0,0,2460,0,_
463,0,ဦးေက်ာ္,0,222,24,0,0,205,0,_
464,0,黑梦徒,17,658,6,1,1,2006,1,此生不悔入他心_
465,0,用户1571103141078,0,25,2,0,0,56,0,_
466,0,用户4248696032081,0,385,0,0,0,3139,0,_
467,0,ᴡᴢɪʏᴏ ᴡғ,2,672,8,1,1,3352,1,𝔪𝔩𝔢𝔪 𝔪𝔩𝔢𝔪_
468,0,小仙女下凡,1,1021,21,0,72,2469,1,没心没肺，快乐生活_
469,0,回不到过去看未来,0,156,5,0,0,1988,0,_
470,0,东方月初,0,2093,7,0,0,3640,0,_
471,0,用户3296538715660,7,936,7,7,7,1107,0,_
472,0,雷雨,213,991,89,22,22,4137,1,中国北京音乐旅游_
473,0,星落长歌,0,146,0,0,0,546,1,学生_
474,0,奇艺🎨,14,2411,54,2,2,3668,0,_
475,0,用户1919794865184,0,35,0,0,0,38,0,_
476,0,杨宸,0,52,0,0,0,352,0,_
477,0,董卓,1,57,12,1,1,9731,0,_
478,0,用户662147,45,553,26,9,12,12061,0,_
479,0,好了,0,1224,6,0,0,1490,0,_
480,0,用户7511145438231,0,1050,2,0,1,1653,0,_
481,0,贞子姐姐(❁´ω`❁)带你去地狱，哈哈哈,31,5002,532,9,9,2892,1,💔💔💔为什么？黑粉：垃圾，没有人跟你交朋友吗的，哈哈哈……为什么，啊啊啊💔💔💔最后我死了💔💔💔_
482,0,用户4925072045061,0,67,2,0,0,929,0,_
483,0,用户5289217027380,36,337,1,40,40,1713,0,_
484,0,又叒叕焱燚,51,4738,37,18,18,9266,0,_
485,0,梦幻素素,0,1683,1,0,0,0,0,_
486,0,茜,8,599,13,1,1,175,0,_
487,0,新脑洞创造者,0,1275,3,0,0,6391,0,_
488,0,蓝廷,0,774,1,0,0,343,0,_
489,0,心动Boy~朱三岁💕,0,57,4,0,0,2518,0,_
490,0,jie,2,332,1,1,1,615,0,_
491,0,黑牛,0,357,5,0,0,1058,0,_
492,0,知适,0,61,1,0,0,185,0,_
493,0,伤心的男孩,0,265,2,0,0,939,0,_
494,0,人间忽晚,1,97,75,1,2,445,1,懂事有趣，保持理智_
495,0,嘟嘟宝贝,272,316,82,45,45,10,0,_
496,0,冬日拿铁,157,2055,193,31,31,0,0,_
497,0,墨亦成碑（⚡️子航⚡️）,0,706,8,0,0,2721,0,_
498,0,dyvfdrzb3kpx,64,848,39,2,2,2783,0,_
499,0,反贼,2,3015,87,0,2,19403,0,_
500,0,蒋嘉琦,31,434,6,26,26,753,0,_
501,0,海边的阳光,0,172,5,2,2,295,0,_
502,0,对方已把你删除请点击添加好友❗,5,896,1,3,3,3053,0,_
503,0,用户4829151431177,0,127,1,0,0,0,0,_
504,0,白山依旧璟,0,382,3,0,0,0,0,_
505,0,恶魔,138,938,34,108,108,120,0,_
506,0,龙连花,15,176,3,6,6,232,0,_
507,0,利利,0,1451,0,0,0,2720,0,_
508,0,翱&翔,8,77,7,4,4,170,0,_
509,0,从前那个少年,0,388,0,0,0,0,0,_
510,0,心如柠檬天然酸,0,1460,7,0,0,2089,0,_
511,0,雨落,0,93,0,0,0,54,0,_
512,0,奉行山河万里是一九周五月,0,364,8,0,0,237,0,_
513,0,萌宝爱静静,0,285,18,0,0,174,0,_
514,0,Pł₦₦,0,17,0,0,0,11,1,..............._
515,0,雨泽潘多拉,2,194,2,2,2,481,0,_
516,0,✨💜,0,2651,21,0,0,4781,1,。。。。。_
517,0,戳国,0,606,8,0,0,63,0,_
518,0,星辰大海,21,410,16,6,6,650,1,樱桃味少女🌸 小可爱星辰大海🌠爱豆:俊凯、陈立农、丽疑。闺蜜:同学爱好:运动🏀加油哦！(ง •̀_•́)ง_
519,0,仙女   Honey,29,49,37,2,2,4,1,在哪个坑摔倒，就在那个坑睡一觉👇👇👇👇v:18203588671_
520,0,用户460443,0,812,16,0,0,1359,0,_
521,0,用户3571927836334,36,114,8,16,17,1024,0,_
522,0,抓住一颗小星星(爱小刃),17,1313,36,2,3,13358,0,_
523,0,玫璃✨本璃,5,87,10,0,0,0,0,_
524,0,༄超ོྂཾ࿆༊࿆神࿆ྂ࿐,39,36,12,16,16,81,1,每个人都值得尊重，要珍惜眼前人，不然你会后悔一辈子的，我说的是实话！_
525,0,mnbv,0,309,0,0,0,1774,0,_
526,0,有志不在肖战,0,2597,27,0,0,5146,1,我是首都经济贸易大学附属小学的一名三年级小学生，我的特长是画画、唱歌和说英语。长大要做一名英语老师为同学们上课。_
527,0,爱情dima 哥bizar,3,49,4,1,1,189,0,_
528,0,乚丶,0,425,7,0,0,281,1,谢谢你的关注_
529,0,星忆[江芷帮],0,1775,112,0,0,4520,1,朋友不多，脾气不好，天生傻白甜，脸皮有点厚。💘💘_
530,0,用户8071893747468,16,715,9,2,2,1663,0,_
531,0,切切如私语,0,414,2,0,0,521,1,这姐们儿很爷们儿~_
532,0,俊哥哥(暖男),0,277,3,1,1,407,1,男😂游戏:吃鸡，王者暖男(｡･ω･｡)特别宠女生初吻还在。没有女友⁽˙³˙⁾◟(๑•́ ₃ •̀๑)◞⁽˙³˙⁾很高兴认识大家♡_
533,0,胡富文,34,2229,30,6,6,3537,0,_
534,0,每日搞笑视频🔥,1,263,3,0,0,572,1,.......(奥特曼游戏为主题)本人不回复任何人的私信_
535,0,用户290167574981,0,212,7,0,0,52,0,_
536,0,DEVIL,369,1565,35,93,95,5986,1,高冷，温柔，以有闺蜜，名叫deⅴil。_
537,0,Degenerate.,0,147,23,0,0,1105,0,_
538,0,萌雅,0,1504,3,0,0,1934,0,_
539,0,高,0,95,1,0,0,113,0,_
540,0,SakuraMomoko,81,452,10,34,34,512,1,🧸每天更新好看的图片！有需要➕V： DY0323DY_
541,0,星星,0,3095,6,0,0,4891,0,_
542,0,忑,15,1837,20,2,2,299,0,_
543,0,月半%小夜曲,103,90,33,9,9,466,0,_
544,0,A爷蹲街 ，戏小妞,12,252,13,3,6,1632,0,_
545,0,小小天,0,260,2,0,0,451,0,_
546,0,星星撒点糖,0,207,15,0,0,426,0,_
547,0,周小科,7,13,22,5,5,15,0,_
548,0,白夜^0^,2,2054,8,1,1,8526,0,_
549,0,二号黑脸V,4,1406,27,1,1,518,0,_
550,0,年少浅梦,0,211,33,0,0,0,1,已退抖，会回来的_
551,0,布莱德圆,0,285,9,0,0,11913,0,_
552,0,emmmm,0,264,2,0,0,410,0,_
553,0,凡鸣,1799,1018,914,3,34,0,1,最浪费的日子是没有笑声的日子！愿大家每天都开心快乐…_
554,0,张,7,1233,8,2,2,433,0,_
555,0,酷烜,0,1003,1,0,0,0,0,_
556,0,20.3w人,1,530,13,0,0,11837,0,_
557,0,Non mi va di parlare,5,124,17,0,0,0,0,_
558,0,沙雕的人真好看,12,121,3,9,10,347,0,_
559,0,……～,5,36,4,2,2,184,0,_
