0,0,大明眼镜（吴润红,10,134,27,3,3,720,0,_
1,0,李飞强,0,129,9,0,0,15,0,_
2,0,春梅,1535,774,239,135,138,1610,1,我_
3,0,夜飘雪,11,65,32,2,3,48,0,_
4,0,炎哥哥,5,185,34,0,0,0,0,_
5,0,我你他,0,19,10,0,0,20,0,_
6,0,轮椅歌手青青,0,133,52,0,13,216,1,我是一位轮椅姐姐，因为残疾错过了人生中很多美好的事情，但是我并没有抱怨，因为我相信，我也能活出精彩的人生✨！_
7,0,红姐姐,3000059,3292,274484,936,1012,0,1,我是个正能量的女人。真心希望我能使大家变得人美、心灵更美😄_
8,0,嘉兴彦德实业公司,962,115,60,130,138,837,1,成长就是经历_
9,0,A你哟,361,2733,306,21,28,1261,1,欢迎关注_
10,0,梦中情人,140,363,67,28,28,47,1,今生有你、  足够了！_
11,0,天兰航鑫凡,0,33,25,0,0,1136,0,_
12,0,da,0,903,41,0,0,2992,0,_
13,0,violin,94,103,24,50,51,320,0,_
14,0,小弟（尊师覃进展）,10328296,1550,1012159,159,168,2991,1,希望我的作品能给大家带来开心快乐！感谢您的关注！谢谢！_
15,0,开门打老鼠,937,172,1444,22,22,115,1,独乐乐不如众乐乐，与大家分享身边的快乐！😃😃😃😃😃_
16,0,小仙女)￥5164,1059,5000,316,604,605,9300,1,好想好想_
17,0,我的小可爱我的梦,10,31,10,6,6,40,0,_
18,0,用户8407270983255,23,674,47,2,5,1235,0,_
19,0,山高人为峰，贴博士来养生,141,1071,236,16,16,200,1,爱好读书，爱好中医脐贴养生之道，喜欢交朋友，热忠于健康事业。_
20,0,张贵江,415,910,160,94,94,96,0,_
21,0,袁袁☞,6005,1320,734,246,247,0,1,云南昭通盐津有一起的吗？亲们_
22,0,鲁贵森,46,29,12,6,7,1037,0,_
23,0,王晓军,0,2,2,0,0,40,0,_
24,0,期待...,5061,265,392,28,66,5424,0,_
25,0,刀疤强,0,1432,143,0,1,924,0,_
26,0,危安康,170,195,26,40,76,1448,0,_
27,0,用户9728582854464,192,63,37,33,34,334,1,万事皆随缘_
28,0,英子,186,154,44,25,28,1383,0,_
29,0,何以解忧,0,232,27,0,4,425,1,向涛（1997-不详），字高照，号柳，生于江西鹰潭，爱饮酒赏月作诗🍺作品均为原创诗集，不足之处欢迎大佬指正🙏视频均为本人原声录制，转载请注明🧐❤️诗意生活，诗意人生❤️感谢您的喜欢😊_
30,0,司叔小徒弟,110,1137,586,2,4,2828,0,_
31,0,胡天岚,1320,2702,927,30,32,7456,1,胡天岚_
32,0,努力,0,283,10,0,0,0,0,_
33,0,余生安好……,115,279,159,3,3,3837,1,期待_
34,0,样连,299,2051,81,30,30,4951,1,远远爱你宝贝。_
35,0,李,409,505,99,20,20,1578,0,_
36,0,老张,0,1119,82,0,1,537,0,_
37,0,彡雨天☔️情人灬,552,224,124,42,42,2890,0,_
38,0,踏雪无痕,632,3291,1083,0,0,0,0,_
39,0,一切都是浮云,415,2681,1589,2,12,81482,0,_
40,0,乐建华,63,115,37,10,12,82,0,_
41,0,叶红,140,307,65,17,17,280,1,当别人不心痛你的时候，你要自己好好心疼自己，当别人不爱你的时候，你更要自己爱自己_
42,0,@魏家小姐姐＊,555,79,195,18,18,501,0,_
43,0,勇仔,934,793,141,69,75,12903,0,_
44,0,我亦 飘零良久,25,15,24,5,5,946,0,_
45,0,用户4754595465966,0,109,30,0,0,1193,0,_
46,0,一本万利专业冲货B1，628,52883,2770,3622,213,213,3314,1,美注我，我是专业女装冲货，B1，628分店_
47,0,飞翔,0,1321,51,0,0,512,1,飞翔_
48,0,王总,461,745,225,22,22,545,1,江苏常熟市服装批发总么司。_
49,0,进贤艺品画-框,214,873,322,18,19,952,0,_
50,0,裸熊,0,83,17,0,0,17,0,_
51,0,荷,268,2280,121,104,104,4817,0,_
52,0,学车之家（东山站）,668,124,254,57,59,23521,0,_
53,0,新的一年2020年加油！,95,4013,129,10,11,5833,0,_
54,0,福建（安溪）,55,189,65,8,8,13,0,_
55,0,zf7758521,0,886,164,0,0,709,1,安徽淮北烈山_
56,0,用户8953216169052,0,1245,65,0,0,20891,0,_
57,0,中帝无烟整体厨房,374,2619,819,13,13,1757,1,我，余江春涛人，2002年从事衣柜，橱柜行业，家装修的亲亲们可找我15083668960_
58,0,二哥,49939,506,3402,0,0,0,0,_
59,0,傲剑,1035,867,212,53,53,1136,1,没有大格局，成不了大事，赚不到大钱。_
60,0,再续今生,149,520,203,9,10,629,0,_
61,0,金谷园,2717,319,505,77,83,18443,0,_
62,0,乐林,5,418,37,1,1,117,0,_
63,0,悟,28,213,70,4,11,13996,0,_
64,0,用户819832346近哥哥,1997,4520,769,77,84,13987,1,从小不努力长大开夏利，能吃苦中苦长大开路虎。☎️联系13958106041_
65,0,用户1750381233553,21,793,33,2,2,1256,1,保有_
66,0,用户039717,24,352,33,3,3,4447,0,_
67,0,英,116,2640,1090,1,1,155,0,_
68,0,南蛮苗子,63,3069,129,2,2,414,0,_
69,0,用户3627542476603,25,64,13,1,2,429,0,_
70,0,春,16,4854,157,0,1,8133,0,_
71,0,用户6503198406014,11,145,16,1,1,2617,0,_
72,0,用户2284593326192,0,36,2,0,0,495,0,_
73,0,宁静致远,16,1676,119,0,0,0,0,_
74,0,彭正兰,255,49,28,65,65,337,0,_
75,0,，，⛄⛄⛄⛄⛄，，,3,63,7,2,2,247,0,_
76,0,用户7960971406966,491,471,141,13,14,6501,0,_
77,0,吴元雨服装,3027,3822,1248,54,55,14142,1,67年的、从80年一直在外拼搏、流浪，从事过淘金、眼镜、服装行业，我的格言：做到老，学到老，拼搏到老，奋斗吧，短短几十年，努力了，经历过_
78,0,舒平英,1361,5000,828,56,112,3777,0,_
79,0,硕,155,232,163,17,17,1222,1,谢谢您们的关注_
80,0,敢爱敢恨,1266,583,243,42,44,1639,1,时间会告诉我们，简单的喜欢，最长远；平凡中的陪伴，最心安；懂你的人，最温暖。_
81,0,贵溪蔡哥,2383,716,388,97,97,7047,0,_
82,0,用户1755618790171,0,20,2,0,0,102,0,_
83,0,鳗宗,537385,1421,10511,629,629,5625,1,微信laojiali421_
84,0,美好人生,37,170,37,2,2,2206,1,轮胎坏了也能编织美好画面_
85,0,敏哥争财bu争气,49,358,34,6,6,986,0,_
86,0,徐哥,5046,2636,2585,63,65,4692,0,_
87,0,竹乡情土特产,1236,4768,680,48,49,2332,1,人生不意，坚强，坚强_
88,0,金宝贵,175,4968,1997,5,5,247,1,爱拼才会赢_
89,0,取悦别人不如快乐自己,1866,485,117,108,108,2106,0,_
90,0,美丽的彩虹.,423,477,286,46,46,1331,0,_
91,0,A. L,1384,585,129,24,25,9373,0,_
92,0,爱园,44,1706,253,2,2,288,1,借此平台认识更多的朋友。_
93,0,董家三小姐,317,418,162,3,3,1287,1,寂静于暖  安然于甜_
94,0,无声的雨,3196,3096,1926,72,72,2123,1,听是一种享受_
95,0,布鲁斯·万,41,270,37,3,19,0,1,永远相信美好的事情即将发生♥_
96,0,金科,267,79,93,1,1,60,0,_
97,0,东山再起,224,3273,888,1,3,1771,0,_
98,0,帅古,319,823,65,12,12,0,1,已成家勿乱想_
99,0,用户2526891480559,0,125,1,0,0,46,0,_
100,0,你我之间邂逅相遇,0,999,52,0,0,904,0,_
101,0,光明（摆地摊创业）,185,547,54,10,10,582,0,_
102,0,用户7156854106861,0,1945,86,0,0,2704,0,_
103,0,王兵,91,984,124,7,7,2775,0,_
104,0,真的爱你,7,49,21,0,1,9121,0,_
105,0,东瀛战神,0,287,0,0,0,0,0,_
106,0,面对,2724,495,830,253,253,1183,1,幸福很简单_
107,0,良晨美景,588,164,141,36,42,1139,0,_
108,0,乡村壹哥,482,87,167,39,39,329,1,生活很苦    自己加糖_
109,0,种了颗种子,520,1226,347,40,54,0,1,喜欢你没道理_
110,0,漂泊,1470,1839,1197,82,82,2761,0,_
111,0,保家卫国,29,459,62,3,3,2123,0,_
112,0,做生日蛋糕🎂，找我，，包送,5603,3084,1677,238,239,11910,1,做蛋糕找我，18797947133_
113,0,Re.,236,280,94,6,6,20502,0,_
114,0,龍行天下,520,3052,212,57,59,13106,0,_
115,0,@上渡头～刘先森,311,154,167,23,33,820,1,本是后山人 偶做前堂客 醉舞经阁半卷书 坐井说天阔 大志戏功名 海斗量福祸 侃到腹中羞涩时 怒指经纶错 受教鄙榜名 才疏师之过 本欲呱呱坠地转世星 奈何风尘苦颜多萧瑟 双亲豪。站住！点赞👍评论！关注！_
116,0,战爱嘉泽,311,100,55,23,23,264,1,热爱生活、爱家人更爱自己_
117,0,江西老表,2027036,136,346718,77,82,0,1,❤️ 送温暖，传播正能量！献㊗️福，愿天下太平❤️成功不是将来才有的，而是从决定去做的那一刻起，持续累积而成。每天晚上八点准时开播，三人转_
118,0,用户6043507038254,77,49,40,5,5,635,0,_
119,0,丸 💍子,133,201,48,31,31,428,0,_
120,0,用户8618305854555,1181,111,137,62,63,1112,1,无业游民_
121,0,封锁我一生,259,70,51,28,29,159,0,_
122,0,龙行天下,331,164,127,22,22,2988,0,_
123,0,瑾豪,5,347,95,1,1,728,0,_
124,0,用户4258635997390,0,58,11,0,0,9,0,_
125,0,宿迁🚚程哥,692,94,90,38,38,1913,1,宿豫区大兴镇_
126,0,沙莫之鹰点,52,146,40,11,11,11,1,不知道在这里能不能遇见最爱的那个她，我在江西九江，你在哪？_
127,0,Lugas,103,241,187,6,8,306,0,_
128,0,让世界充满爱。13627019309,220,94,43,17,17,240,0,_
129,0,快乐单身汉,0,2385,77,0,0,3136,0,_
130,0,P+J,25,515,239,2,4,331,0,_
131,0,用户5256121469253,925,283,48,37,38,465,0,_
132,0,星球坠落。,1,188,34,0,1,111,0,_
133,0,太阳,679,3030,1474,29,29,3530,0,_
134,0,永不分离.,1477,424,253,78,83,1488,0,_
135,0,用户3891633017687烟花爆竹,11315,1990,655,242,243,18847,1,我50岁了又老了1岁呵呵！😂😂😂江西鹰潭_
136,0,阿西吧,0,363,53,0,0,1094,0,_
137,0,亾茬℡杺卻涳,3416,3510,753,459,462,20421,0,_
138,0,胖胖聊眼镜,262,300,161,8,19,0,1,热爱生活！记录开心每一个瞬间！_
139,0,用户8131128679679,0,48,0,0,0,66,0,_
