0,0,兰兰小红号,3298,291,312,130,130,8430,0,_
1,0,用户5094051510012,0,3162,14,0,0,14095,0,_
2,0,手机用户71340873078,0,504,5,0,0,764,0,_
3,0,梅香,0,188,19,0,0,1017,0,_
4,0,晴空万里,33,164,19,7,7,0,0,_
5,0,The 洋☀,150,208,40,8,8,822,1,霍邱县|_
6,0,用户6120723615881,0,3352,33,0,0,7650,0,_
7,0,CSH,7,5,3,1,1,3286,1,上海市，女性，42岁。_
8,0,四姐,234,756,44,15,16,3025,1,大家夸我美也没什么好骄傲的，我只是碰巧迎合了当代审美观，造化弄人。_
9,0,用户677490039331,7,13,3,0,0,0,0,_
10,0,初心依旧大妈,7,1563,4,1,1,2535,0,_
11,0,用户4247552081884,72,107,27,3,4,399,0,_
12,0,萍聚,908,27,47,76,76,3628,0,_
13,0,用户541356369,1002,4287,966,11,11,10835,0,_
14,0,用户1744361803138,0,574,5,0,0,1004,0,_
15,0,用户6288568866559,0,55,0,0,0,0,0,_
16,0,用户122162704,0,759,13,0,0,1056,0,_
17,0,幸福永相随,239,38,34,22,22,502,1,幸福永相随_
18,0,用户7869630993967荣花,0,139,2,0,0,7587,1,一个助人为乐的人_
19,0,贤,0,844,125,0,0,2147,0,_
20,0,用户2613440520488,126,696,47,7,7,1879,0,_
21,0,罗喜凤,0,469,24,0,0,4938,0,_
22,0,用户8384764855765,0,7,1,0,0,468,0,_
23,0,幸福快乐,0,756,4,0,0,1384,0,_
24,0,彩,0,26,0,0,0,682,0,_
25,0,用户5757126549684,77,102,22,7,9,1288,0,_
26,0,已重置,1191,720,691,62,62,9683,0,_
27,0,就是我啊,8,683,8,3,3,968,0,_
28,0,用户2367317226324,0,29,0,0,0,97,0,_
29,0,霞光万照,0,1269,28,0,0,17324,1,改变别人不如改变自己_
30,0,冰红茶,51,216,8,29,29,2373,0,_
31,0,我忙呀忙观注我,232,3393,446,28,31,4727,1,51.岁，随州。_
32,0,成展奶奶,533,1845,128,12,13,11218,0,_
33,0,用户4049331557336,0,53,9,0,0,11696,0,_
34,0,用户6585545940483,0,1151,3,0,0,4264,0,_
35,0,用户3475013137559,0,2058,19,0,0,8017,0,_
36,0,用户4918713510996,0,203,2,0,0,404,0,_
37,0,欣红,82,259,15,14,14,0,0,_
38,0,用户883694,0,67,16,0,0,835,0,_
39,0,用户4181815551015,0,278,9,0,0,637,0,_
40,0,老周太太,13,3272,20,1,1,5952,0,_
41,0,悠然王,5,84,12,1,1,209,0,_
42,0,用户2906633070668,0,402,12,0,0,805,0,_
43,0,谢大姐,5,651,9,1,1,844,0,_
44,0,用户786551137748,0,131,1,0,0,747,0,_
45,0,用户7434780122355,0,1826,12,0,0,3327,0,_
46,0,用户9942744186726,0,1181,2,0,0,1620,0,_
47,0,用户6794398938552,0,1195,9,0,0,1882,0,_
48,0,用户8218073321152,67,616,11,0,64,4418,0,_
49,0,妈妈,0,1383,8,0,0,183,0,_
50,0,嘉翌,0,82,4,0,0,361,0,_
51,0,月亮,0,197,1,0,0,1074,0,_
52,0,东鞋强哥,126,3321,239,7,7,2606,1,品牌运动鞋的原产地福建晋江！专业做鞋20年！只为一双好鞋，因为相信、所以拥有！_
53,0,上善若水CGR,207,537,35,78,78,1148,1,宝剑锋从磨砺出梅花香自苦寒来_
54,0,用户5202574815247,238,70,29,45,45,1053,0,_
55,0,用户5099050586613,0,916,8,0,0,1055,0,_
56,0,玉兰,186,369,42,26,26,1037,0,_
57,0,孙红艳,2344,111,776,0,0,0,0,_
58,0,用户7282440043873,0,193,14,0,0,78,0,_
59,0,用户6187371319678,103,211,48,7,7,448,0,_
60,0,南山,29,42,5,3,3,492,0,_
61,0,用户2417789481217,0,1086,4,0,0,1286,0,_
62,0,用户2138944543466,0,2106,60,0,1,11596,0,_
63,0,暖凤,0,827,5,0,0,1403,0,_
64,0,用户落叶,0,1974,61,0,0,2437,0,_
65,0,用户7580397575190,1,3289,19,0,5,4402,0,_
66,0,女汉子做事不解释,45,456,76,8,8,94,0,_
67,0,1027,223,2461,109,9,11,6616,0,_
68,0,WYC,5179,509,256,0,0,0,0,_
69,0,林姐,411,3248,152,12,12,9283,0,_
70,0,湉湉宝贝,102,580,56,15,18,1558,0,_
71,0,111555777,0,2697,9,0,0,2838,0,_
72,0,用户2041472495068,12,91,21,1,1,443,1,且行且珍惜_
73,0,美美的铃铛,10,3978,89,0,1,5135,0,_
74,0,Q又,249,1160,39,60,62,26355,0,_
75,0,用户3253817978068,77,620,17,7,7,6395,0,_
76,0,孔芙蓉,0,2125,58,0,0,4088,0,_
77,0,梅子123,0,802,1,0,0,715,0,_
78,0,美好未来,0,2310,49,0,0,9730,0,_
79,0,一家人,1027,198,133,146,147,511,0,_
80,0,宝贝美妆:孟燕:亿家联盟,174,657,269,29,39,731,1,V:13122716933_
81,0,大湿,5,39,2,2,2,82,0,_
82,0,用户7526831169125,147,2015,118,5,5,2806,0,_
83,0,用户1339417160429,41,132,23,10,10,65,0,_
84,0,用户145560,10,1465,8,4,4,1884,0,_
85,0,不必在意,92,157,118,7,8,914,1,简单的生活就是随其自然吧😊_
86,0,用户5737197811904,1,898,28,0,1,2106,0,_
87,0,王秀云,0,2361,12,0,0,6987,0,_
88,0,#逸弟~玥姐#,0,3062,68,0,0,8571,0,_
89,0,高玉珍,0,2591,21,0,0,2988,1,高玉珍_
90,0,老帅哥,0,423,44,0,1,1018,0,_
91,0,用户8860431698590,0,22,0,0,0,88,0,_
92,0,和气生财,41,1755,23,6,7,2697,0,_
93,0,平安健康,531,621,43,48,48,1439,1,我的孙女会开车了_
94,0,徐老师,160,41,66,16,16,142,1,要想让自己无可替代，你必须总是与众不同。_
95,0,老武,608,185,129,14,14,6277,0,_
96,0,开心老妈妈,158,238,14,27,27,1086,1,大家好！我是开心妈妈😊_
97,0,夏子,0,3577,27,0,0,4005,0,_
98,0,angel萍,4,68,38,0,4,22778,1,保持那一份热爱，奔赴下一场山海❤️_
99,0,宝珠,0,81,8,0,0,211,0,_
100,0,樊世英,0,2610,73,0,0,2803,0,_
101,0,长康,23,1195,17,3,3,2373,0,_
102,0,用户8466820092064,0,2928,31,0,0,4697,0,_
103,0,天性曳舞群芳,6342,1570,1877,100,100,3219,1,舞我所舞/跳出自己的健康活出自己的精彩_
104,0,用户7188862931509,20,209,13,10,13,813,0,_
105,0,美丽的春天,1577,556,274,234,234,3597,0,_
106,0,惜缘,1874,387,183,127,134,1275,0,_
107,0,用户322199156455,12,64,1,5,9,41,1,四丁刘庄_
108,0,幽幽,521,295,36,0,0,0,0,_
109,0,可可,210,152,24,49,52,1224,0,_
110,0,用户5775986811138,13,283,11,1,1,437,0,_
111,0,梅,556,397,111,14,21,2889,1,梅_
112,0,野肆灬丿,0,226,0,0,0,446,0,_
113,0,渴望,19491,423,429,749,753,17069,1,62年，虎_
114,0,用户9527748230312,36,64,20,3,4,198,0,_
115,0,大阳葱,0,163,4,0,0,353,0,_
116,0,珍,0,322,6,0,0,1081,1,快乐生活_
117,0,荷花,0,1438,13,0,0,11256,1,我叫李淑清，今天74岁非常喜欢斗音_
118,0,用户6870215863824,207,3578,665,2,4,23903,0,_
119,0,随风2020,2,99,2,2,2,22,0,_
120,0,雷,969,904,303,91,91,670,0,_
121,0,用户6281657955449,0,1963,1,0,0,2794,0,_
122,0,漂泊人,16,763,67,0,0,0,0,_
123,0,俊丽,6463,1061,284,236,236,7813,1,，_
124,0,桂,0,4354,123,0,0,5916,0,_
125,0,用户6825576468822,0,4913,384,0,0,6791,0,_
126,0,用户9779603128330,0,2565,25,0,0,2818,0,_
127,0,幸福着,0,107,5,0,0,709,0,_
128,0,用户848504063,0,12,0,0,1,9,0,_
129,0,三宝,808,492,106,109,113,5019,0,_
130,0,菊,339,3403,87,27,27,8332,0,_
131,0,飞翔的 雄鹰,37041,1229,1650,94,101,21091,1,幸福是靠自己努力来的    而不是任何人给的_
132,0,紫丁香,692,2580,229,15,15,2459,0,_
133,0,carole681229,9,225,22,1,1,218,0,_
134,0,璇璇,0,1479,46,0,0,4984,0,_
135,0,用户9986085944448,0,1551,7,0,0,1456,0,_
136,0,撑死的猫224,0,1504,38,0,0,1218,0,_
137,0,永远幸福。,705,4727,161,119,119,6510,0,_
138,0,用户6703250424398,2,729,4,1,1,1514,0,_
139,0,嗳宝母婴产后护理-玥玥老师,4718,77,543,185,189,275,1,嗳宝母婴产后护理、接触母婴产后护理行业多年，不定时分享母婴护理方面知识。喜欢的加关注哦！_
140,0,我心永恒,1017,1161,106,66,67,11671,0,_
141,0,紫涵,3674,488,204,193,193,4171,0,_
142,0,芬芳,51,320,132,2,5,1429,0,_
143,0,用户3083135184023,166,662,45,19,19,52,1,小伍_
144,0,依旧美艳如花,0,2003,10,0,0,3242,0,_
145,0,用户8772517420261,6,704,28,1,1,6569,0,_
146,0,珑月,31,136,25,3,3,99,0,_
147,0,用户2099066856124菁矢伊雪,2798,232,166,70,70,14718,1,50，江苏扬州_
148,0,用户39693264,129,238,40,37,37,1787,1,潇洒妹_
149,0,笑赏千红,0,840,99,0,0,879,0,_
150,0,贵州张开心,4347,672,462,97,146,14570,1,从2019.9开始每天班事校事社会事家事还要锻炼身体_
151,0,马三👉,5819,431,886,38,38,0,0,_
152,0,用户6296289668635,0,2414,21,0,0,12967,0,_
153,0,郎骑马来,13,17,62,1,1,20,1,路遥知马力_
154,0,心动,0,1590,26,0,0,3047,0,_
155,0,用户1162161911603,0,463,7,0,0,956,0,_
156,0,万素华,141,1769,73,34,34,2243,0,_
157,0,用户2837015226493,12,284,24,2,2,800,0,_
158,0,用户3121441080292,0,3957,13,0,0,5020,0,_
159,0,永远都爱你。,0,4866,169,0,0,6980,0,_
160,0,百花仙,42015,3528,3543,249,252,210600,1,取雀斑老年斑红血丝黄褐斑_
161,0,jing@熊熊,378,136,44,59,59,1365,1,人生就是……_
162,0,大概好久,96,2099,87,2,2,4084,0,_
163,0,用户2990071080421,0,11,0,0,0,27,0,_
164,0,胡哥,25,1409,33,5,16,4424,0,_
165,0,林林哥,0,2765,46,0,0,3841,0,_
166,0,用户7201944770401,16,228,13,2,2,709,0,_
167,0,用户8721609583060,207,51,34,0,0,0,0,_
168,0,一抹阳光,3681,2877,386,214,215,6691,0,_
169,0,用户9836823985252,0,5,4,0,0,29,0,_
170,0,回忆,155,102,38,17,19,245,1,承德市，隆化县_
171,0,用户955596239887,0,2189,23,0,0,2803,0,_
172,0,张风仙,0,4327,20,0,0,4974,0,_
173,0,用户8168425696237,87,208,9,10,10,1620,0,_
174,0,用户3730276952858,0,73,2,0,0,62,0,_
175,0,暖风,19,396,36,2,2,431,1,珍惜爱自己的人！_
176,0,用户1138857465954,0,3934,116,0,0,60,0,_
177,0,用户9529047170471,0,942,2,0,0,2483,0,_
178,0,啊徐,395,204,51,17,19,2190,0,_
179,0,用户619298797272,0,20,1,0,0,51,0,_
180,0,后123+,117,156,29,4,4,3478,1,大家开心就好_
181,0,1783729384,949,3501,323,50,51,1639,1,知足_
182,0,老舟,0,157,6,0,0,1880,1,本人退休职工本人住在安徽省蚌埠市现在生活很简单美满_
183,0,用户4944709034870,0,706,4,0,0,848,0,_
184,0,用户2354654827576,0,750,10,0,0,1437,0,_
185,0,用户851802191482,13,171,12,3,3,500,0,_
186,0,猫咪,92,207,49,3,3,315,0,_
187,0,用户104738543189,0,8,0,0,0,67,0,_
188,0,清风,0,24,21,0,1,54,0,_
189,0,用户7315535237315,0,18,1,0,0,69,0,_
190,0,风向,19,365,41,1,1,0,1,三千年读史，不外功名利禄；九万里悟道，终归诗酒田园！_
191,0,叶子,0,133,2,0,0,4042,0,_
192,0,用户8519435335551,57,1234,23,8,11,1788,0,_
193,0,用户8039168889076木子,52,65,21,6,6,500,0,_
194,0,用户1597712299929,1701,3935,149,88,89,8919,0,_
195,0,"""随风。",0,24,2,0,0,543,0,_
196,0,漂在横店886,350,4183,214,102,102,8259,1,漂在横店_
197,0,用户2102604546030,0,1378,5,0,0,1886,0,_
198,0,曲日,645,306,131,14,14,4460,1,活着！就是寻求快乐！_
199,0,流星雨,0,606,8,0,0,0,0,_
200,0,用户5632274878521,0,4,0,0,0,6,0,_
201,0,用户874925082313,1,8,0,1,2,27,0,_
202,0,肖姐肖云华和肖海英,30,116,19,4,13,500,0,_
203,0,用户2322218677208,0,36,0,0,0,71,0,_
204,0,若君,0,122,6,0,0,244,0,_
205,0,tttttttt,0,749,5,0,0,9,0,_
206,0,人,19,833,28,2,2,1707,0,_
207,0,lantu,1090,563,155,97,97,448,1,在职孩子王 你成长我高兴_
208,0,钱淑英,7,316,9,1,1,1068,0,_
209,0,用户625150,0,45,33,0,0,336,0,_
210,0,江小宝,23,33,10,5,70,402,0,_
211,0,孤独剑,104,114,79,2,2,182,0,_
212,0,王桂荣,0,600,7,0,0,898,0,_
213,0,用户4575191233553,0,2074,75,0,0,0,0,_
214,0,用户4385745180482,0,4336,104,0,0,6893,0,_
215,0,一路有你知足长乐,115,142,63,7,7,675,0,_
216,0,他,0,122,20,0,0,138,1,半醉半醒日复日，花落花开年复年。_
217,0,鱼水情,13,63,20,1,1,444,0,_
218,0,用户2877265898441,0,785,13,0,0,1133,0,_
219,0,ZERO.4,0,1280,33,0,0,0,0,_
220,0,易园酒家流动饭店13323142399,41,135,15,10,11,250,0,_
221,0,你家谁谁谁,23,118,14,9,9,468,1,王雪_
222,0,用户6188605760040,0,18,1,0,0,290,0,_
223,0,野狼队,2026,1284,312,0,0,0,0,_
224,0,用户5925224039817,0,107,2,0,0,269,0,_
225,0,用户915176833371,0,1073,14,0,0,1857,0,_
226,0,用户1117692962169,0,704,5,0,0,4263,0,_
227,0,玫瑰,1137,76,35,164,165,1575,0,_
228,0,玫瑰,4585,253,171,417,423,5431,0,_
229,0,小言,0,2801,70,0,0,4917,1,一_
230,0,黑色枷锁,115,1768,234,2,2,169,1,安徽医科大学毕业_
231,0,用户9608318434700,0,1205,17,0,0,4850,0,_
232,0,七四年的虎,15271,2904,2878,87,87,12066,1,余生很贵，过好每一天，人啊只要身体健康就是最大财富，活着就是胜利，开心过好每一天_
233,0,用户6887021580916,0,102,20,0,0,1334,0,_
234,0,用户2986083118686,3,21,1,1,1,144,0,_
235,0,用户8362479720529,0,77,3,0,0,4903,0,_
236,0,用户9136939242666,1,1134,4,2,2,1654,0,_
237,0,蒲公英66,0,200,9,0,0,1851,0,_
238,0,冬辉贸易,431,4503,1178,41,49,2244,1,张家港市冬辉贸易有限公司。王冬焕_
239,0,往事随风,454,108,40,32,35,2545,0,_
240,0,爱家,24,1672,53,1,1,2838,0,_
241,0,用户481277240456,0,31,3,0,0,185,0,_
242,0,明月,361,40,47,25,25,6784,0,_
243,0,平淡生活,3541,4009,324,186,189,7481,0,_
244,0,用户6661743730409,0,61,6,0,0,721,0,_
245,0,小唐,52128,4724,8869,40,40,620,1,开发商_
246,0,烟雨矇胧,0,666,58,0,0,609,0,_
247,0,风雨丽人行,0,193,7,0,0,979,0,_
248,0,简爱i,0,23,8,0,0,64,0,_
249,0,原上草,0,12,0,0,0,27,0,_
250,0,用户8689654733633,0,441,6,0,0,2274,0,_
251,0,马二,0,2324,40,0,0,10509,0,_
252,0,大漠流沙,128,502,134,2,3,16855,0,_
253,0,用户1788438502281,0,21,0,0,0,56,0,_
254,0,良言未素,0,14,7,0,0,85,0,_
255,0,一个人啊？,6,514,20,2,2,1365,0,_
256,0,用户3121390643357,0,3193,21,0,0,5070,0,_
257,0,用户8315275620587,14,2993,15,0,58,3340,0,_
258,0,无悔一生,113,88,35,16,16,1593,0,_
259,0,用户589018950439,0,164,3,0,0,254,0,_
260,0,金🐍郎君,0,16,1,0,0,60,0,_
261,0,用户2930193983225,0,99,14,0,0,1286,0,_
262,0,用户6159914344498,0,37,0,0,0,7,0,_
263,0,用户1099574963687,0,1364,29,0,0,2348,0,_
264,0,老儿童,536,97,20,129,133,3797,0,_
265,0,用户8256217272061,0,4870,42,0,0,11160,0,_
266,0,毛豆,13808,373,388,675,681,12404,0,_
267,0,叮叮当,21,1957,12,4,5,4064,0,_
268,0,用户369944125,0,189,10,0,0,284,0,_
269,0,用户7521503113119,0,297,14,0,0,12,0,_
270,0,岁月静好。。,0,289,18,0,0,147,1,以诚代人，讲信誉度。_
271,0,汪玉荣,15,50,2,3,3,170,0,_
272,0,天池琳寳,0,1709,14,0,0,2865,0,_
273,0,用户4966259688427,46,145,20,4,4,350,0,_
274,0,二姐,0,2233,9,0,0,2637,0,_
275,0,九次元,33,253,18,17,17,1325,0,_
276,0,用户1948164527942,77,2716,64,2,2,5513,0,_
277,0,张萍,19,492,26,2,2,5694,0,_
278,0,百荷,1010,251,223,8,9,935,1,成人达己   成己为人         把爱心送给每一个人_
279,0,用户8389411874353,0,10,1,0,0,31,0,_
280,0,初心,195,145,88,13,41,550,0,_
281,0,碧海蓝鲸,1959,1309,369,146,149,2649,1,故乡的云故乡的水，云是衣服水是生命。_
282,0,向往,0,4144,38,0,0,0,1,为什么现在的人都喜欢活在虚拟的世界里_
283,0,用户桃子十李子,74,54,12,16,16,265,1,一个不经意的笑容_
284,0,水中花🌸,0,483,2,0,0,876,0,_
285,0,肖雪军,0,443,15,0,0,8798,0,_
286,0,陈代英,249,823,124,8,9,522,1,陈代英_
287,0,我饥饿游戏,0,15,12,0,0,285,0,_
288,0,微笑今天，拥抱明天,0,132,6,0,0,420,1,社会人事_
289,0,SHANSHAN →_→,10455,356,326,442,556,0,1,😄😄_
290,0,用户3704890520792,0,617,2,0,0,6620,0,_
291,0,美酒佳肴,0,66,1,0,0,82,0,_
292,0,123,0,496,24,0,0,544,0,_
293,0,用户796672492994,22,150,16,2,2,689,0,_
294,0,用户3500279843104,0,193,23,0,0,1510,0,_
295,0,陈丽丽,16,3372,86,1,1,3976,0,_
296,0,张秀丽,0,7,0,0,0,8,0,_
297,0,四哥,0,550,81,0,0,745,0,_
298,0,不要爱上,0,176,19,0,0,247,0,_
299,0,用户3622071021369,566,3060,82,32,32,4653,0,_
300,0,过了季的玫瑰🌹,1,1038,40,0,1,4513,0,_
301,0,邱邱,20,57,13,3,3,455,0,_
302,0,阿丽,142,347,120,9,9,985,0,_
303,0,执着,217,182,56,39,44,289,0,_
304,0,用户9303746967109,0,149,4,0,0,344,0,_
305,0,心雨,27,76,43,6,7,0,0,_
306,0,云重,6,71,11,1,1,477,0,_
307,0,用户1745354333544,0,4763,25,0,0,10508,0,_
308,0,小雪,0,194,13,0,0,1197,0,_
309,0,用户5964479106248,0,194,5,0,0,0,0,_
310,0,用户8607091399006,4943,656,326,77,77,6831,1,开心快乐_
311,0,梁桂华15,182,4833,97,18,18,8369,0,_
312,0,二宝宝,74,1083,80,8,8,1205,1,耐你们。  关注关注➕    点赞👍点赞👍_
313,0,小排,0,167,2,0,0,77,0,_
314,0,皮皮,0,1617,50,0,0,881,0,_
315,0,张姐,3599,345,201,242,242,7310,0,_
316,0,远方,30,1538,59,1,2,2006,0,_
317,0,珍惜,2252,404,290,0,0,0,0,_
318,0,默然,0,45,1,0,0,22,0,_
319,0,快乐大韩,0,4179,37,0,0,13206,0,_
320,0,用户1727887756212,31,232,29,5,5,813,0,_
321,0,董爷,0,118,7,0,0,294,0,_
322,0,自在如意,0,2647,90,0,0,3449,0,_
323,0,用户2216698092832,144,189,28,2,2,17507,1,._
324,0,默言,262,51,36,32,32,86,1,半生已过，阅尽沧桑，心知冷暖。_
325,0,桃花开(互),967,3868,662,20,20,165,0,_
326,0,龚,347,174,59,17,18,6671,0,_
327,0,垂帘听政,17392,1960,1538,97,100,26952,0,_
328,0,凤凰展翅飞,164,1689,82,24,24,5443,1,人生活着，有机会就去创造机会，给自己一次出彩的机会_
329,0,宸宸,49,207,33,0,0,0,0,_
330,0,谢冰,0,558,2,0,0,1661,0,_
331,0,用户7111959851860,0,2,0,0,0,12,0,_
332,0,用户92127784922,0,139,13,0,0,282,0,_
333,0,室雅人和,0,431,13,0,0,49,0,_
334,0,用户81412237,0,39,1,0,0,25,0,_
335,0,看看呗,0,4217,140,0,0,8273,0,_
336,0,Balance,0,66,9,0,0,289,0,_
337,0,用户6932179402776,0,462,11,0,0,4238,0,_
338,0,手机用户64190624660,0,50,9,1,1,74,0,_
339,0,玉石,180,2563,392,2,2,0,0,_
340,0,用户4281408149880,3,553,117,1,3,3373,0,_
341,0,嗨,54510,1616,675,667,682,170969,0,_
342,0,若不懂珍惜，何必叹无缘,91,80,16,8,47,0,1,不懂珍惜，谈何拥有_
343,0,运姣,0,576,5,0,0,1016,0,_
344,0,张永革,0,41,4,0,0,128,0,_
345,0,甜甜美美的笑,167,97,37,0,0,0,0,_
346,0,天道酬勤,0,12,4,0,0,4,0,_
347,0,用户5395834897054,0,7,3,0,0,27,0,_
348,0,独木桥,480,1486,165,10,14,20097,0,_
349,0,857开心,182,117,12,71,71,1049,1,15941582368_
350,0,风吹桂花香,33,183,52,0,2,15312,1,扬州，蒋王_
351,0,彩虹糖,262,169,52,15,15,1134,0,_
352,0,儿女双全,0,42,27,0,0,549,0,_
353,0,你不是真正的快乐,90,92,38,11,11,278,0,_
354,0,疯狂的石头,1522,451,231,40,41,2380,0,_
355,0,水仙,0,469,6,0,0,1446,0,_
356,0,用户1537855005663,0,165,2,0,0,36,0,_
357,0,邹四姐,34,64,8,16,16,326,0,_
358,0,胡学菊,393,4428,205,4,4,6151,0,_
359,0,用户2034905802243,3294,77,279,41,41,876,1,随风_
360,0,幸福快乐,312,605,49,18,19,15138,0,_
361,0,杨丽华,0,1181,9,0,0,2012,0,_
362,0,缘分,13,40,40,4,5,75,0,_
363,0,用户6085623610421,0,27,0,0,0,2587,0,_
364,0,老景,0,7,11,0,0,373,0,_
365,0,峰、,65,354,46,3,3,301,0,_
366,0,用户364259665539,218,2799,164,4,4,6060,0,_
367,0,用户1772319988070,0,49,1,0,0,342,0,_
368,0,健康就好,62,2331,85,8,10,8448,0,_
369,0,真诚的人,9768,4936,946,0,0,0,0,_
370,0,酷老太,18,181,6,2,2,84,0,_
371,0,用户4582743710877,0,46,2,0,0,241,0,_
372,0,用户2982140910574,1,433,6,0,1,2170,0,_
373,0,幸福一生,38,763,39,9,11,777,1,梦金园黄金_
374,0,用户3852249515299,0,12,0,0,0,16,0,_
375,0,用户811640109126,0,91,20,0,0,478,0,_
376,0,用户5871902976393,0,500,21,0,0,1116,1,努力_
377,0,一枕烟客,0,121,0,0,0,0,0,_
378,0,春暖花开,4024,568,475,58,59,14920,1,陈红_
379,0,怦然心动,4357,2608,627,172,174,3959,1,哥有一个老婆俩儿子，日子虽然苦，但也很幸福。没有宝马奔驰，哥开的车有六个轱辘！你有吗？😎😎_
380,0,阿楠哥,0,544,4,0,0,0,0,_
381,0,用户3999416701413,13,632,15,1,1,3200,0,_
382,0,用户7627477376136,0,22,0,0,0,1669,0,_
383,0,子妤奶奶,0,2174,13,0,0,5924,0,_
384,0,用户936737754,0,115,6,0,0,116,0,_
385,0,高手大霞,24,1863,32,1,8,2272,0,_
386,0,用户8644554299939,0,465,10,0,0,14,0,_
387,0,张景凤,1407,304,39,257,259,3530,1,凤舞九天_
388,0,这,11,318,1,3,3,122,0,_
389,0,用户6282851487625,29,3065,33,3,3,563,0,_
390,0,好人一生平安。,310,389,48,25,25,3504,1,霍海荣老妈。_
391,0,萌音草莓🍓,2659,985,110,203,205,0,0,_
392,0,琴姐姐,0,38,2,0,0,533,0,_
393,0,用户8345306671733,0,139,2,0,0,104,0,_
394,0,开心陪伴,236,1379,565,40,41,1299,1,生活就是活着。_
395,0,遥远的距离,40,21,18,17,17,208,1,你开心我快乐_
396,0,虹儿,122,23,25,23,23,214,0,_
397,0,你好,64363,4954,2405,1102,1104,73190,0,_
398,0,用户5006701611851,0,96,1,0,0,149,0,_
399,0,云,145,3618,65,9,9,9120,0,_
400,0,望姐,3888,4255,1255,70,70,6344,0,_
401,0,用户5248304721360,0,35,2,0,0,213,0,_
402,0,凉白开,310,110,35,11,11,475,0,_
403,0,用户7788637036613,0,103,3,0,0,672,0,_
404,0,一生缘,0,1646,58,0,0,1958,0,_
405,0,赵二姐,83,61,39,6,6,461,0,_
406,0,用户8062381923967,33,65,14,5,6,453,0,_
407,0,如梦初醒,101,115,30,0,4,26876,0,_
408,0,风儿,304,505,175,14,14,701,0,_
409,0,用户8401556301901,0,207,6,0,0,311,0,_
410,0,相遇👫 珍惜💑,228,123,105,0,0,0,0,_
411,0,一分钱的爱,1120,4385,410,50,50,5364,0,_
412,0,老高,146,72,51,8,8,2037,0,_
413,0,灰太狼,371,86,89,15,15,135,0,_
414,0,I＇m半兽人,0,247,14,0,0,344,0,_
415,0,用户4800520283084,0,17,2,0,0,34,0,_
416,0,赵翌茗,213,564,208,10,11,1040,0,_
417,0,简单,403,471,79,29,30,1781,0,_
418,0,郤,0,134,11,0,0,402,0,_
419,0,0000000,0,93,1,0,0,0,0,_
420,0,恰似你的温柔,0,3,0,0,0,3,0,_
421,0,用户6301590741314,23,153,15,3,3,89,0,_
422,0,手机用户723848830zf,377,240,38,46,46,5018,0,_
423,0,开心就好,13021,3710,2231,98,98,24296,1,喜欢唱歌的宝宝们进来哦！😁_
424,0,榕,1567,98,125,164,164,3034,1,乡愁_
425,0,佛心善缘,0,96,12,0,0,224,0,_
426,0,人间仙翁,266,47,28,30,32,420,1,人间仙翁，太安，满庄，太阳部落_
427,0,八月桂华香,0,6,3,0,0,31,0,_
428,0,用户8923159821347大爱无疆,0,164,11,0,0,1273,0,_
429,0,用户43700679,1,40,3,1,1,588,0,_
430,0,用户5148387390388,0,66,23,0,0,59,0,_
431,0,用户：快乐丽君2135694144201,86,41,12,26,26,470,1,怎么开心怎么过，心态好，人就美😀🙏💃_
432,0,动,0,1452,171,0,0,8615,0,_
433,0,阿莲,0,23,9,0,0,40,0,_
434,0,红马,33,136,20,3,3,60,1,退休闲人_
435,0,用户1998637211648,0,45,2,0,0,28,0,_
436,0,用户416695754340,0,111,1,0,0,68,0,_
437,0,用户9033880122631,0,55,7,0,0,48,0,_
438,0,秀珠,0,207,2,0,0,441,0,_
439,0,用户5317364197658,0,28,2,0,0,59,0,_
440,0,用户1636635321192,0,240,46,0,0,0,0,_
441,0,用户5305181120382,0,40,2,0,0,178,0,_
442,0,小可爱,0,27,16,0,0,317,0,_
443,0,珠,1,785,50,0,0,0,0,_
444,0,陈琴,570,51,98,31,37,903,0,_
445,0,你的萍哦,408,38,143,7,7,346,1,💀_
446,0,琴,0,50,8,0,0,33,0,_
447,0,快乐！,0,1952,40,0,0,2896,0,_
448,0,阳光明媚不忧伤 （拒私聊）,3722,1161,622,129,132,295,1,时间会告诉我们，简单的喜欢，最长远；平凡中的陪伴，最心安；懂你的人，最温暖。_
449,0,快乐生活,27,187,7,19,20,806,0,_
450,0,用户3990318419295,0,36,1,0,0,0,0,_
451,0,鸿@雁,0,867,15,0,0,901,0,_
452,0,小华呀,5,1009,10,1,1,1663,0,_
453,0,一生幸福,3116,4608,724,69,69,9703,0,_
454,0,小凤凤,0,55,1,0,0,13,0,_
455,0,miss张大姐,0,27,1,0,0,1,0,_
456,0,用户3865812372657,16,560,13,2,2,22,0,_
457,0,lyc,1272,283,89,162,163,1585,1,1949年的牛_
458,0,用户1495864507720,0,67,4,0,0,141,0,_
459,0,阳光谷,8,301,49,1,1,77,0,_
460,0,汪紫萱,0,1031,110,0,0,192,0,_
461,0,许哥,0,4,0,0,0,1,0,_
462,0,扎心了。,3,672,9,1,3,781,0,_
463,0,黑龙江省子淳经贸有限公司,18,302,29,9,9,23,1,子淳稻花香米，珍珠香米，子淳黑土地非转基因豆油，子淳玉米油，子淳葵花籽油！_
464,0,用户2358736485670,0,57,3,0,0,720,0,_
465,0,天天都是好日子,0,119,12,0,0,396,0,_
466,0,小雨，😀,2071,49,58,197,197,0,0,_
467,0,仙风道骨18,0,1527,38,0,0,33,0,_
468,0,清清,4160,2245,568,132,132,3332,1,无需向人人都解释，不必对事事都关心！呵呵，努力做好自己！_
469,0,一只小母狗🐶,221,851,110,54,54,0,1,往事不回头余生不将就_
470,0,确认过眼神🙄,0,1067,25,0,0,1035,0,_
471,0,婷婷,0,285,0,0,0,0,0,_
472,0,上善若水,23269,4958,5027,330,339,21688,1,互相关注！喜欢运动健身，跳舞，唱歌，活到老学到老，好好享受生活！_
473,0,开心,0,84,131,0,0,349,0,_
474,0,A妙音,0,2155,71,0,0,4503,0,_
475,0,用户8056526168538,0,1030,4,0,0,1847,0,_
476,0,喻五元,0,306,7,0,0,427,0,_
477,0,用户7163427569831,0,95,20,0,0,453,0,_
478,0,奶茶萌希🍮🍰☕️(≧∇≦)/,35,66,26,6,6,154,0,_
479,0,用户3071418179360,0,47,0,0,0,139,0,_
480,0,李二孃,366,1233,179,9,9,4120,0,_
481,0,云朵,6,153,7,3,4,453,0,_
482,0,用户5625337303764,0,79,7,0,0,71,0,_
483,0,树叶,21,3847,56,1,1,4546,0,_
484,0,用户557610997251,0,404,5,0,0,936,0,_
485,0,阳光,443,101,74,0,0,0,0,_
486,0,用户5173320608203,0,35,2,0,0,132,0,_
487,0,老袁,59,370,21,14,16,945,1,你不能做我的诗_
488,0,用户2399452673035,0,322,7,0,0,2439,0,_
489,0,用户8222376296832,37,1678,23,2,2,2814,0,_
490,0,相敏,2381,433,197,112,112,2542,0,_
491,0,漠视,3336,1156,496,94,95,1245,1,不求赞，求关注_
492,0,用户2533735040910,0,680,4,0,0,3998,0,_
493,0,顺心,3,177,8,1,1,1363,0,_
494,0,用户2676881452225,0,10,0,0,0,199,0,_
495,0,果果她奶,52,89,26,9,9,663,0,_
496,0,管云淑,0,65,8,0,0,582,0,_
497,0,幸福快乐,99,2372,39,5,5,2698,1,家和万事兴_
498,0,用户2137975966831,0,1863,11,0,0,4107,0,_
499,0,做个坚强的女人,0,3188,122,0,0,2023,1,linda_
500,0,小芬芬,188,1521,36,15,16,11372,0,_
501,0,用户21097800,14,71,3,2,3,190,0,_
502,0,飞得更高,589,108,275,12,12,1296,1,曳步舞，有喜欢的吗？_
503,0,花好月圆,1248,399,94,91,92,6977,0,_
504,0,用户349456939869,0,10,1,0,0,42,0,_
505,0,朋友,14,116,8,5,5,493,0,_
506,0,化茧为蝶，美人为限,1,42,6,0,1,390,0,_
507,0,用户4738896274005,0,66,1,0,0,1368,0,_
508,0,赵德方,609,1835,166,12,12,5959,0,_
509,0,宋朝,222,282,53,25,25,5414,0,_
510,0,牛牛,189,118,68,9,9,119,0,_
511,0,用户4240237776408,0,43,17,0,0,96,0,_
512,0,嘟嘟奶奶,0,182,24,0,0,854,0,_
513,0,用户3432647083150,0,474,18,0,0,403,1,一切唯心造_
514,0,用户7033977973,0,206,7,0,0,2010,0,_
515,0,狼🐺爷,107,4904,165,0,0,0,0,_
516,0,用户2576040294241,15,542,11,2,2,921,0,_
517,0,广场舞奶奶,0,122,6,0,0,639,0,_
518,0,用户9000936222191,2,144,5,1,2,692,0,_
519,0,用户9871135551252,0,8,0,0,0,0,0,_
520,0,悠悠小山菊,0,13,0,0,0,0,0,_
521,0,心悦&平安,58,756,62,9,9,290,0,_
522,0,哈哈哈,0,197,3,0,0,995,0,_
523,0,余,353,2553,221,8,8,4354,0,_
524,0,用户9050247001145,0,47,4,0,0,886,0,_
525,0,用户6666616932944,0,1388,24,0,0,3280,0,_
526,0,用户7095186951788,36,934,60,4,5,2475,0,_
527,0,用户2612779508265,0,13,2,0,0,20,0,_
528,0,用户6529853183969,0,1884,15,0,0,3826,0,_
529,0,用户647440,102,2593,621,12,14,3861,0,_
530,0,完美,0,581,19,0,0,2593,0,_
531,0,晋台楼月,387,750,163,11,14,1654,0,_
532,0,秦岭,51,177,13,13,13,2060,0,_
533,0,世代防水材料,0,189,6,0,0,2,0,_
534,0,春暖花开a,119,81,22,21,22,164,1,虽然我不是很完美，但我要努力去做。_
535,0,坦然淡然,404,395,118,15,17,1124,0,_
536,0,平安一生,30,66,30,2,2,1753,1,知足者长乐_
537,0,橙子奶奶,0,2434,23,0,0,4741,0,_
538,0,茉莉花香,97,700,23,9,9,1805,0,_
539,0,我就是我123456,0,24,4,0,0,127,0,_
540,0,现实大过虚伪,64,45,30,15,15,114,0,_
541,0,用户4451140036737,0,44,10,0,0,131,0,_
542,0,沉默是金,86,1173,92,4,5,2777,0,_
543,0,用户7502647883003,188,4988,76,9,9,7370,0,_
544,0,用户8579204223916,2478,429,129,274,274,4273,0,_
545,0,辛芳臣,0,3170,115,0,0,6686,0,_
546,0,岁月,211,3131,125,16,16,5512,0,_
547,0,赌神,297,2155,221,15,17,4852,1,代县聂营镇聂营村人北街初中毕业生_
548,0,用户1098915256221,0,2708,23,0,0,5299,0,_
549,0,冰天雪地,226,170,48,10,12,826,0,_
550,0,啊芳,21,49,24,3,4,3441,1,大家好我来自广西平南大安农村啊芳_
551,0,用户7710054715269,0,4616,28,0,0,5579,0,_
552,0,玖悦,15251,3407,680,195,195,0,1,致虚守静_
553,0,用户1880594039609,0,3038,44,0,0,3515,0,_
554,0,辽阔耐,0,185,11,0,0,1105,0,_
555,0,亮剑演讲与口才——王老师,168,909,184,47,50,875,1,演讲、演唱、配音、朗诵，有喜欢的朋友一块探讨。👏👏👏_
556,0,畅享KTV,2746,506,215,0,0,0,0,_
557,0,用户4364047834359,0,1,0,0,0,3,0,_
558,0,贝贝精品男裤,1606,141,195,51,54,1597,1,经历了岁月的洗礼，看淡了人生，只希望把最好的玉，找到它真实的主人！只做大自然的搬运工_
559,0,用户3094812467860,11,133,22,1,2,2204,0,_
560,0,用户2107484543929,0,100,9,0,0,2789,0,_
561,0,坚持,4,15,52,2,2,32,0,_
562,0,用户4743104747778,14,462,10,2,2,1002,0,_
563,0,梦想故事,84708,4923,7404,378,379,52902,0,_
564,0,美,79,101,94,1,1,1757,0,_
565,0,刘付云,480,92,42,42,47,5304,0,_
566,0,彩云追月,49,149,46,4,5,414,0,_
567,0,暗香2121,0,92,10,0,0,419,0,_
568,0,用户6804503811331,0,507,33,0,0,312,0,_
569,0,用户5470455333029,0,319,23,0,0,295,0,_
570,0,太平成立,0,3149,74,0,0,9837,0,_
571,0,亨利达传动轴,0,115,3,1,1,306,1,专业生产各种型号传动轴，联轴器！！_
572,0,丞&涵,36,182,71,9,10,1537,0,_
573,0,用户3646267185952,0,598,0,0,0,766,0,_
574,0,汪yz666,2,42,7,1,1,266,0,_
575,0,用户4575071573337,49,39,27,5,5,252,0,_
576,0,厚得载物,143,356,128,83,83,146,1,翠爱一生  珠宝平安_
577,0,李萌龙,85,1525,59,14,14,7581,1,齐齐哈尔大学_
578,0,小飞侠‘,11553,930,370,0,0,0,0,_
579,0,用户9765660869024,7,117,56,0,2,784,0,_
580,0,叶子,0,28,4,0,0,64,1,俺老懒，啥也不想说！_
581,0,羊一永盛,0,8,0,0,0,0,0,_
582,0,向日葵🌻,0,1950,30,0,0,6676,0,_
583,0,花开满园,1892,268,173,62,63,939,0,_
584,0,用户7233558712385,0,4097,103,0,0,7968,0,_
585,0,宝贝,94,37,20,29,29,192,0,_
586,0,元初,0,97,7,0,0,815,0,_
587,0,聖旨龍男装,349,821,83,92,92,4562,1,聖旨龍男装赵阿娟_
588,0,奋勤,0,1236,47,0,0,2763,0,_
589,0,1263946913,56,592,114,3,3,4050,0,_
590,0,随风去旅行,58,16,50,11,11,6694,0,_
591,0,用户6966575200285,0,1,0,0,0,3,0,_
592,0,用户4974007476144,73,2675,4,17,17,3246,1,人生如梦，_
593,0,已重置,533,413,117,43,43,776,0,_
594,0,用户8945815749281,0,15,0,0,0,27,0,_
595,0,用户799888629591,0,15,0,0,0,64,0,_
596,0,开心每一天,0,168,19,0,0,16079,0,_
597,0,轩奶,60,1369,43,4,4,3311,0,_
598,0,💥,0,19,3,0,0,79,0,_
599,0,G_or,0,255,51,0,0,4003,1,沙雕本人😍😍_
600,0,1536466,0,60,10,0,1,843,0,_
601,0,用户7323706699412,30,1602,99,1,1,3136,0,_
602,0,路小杰子,0,8,1,0,0,38,1,任学红_
603,0,用户2053489121851,0,2649,100,0,0,3965,0,_
604,0,大熊🐻,0,56,20,0,0,322,0,_
605,0,XⅩⅩ,24,1214,24,1,1,3102,0,_
606,0,用户397057391345,6,695,10,0,0,0,0,_
607,0,闲庭信步,0,46,1,0,0,97,0,_
608,0,2924196.109707,191,150,42,39,41,649,1,你潇洒，我漂亮。_
609,0,香梦儿,299,5000,641,3,3,11576,0,_
610,0,刘洪珍,0,22,6,0,0,2494,0,_
611,0,無语,1223,4985,120,6,77,90943,0,_
612,0,用户3319580404465,0,30,5,0,0,494,0,_
613,0,璐璐,1735,3518,224,90,96,33940,0,_
614,0,用户8937247727583,0,39,4,0,0,2040,0,_
615,0,…,2,99,36,0,1,696,0,_
616,0,晓燕,318,191,129,5,6,30702,1,彭水_
617,0,我是一片云,540,663,135,2,2,2141,0,_
618,0,桂花,117,4330,109,2,2,8448,0,_
619,0,快乐,73,2684,38,5,6,7105,0,_
620,0,张奇丽,1049,33,109,24,24,3246,0,_
621,0,云淡风轻222,170,619,84,3,3,4111,0,_
622,0,用户1111074605335,0,2625,4,0,0,0,0,_
623,0,天天快乐139643,127,1113,39,15,15,2762,0,_
624,0,用户7091759708104,0,2819,14,0,0,867,0,_
625,0,用户2217763871920,0,1795,14,0,0,4857,0,_
626,0,惠,5131,4817,1057,59,60,11476,0,_
627,0,。。。。,0,54,4,0,0,226,0,_
628,0,油菜花开,77,755,43,7,7,3085,0,_
629,0,微风依依,0,129,44,0,0,58,0,_
630,0,水若,21,46,7,4,4,381,0,_
631,0,用户310618303923,111,61,38,3,3,438,1,永远快乐_
632,0,用户1944628685335,14,64,8,2,2,591,0,_
633,0,人间温暖,378,3744,157,7,8,5114,0,_
634,0,用户3317614166293,0,13,0,0,0,0,0,_
635,0,',21,31,16,11,11,55,1,！_
636,0,用户4037500225719,1,19,1,0,20,472,0,_
637,0,用户6453724947438,0,4,1,0,0,20,0,_
638,0,邂逅风雨中925,341,1949,493,5,5,8173,0,_
639,0,明月,382,193,115,18,18,2342,0,_
640,0,用户4839118327695,3,196,27,1,1,485,0,_
641,0,用户5709534746054,41,436,33,4,4,13450,1,0_
642,0,用户3141969229224,69,1259,38,8,8,2176,0,_
643,0,苏苏,3,24,5,0,0,0,0,_
644,0,樊樊樊,59,671,25,5,5,2573,0,_
645,0,用户6527666656070,6,39,21,1,1,313,0,_
646,0,用户72104765677,0,151,32,0,0,274,1,阿杜_
647,0,勇往直前369,351,576,46,29,29,7746,0,_
648,0,用户4186288405752,0,30,16,0,0,1559,0,_
649,0,用户5291955515883,0,1344,5,0,0,1524,1,贺秋枝_
650,0,淡然一笑,7,140,17,1,1,83,0,_
651,0,用户8440204282100,0,3027,61,0,0,8586,0,_
652,0,梧桐雨,1246,220,121,32,34,3825,0,_
653,0,青春在变老,958,281,116,51,51,4511,0,_
654,0,用户5159251826634,0,167,16,0,0,2030,0,_
655,0,河上渔夫,0,149,25,0,0,408,0,_
656,0,李家老果店,75,3950,413,1,3,5829,0,_
657,0,任玉娟,0,821,30,0,0,4918,0,_
658,0,用户1191441844167,0,386,13,0,0,863,0,_
659,0,honey ,3,40,24,0,1,735,0,_
660,0,用户7122895990201,0,93,0,0,0,272,0,_
661,0,na娜娜娜,0,109,15,0,0,18639,0,_
662,0,敏捷,5,37,12,1,1,0,0,_
663,0,用户9223507472673,0,496,24,0,0,18220,0,_
664,0,仔仔奶奶,3456,449,404,73,74,11780,0,_
665,0,哲哲,1793,192,198,263,263,1971,0,_
666,0,三姐,0,2511,183,0,0,10728,0,_
667,0,阿翔,6837,4562,1560,76,80,1375,1,鄙人热爱文学，喜爱书法，超爱写作，极爱言语，酷爱舞蹈，但无一建树；鄙人勤于思考，勇于探索，忠于职守，谨于言行，致于良善，且抱扑守拙_
668,0,美,16,51,7,3,4,167,0,_
669,0,用户9124970048983,0,331,3,0,0,1423,0,_
670,0,张杰的小星星,0,8,3,0,0,481,0,_
671,0,旷野一棵树,0,28,3,0,0,620,0,_
672,0,用户6529762938750,0,17,3,0,0,213,0,_
673,0,用户3481467176352,0,198,2,0,0,551,0,_
674,0,用户5122710659619,4,505,8,0,0,1646,0,_
675,0,风,83,78,31,8,8,1158,0,_
676,0,金芝超市,0,7,12,0,0,41,0,_
677,0,用户4568275989739,0,4444,72,0,0,5479,0,_
678,0,英,0,85,2,0,0,98,0,_
679,0,会,232,23,70,22,22,101,1,平平淡淡就好✌✌✌_
680,0,用户3490184796056,0,35,2,0,0,83,0,_
681,0,用户2298064013720,0,83,15,0,0,223,0,_
682,0,用户1451845500088,0,10,4,0,0,163,0,_
683,0,英,0,371,19,0,0,153,0,_
684,0,用户853708343097,0,2216,26,0,0,3612,0,_
685,0,雨樱,0,46,12,0,0,838,0,_
686,0,张子腾,131,311,45,36,36,1520,0,_
687,0,sans,18,1897,32,3,3,7339,0,_
688,0,用户1892416886551,0,92,8,0,0,280,0,_
689,0,老佛爷1945,0,440,6,0,0,1474,0,_
690,0,美美,402,1461,63,53,53,3758,0,_
691,0,用户2224977046296,12,44,14,1,1,108,0,_
692,0,幸福家庭,52,2196,33,3,3,2517,0,_
693,0,幸福，女孩💔💔💔,747,4705,101,0,0,0,0,_
694,0,鸣人教你螺旋丸,0,34,2,0,0,1071,0,_
695,0,小霞,0,28,5,0,0,50,0,_
696,0,用户2051365043084,0,30,7,0,0,13,0,_
697,0,幸福人生💃🍷,282,167,49,31,31,827,1,知足常乐_
698,0,用户7569558218023,2420,100,47,286,286,2329,0,_
699,0,用户4654780723779,0,7,0,0,0,8,0,_
700,0,时光倒流,0,415,37,0,0,1114,0,_
701,0,用户1589839349562,1,67,5,0,1,114,0,_
702,0,金秋十月,0,523,56,0,0,956,0,_
703,0,ssln1314,96,110,50,0,0,0,0,_
704,0,王尧奶奶,75,2230,71,2,2,9259,0,_
705,0,Lfszzbb,245,1323,161,9,10,68,0,_
706,0,王太碧,1,1068,72,0,0,1496,0,_
707,0,w💃️,9,75,10,4,4,194,0,_
708,0,拾染—Eternal,0,40,3,0,0,61,0,_
709,0,用户760196475101,243,269,76,21,21,517,0,_
710,0,用户8296060278726,0,53,1,0,0,1821,0,_
711,0,用户9325568983836,0,411,22,0,0,2087,0,_
712,0,用户7265393960341,1086,2153,135,46,47,4694,0,_
713,0,wanjun,0,81,1,0,0,21,0,_
714,0,清水百合,13,102,17,3,4,1250,0,_
715,0,差点心动,77,396,37,30,30,3808,0,_
716,0,用户9897180773290,94,189,18,27,27,2688,1,重复bvuvq.hz744<－biubiu－⊂(`ω´∩)_
717,0,跟着我走,1170,4174,211,23,23,6016,0,_
718,0,逗你玩,0,7,7,0,0,100,0,_
719,0,小唐,584,152,112,10,10,1297,0,_
720,0,已重制,2,25,8,2,2,149,0,_
721,0,用户2058215384333,0,103,13,0,0,993,0,_
722,0,芬,1411,235,153,31,36,5276,0,_
723,0,用户8422806396372,11,512,11,1,2,680,0,_
724,0,用户2802347679456,68,95,21,9,9,340,0,_
725,0,葵花,0,1265,19,0,0,1640,0,_
726,0,老鼠群，狮子,901,1427,520,4,4,5079,0,_
727,0,用户6298790334171,0,89,3,0,0,157,0,_
728,0,老学生,0,774,3,0,0,1142,0,_
729,0,李旭阳,472,168,80,12,12,2445,0,_
730,0,善缘,0,90,6,0,0,64,0,_
731,0,静雅,52,3475,55,2,2,5391,0,_
732,0,时间的流逝,0,164,1,0,0,921,0,_
733,0,高兴林,0,8,0,0,0,49,0,_
734,0,木霖森101,20,557,39,0,2,1012,0,_
735,0,（●＾o＾●）🐶❤️🐶,2,4,5,1,1,77,0,_
736,0,用户2062496966475,0,63,4,0,1,230,0,_
737,0,尚尚,279,3228,162,6,6,9508,0,_
738,0,一杯清茶敬风尘,25421,275,614,306,306,24496,1,做君子老被小人算计，做小人又狠不下这个心，于是我选择做个普通人，时而奸诈，时而坦荡，时而木讷，_
739,0,八月桂花,826,232,56,106,111,4526,1,，@_
740,0,四铺流动饭店,46,22,22,6,6,134,0,_
741,0,雪之韵,57,256,73,4,5,256,1,静以修身，俭以养德_
742,0,用户1878752266978,0,11,3,0,0,275,0,_
743,0,泉水,9,37,19,1,1,821,0,_
744,0,Lost ＆Stumble🍃,17,3591,63,0,3,22563,0,_
745,0,用户4450866470786,0,276,1,0,0,75,0,_
746,0,流行,0,381,34,0,1,614,0,_
747,0,珍珍,54,17,79,4,4,578,0,_
748,0,岁月静好,67,1755,74,8,8,3736,0,_
749,0,Tt,122,140,38,11,11,744,0,_
750,0,老葛,0,416,31,0,0,3688,0,_
751,0,用户2990237578280,1475,1061,134,84,201,2628,1,雨后彩虹_
752,0,用户6454701830151,0,153,13,0,0,342,0,_
753,0,老董,174,3434,67,9,9,9607,0,_
754,0,用户3889323654晚秋150,3630,245,211,113,113,810,0,_
755,0,用户2850232192059,0,33,4,0,0,87,0,_
756,0,用户9040035415820,0,971,7,0,0,1884,0,_
757,0,廉元生,92,46,31,8,8,165,1,本人喜欢音乐舞蹈，唱歌，在有生之年快乐的老去，度过晚年。_
758,0,ZYL,0,422,13,0,0,0,0,_
759,0,用户451499866363,111,159,38,9,9,1669,0,_
760,0,苦海人生,646,582,107,42,42,2907,1,1871812617_
761,0,用户7527223223691,0,3818,41,0,0,4687,0,_
762,0,❀༺甜甜༻❀,25,1073,45,3,3,0,1,哈喽，大家好！_
763,0,文艺老陈,631,227,91,29,29,2337,1,开心每一天_
764,0,用户1049772871361,0,119,14,0,0,386,0,_
765,0,用户6973085208708,0,1343,12,0,0,2035,0,_
766,0,用户1625733983995,0,2996,7,0,0,12312,0,_
767,0,赛罗奥特曼格丽乔奥特曼,38,247,22,13,18,1552,1,我是12岁_
768,0,淄博恒驰建筑安装工程有限公司,344,4794,632,4,5,4012,0,_
769,0,手十八,57,887,42,7,7,1252,0,_
770,0,光@,293,574,33,125,127,1147,0,_
771,0,雨下的樱花_93250,1743,2025,83,264,265,2512,0,_
772,0,新丽港,9,135,32,1,2,108,0,_
773,0,女大王大大王,0,173,2,0,0,653,0,_
774,0,曹秀兰,0,100,5,0,0,2425,0,_
775,0,诗人.,28,666,43,2,4,29845,0,_
776,0,我爱我家,0,255,18,0,0,943,1,山西新绛县_
777,0,万老板,140,270,34,12,12,768,0,_
778,0,用户2928660395163,0,8,3,0,0,0,0,_
779,0,那马支格,0,707,123,0,0,2134,0,_
780,0,用户3373129146696,0,13,2,0,0,56,0,_
781,0,。。。,0,99,5,0,1,995,0,_
782,0,用户4758136745160,9,30,19,1,1,81,0,_
783,0,红灯笼,16,903,18,1,91,3495,0,_
784,0,用户8687394589276,0,26,0,0,0,87,0,_
785,0,用户319840692,54,181,45,2,4,1569,0,_
786,0,用户6605139199701,0,1945,23,0,0,2687,0,_
787,0,平安就好,74,616,11,13,13,905,0,_
788,0,用户7304987560241,0,3092,36,0,3,5247,0,_
789,0,用户1425767109558,1,244,56,0,1,299,0,_
790,0,几个！,299,307,74,11,11,7413,0,_
791,0,往事尘封,2513,225,113,134,134,3913,1,走自己的路，让别人说去吧'_
792,0,我是霸波奔,0,3325,23,0,0,3287,0,_
793,0,花开富贵。,0,1680,48,0,0,1865,0,_
794,0,桂莲,915,3724,86,130,130,11813,1,莲的抖音_
795,0,HangTianJZ,13,2046,63,1,1,1756,0,_
796,0,用户2653317668036,76,36,29,2,2,434,0,_
797,0,用户4114687447308,4,13,3,3,3,47,0,_
798,0,全职奶奶,1348,113,57,136,142,2431,0,_
799,0,小雨~大雨,0,751,7,0,0,19113,0,_
800,0,用户2238773184487幸福安康,4,163,10,3,3,816,0,_
801,0,杨桃,2,160,7,1,2,164,0,_
802,0,用户5131367957121,41,2604,56,2,2,3672,0,_
803,0,哦给您,107,161,29,27,35,177,0,_
804,0,用户2587491849965,0,3127,17,0,0,5221,0,_
805,0,用户1404228843999,12,628,10,2,2,2817,0,_
806,0,烟雨听琴,0,521,21,0,0,1263,0,_
807,0,用户9113546443906,0,1564,14,0,1,10608,0,_
808,0,华华,899,33,32,137,137,297,0,_
809,0,用户5976099728886,0,51,7,0,0,501,0,_
810,0,huang胖胖.,8,327,23,1,1,2075,0,_
811,0,用户9717007162482,0,604,8,0,0,1298,0,_
812,0,平淡人生,801,122,24,128,128,875,1,平淡人生_
813,0,用户9172148911298,0,28,2,0,0,157,0,_
814,0,大圣.,0,1286,8,0,0,4019,0,_
815,0,乐乐奶奶,0,709,13,0,0,1332,0,_
816,0,惠兰,0,917,82,0,0,15678,0,_
817,0,用户8660132965009,0,58,6,0,0,158,0,_
818,0,用户4912623257166,0,1830,3,0,0,3015,0,_
819,0,扬扬,0,1154,40,0,0,3441,0,_
820,0,用户254859799872,0,2508,12,0,0,7630,0,_
821,0,珍珠,0,2327,16,0,0,4091,0,_
822,0,用户4738037094126,0,186,15,0,0,4919,0,_
823,0,用户5928031089253,0,441,4,0,0,1744,0,_
824,0,中国范,0,432,15,0,0,4745,0,_
825,0,快乐老人,17,184,4,5,5,917,0,_
826,0,用户8218231314958小树苗,8,56,7,3,5,310,0,_
827,0,用户3360828596068,125,514,52,5,5,2699,0,_
828,0,忍,0,81,0,0,0,98,0,_
829,0,用户9422363905318,0,37,1,0,0,120,0,_
830,0,用户7380713251909,0,3068,28,0,0,4050,0,_
831,0,夜里的梦,53,1328,57,7,7,2550,0,_
832,0,用户7897317863568,0,2087,10,0,0,3208,0,_
833,0,蜜蜂,20,2281,52,4,4,59,0,_
834,0,梦茹,2095,5001,176,94,94,9998,0,_
835,0,用户61753637339,0,163,8,0,0,324,0,_
836,0,木槿花开,22,12,34,1,1,279,0,_
837,0,用户9489579217940,0,3821,77,0,0,5522,0,_
838,0,用户9584817628620,15,279,7,2,2,2516,0,_
839,0,用户3998671589834,0,16,0,0,0,243,0,_
840,0,用户7229847932171,0,217,6,0,0,6360,0,_
841,0,蔡顺金,7,177,23,0,4,1234,0,_
842,0,用户9605989705829,0,460,6,0,0,3845,0,_
843,0,用户3176291208325,0,94,12,0,0,9598,0,_
844,0,wwll,0,1429,29,0,0,1830,0,_
845,0,用户6661226219007,204,2056,127,29,66,3668,1,为什么_
846,0,49985688,0,3137,68,0,0,4438,0,_
847,0,静…！,0,154,59,0,0,155,0,_
848,0,用户4174218242334,0,270,11,0,0,113,0,_
849,0,世豪竹业,2,111,9,1,2,849,0,_
850,0,用户8630098241010,0,3163,12,0,0,2192,0,_
851,0,赵,490,354,159,14,18,1420,1,交朋友。只交属像。属猪的🐷。属羊的。属狗🐶_
852,0,杨圣才,0,16,7,0,0,83,0,_
853,0,用户8871864940744,0,852,9,0,0,0,0,_
854,0,毛毛草,0,246,1,0,0,1138,0,_
855,0,羊羊奶奶,0,41,2,0,0,383,0,_
856,0,用户932749138575,0,48,5,0,0,575,0,_
857,0,用户7527945834115,0,195,14,0,0,149,0,_
858,0,武帝,3,12,3,1,3,33,0,_
859,0,海明,0,3847,49,0,0,10932,0,_
860,0,用户9650553862286,0,3871,10,0,0,3190,0,_
861,0,小平果,202,274,38,12,14,1815,0,_
862,0,上发,82,4430,67,8,67,5991,0,_
863,0,丶,0,451,7,0,0,3326,0,_
864,0,韩总第一,1319,1720,133,118,118,3320,0,_
865,0,开心奶奶,39,71,4,15,15,1068,0,_
866,0,艾草,0,26,5,0,0,279,0,_
867,0,用户2214002360349,0,1096,2,0,0,1547,0,_
868,0,涛声依旧@文生,202,1436,77,25,26,956,1,与君初相识 犹如故人归_
869,0,刘其纯,0,33,9,0,0,90,0,_
870,0,8,0,226,11,0,1,5139,0,_
871,0,用户4478388081510,0,1,1,0,0,5,0,_
872,0,韩小英,79,361,54,10,11,651,1,自由自在_
873,0,用户8564611750935,173,1332,44,66,68,1040,0,_
874,0,会改,296,81,46,0,0,0,0,_
875,0,星空,0,1879,28,0,1,6868,0,_
876,0,用户7768556950961,0,837,3,0,0,1069,0,_
877,0,用户8240345332432,0,954,3,0,0,1959,0,_
878,0,随缘,0,93,32,0,0,155,0,_
879,0,用户7652530710793,0,16,2,0,0,15,0,_
880,0,用户6104763754029,0,9,4,0,0,21,0,_
881,0,用户4004635616900,0,43,2,0,0,87,0,_
882,0,用户7700476438383,6,2652,22,1,1,3094,0,_
883,0,zw,0,282,8,0,0,0,0,_
884,0,梅兰,585,1577,246,11,11,3089,1,2120626626_
885,0,棒棒真棒👍,57,798,45,2,2,5429,0,_
886,0,雯雯,42,67,40,3,3,442,0,_
887,0,用户2066953144059,0,2394,10,0,0,2536,0,_
888,0,温酒斩华腾,3,141,4,0,0,0,0,_
889,0,小浩轩宝,0,692,68,0,0,951,0,_
890,0,平安是福#,43,99,26,5,5,208,0,_
891,0,李凤荣,90,664,53,5,5,3940,0,_
892,0,用户6541369576717,0,54,3,0,0,242,0,_
893,0,郭,86,35,10,27,27,54,0,_
894,0,逗妈,0,3379,24,0,0,6645,0,_
895,0,用户9287689105926,0,1394,4,0,0,2253,0,_
896,0,丽姐.com,0,4130,14,0,0,5299,0,_
897,0,用户1840822897692,0,37,8,0,0,70,0,_
898,0,王奶奶,0,2233,56,0,0,10059,0,_
899,0,平平安安,3072,89,134,84,84,0,0,_
900,0,三叶子,197,65,50,9,11,1250,0,_
901,0,王三英,102,243,18,22,22,544,0,_
902,0,幸福简单🐳,455,99,61,41,44,964,0,_
903,0,雪莲,82,384,27,0,0,0,0,_
904,0,用户4441952262956,0,72,21,0,0,4710,0,_
905,0,幸福快乐,0,637,8,0,0,949,0,_
906,0,幸福女人,0,33,0,0,0,26,1,本人1968年出生，中专文化，做过月嫂，现在做生意，卖活鸡活鸭的_
907,0,用户3247715966947,0,43,3,0,0,179,0,_
908,0,桃花仙子,0,20,7,0,0,109,0,_
909,0,梓耀奶奶,8,1103,6,1,1,4054,0,_
910,0,灰太狼,44,2556,92,5,6,5042,0,_
911,0,实话实说,12389,2469,397,0,0,0,0,_
912,0,陈,9,133,35,1,1,281,0,_
913,0,用户7262051776281,0,808,4,0,0,935,0,_
914,0,吴,162,1200,74,32,32,2059,0,_
915,0,用户4784281074213,0,314,18,0,0,4389,0,_
916,0,皮皮他爷爷,0,2198,161,0,0,0,0,_
917,0,芝士,0,926,8,0,0,1025,0,_
918,0,用户3976767734381,0,551,7,0,0,8184,0,_
919,0,豌豆 妞妞,0,836,11,0,0,9491,1,你等着_
920,0,闻婷,10,239,31,1,1,899,0,_
921,0,三旺,0,91,5,0,0,2142,0,_
922,0,大漠,134,183,29,14,18,736,0,_
923,0,喜欢下雨天,484,141,47,49,51,1837,1,开心活好每一天！！！_
924,0,用户5785479698866,0,81,2,0,0,357,0,_
925,0,用户8195485346381,0,692,47,0,0,5735,0,_
926,0,清水出芙蓉,1,48,20,0,1,47,0,_
927,0,相识有缘,0,7,2,0,0,105,0,_
928,0,靓丽花贝,0,208,4,0,0,290,0,_
929,0,dyrrkgbb4b98,0,3988,51,0,0,5661,0,_
930,0,用户4324760631536,14,15,8,14,14,63,0,_
931,0,黄凤,5,2468,20,1,1,3003,0,_
932,0,张祥群,65,275,40,6,6,2896,0,_
933,0,用户4407564267546,0,4,2,0,0,1870,0,_
934,0,梅,0,87,5,0,0,286,0,_
935,0,蔓越莓的向日葵,0,603,35,0,0,5234,0,_
936,0,用户1882537556663,66,130,33,3,4,1825,0,_
937,0,用户4839312183373,3,1855,19,0,2,4385,0,_
938,0,用户9746625859097,0,5001,8,0,0,5406,0,_
939,0,幸福的玫瑰,580,879,258,12,12,647,0,_
940,0,用户3837807435002,1,2447,12,0,1,3078,0,_
941,0,用户9297169694723,0,924,7,0,0,1267,0,_
942,0,用户6878343863117,0,1334,7,0,0,1524,0,_
943,0,⭐逸尘️🎨,3,2959,179,0,1,710,1,谢谢你长的那么好看还关注我_
944,0,用户7588461388786,0,4578,76,0,0,13827,0,_
945,0,用户2689545180104,0,4054,20,0,0,11077,0,_
946,0,奇迹,120,198,46,5,5,0,1,冬天已经来了，春天还会远吗？_
947,0,AAAAAAA,0,75,5,0,0,84,0,_
948,0,用户1464557688057,0,178,0,0,0,1426,0,_
949,0,用户3601933415643,0,15,2,0,0,147,0,_
950,0,用户5957501924445,0,1596,5,0,0,1803,0,_
951,0,用户21353443686,0,2359,9,0,0,2755,0,_
952,0,生活就是一场修行,0,74,7,0,0,742,0,_
953,0,用户9311240898007,0,3772,23,0,0,4372,0,_
954,0,……,1,189,11,0,1,214,0,_
955,0,健康,0,1671,45,0,0,4933,0,_
956,0,张桥宴宾楼,101,184,288,4,4,2653,1,少年刀工大师_
957,0,用户9328723947683,0,1507,15,0,0,1904,0,_
958,0,用户2571531059761,40,109,13,9,9,381,0,_
959,0,君,97,2428,85,10,11,2534,0,_
960,0,鱼儿,93,119,41,5,5,3004,1,女人不狠，地位不稳！_
961,0,用户2791058122437,0,975,1,0,0,1194,0,_
962,0,燕子,0,4865,185,0,0,5748,0,_
963,0,showlokkk,0,34,14,0,0,75,0,_
964,0,大刘,0,980,22,0,0,2406,0,_
965,0,幸福快乐,0,1300,24,0,0,1984,0,_
966,0,用户761716948503,0,64,14,0,0,401,0,_
967,0,心累,2890,298,201,77,78,1387,0,_
968,0,陈月,67,119,21,8,8,733,1,😌_
969,0,用户1507458659097老李,130,1537,82,2,2,2352,0,_
970,0,用户4877470820675,0,231,25,0,0,297,0,_
971,0,浪漫一生,397,541,275,14,14,1390,0,_
972,0,四姐,0,66,21,0,0,234,0,_
973,0,三潭音乐,153,84,20,15,17,316,0,_
974,0,旺旺,120,26,18,4,4,0,1,你过来呀。_
975,0,emmm。,0,126,33,0,0,2538,0,_
976,0,用户136651306067,6842,479,195,74,79,35117,0,_
977,0,1234,0,3,1,0,0,47,0,_
978,0,扬州张大师,163,4946,316,33,35,1714,1,我是扬州张大师，抖音号:ZDS19962525221_
979,0,阿姨,473,118,66,32,32,1670,1,保持善良，温柔大方._
980,0,逝去的流年1,39,14,12,13,13,0,1,本委婉的转身   不料华丽魙墙_
981,0,用户7134492811192远航,8,138,18,2,2,108,0,_
982,0,恒恒妈,24,1052,46,3,4,1661,0,_
983,0,幸福家庭,0,26,8,0,0,155,0,_
984,0,染指英华,2854,1288,354,68,68,3748,0,_
985,0,刘大姐,8,4316,80,0,1,4646,0,_
986,0,冬天的花语,4454,720,162,153,156,24188,0,_
987,0,百合,0,110,18,0,0,0,0,_
988,0,瓶瓶罐罐,38,696,135,1,4,4114,1,开开心心每一天_
989,0,juhfixjbuzyjvinhyidk,0,65,1,0,0,0,0,_
990,0,鸟,0,4199,907,0,0,4459,0,_
991,0,豫妹,5,355,39,0,0,0,0,_
992,0,小高娘,0,1831,45,0,0,12645,0,_
993,0,翠红,5095,261,634,114,118,6908,1,开心就好_
994,0,用户7336246043645,0,22,14,0,0,131,0,_
995,0,幸福美满,473,943,92,51,52,1139,1,幸福的一家人_
996,0,昵称已重置,1043,193,62,57,60,5398,1,天天快乐，一切随缘_
997,0,春暖花开十缘%份,0,198,73,0,0,1143,0,_
998,0,用户3403231493585,0,13,4,0,0,46,0,_
999,0,平安是福,81,144,31,6,7,469,0,_
1000,0,用户1985971413607,0,663,58,0,0,4973,0,_
1001,0,英英,291,839,82,41,41,516,1,拒私聊_
1002,0,完美主义者♥海玲♥,303,236,44,72,72,376,1,做真诚的自我就ok了_
1003,0,秋高气奭,0,20,51,0,0,161,0,_
1004,0,用户7509776632183,0,1754,31,0,0,4460,0,_
1005,0,用户3120488415390,66,29,6,31,31,141,0,_
1006,0,笑看人生,4,75,16,1,1,256,1,74年的虎上有老下有小，压力大_
1007,0,明日彩虹🌈🌈🌈❤️❤️❤️,9,1801,3,5,6,9858,0,_
1008,0,陈群,1367,3030,848,96,96,5285,0,_
1009,0,龙在飞,1169,652,183,83,84,1285,0,_
1010,0,悠然,0,163,9,0,0,474,0,_
1011,0,用户8024162520274,12,334,9,1,1,393,0,_
1012,0,用户2684325441986,0,4337,12,0,0,5319,0,_
1013,0,用户379820800376,9,330,7,6,6,187,0,_
1014,0,金枝玉叶,426,3516,438,8,13,3310,1,一切靠自己，加油_
1015,0,太阳,0,2369,75,0,0,5149,0,_
1016,0,小松松,181,2088,56,15,15,2801,0,_
1017,0,钟二哥,4,3389,60,1,1,5761,0,_
1018,0,从零再来,0,58,3,0,0,132,0,_
1019,0,迪迪淘,0,113,3,0,0,70,0,_
1020,0,用户4615234603059,0,289,3,0,0,855,0,_
1021,0,用户3416672115544,0,24,7,0,0,935,0,_
1022,0,卉,550,470,83,52,52,1424,0,_
1023,0,杨,1932,326,115,88,88,2214,1,徐梅_
1024,0,牡丹,47,1109,30,5,5,3325,0,_
1025,0,珍惜,7011,916,888,159,159,391,0,_
1026,0,用户7588082325251,0,1173,19,0,0,3534,0,_
1027,0,用户491837308637,0,93,6,0,0,1596,0,_
1028,0,春暖花开富贵,0,3708,35,0,0,5605,0,_
1029,0,俊俏的老太太,0,400,16,0,0,1733,0,_
1030,0,馨香,0,2828,25,0,0,6888,0,_
1031,0,已重置,177,77,18,69,69,76,0,_
1032,0,杨幺妹,650,319,153,14,14,3199,1,个体户_
1033,0,星晨,4908,3928,2871,195,195,6624,1,没事听听别人口中的自己，这比看大片还刺激，你会发现你什么都没做，但已经演了好多版本，都是大角色。_
1034,0,万事如意,9,962,34,0,3,6736,0,_
1035,0,一身平安,22,1737,19,1,1,3306,0,_
1036,0,晓芳,898,2491,410,80,84,2175,1,我现自己做老板就是说做一份传递爱与健康的事业，游山玩水，吐吐口水，赚个薪水_
1037,0,梅竹,0,7,0,0,0,31,0,_
1038,0,H•HL,83,32,39,9,9,7,0,_
1039,0,用户7717073670923,0,24,1,0,0,14,0,_
1040,0,开开心心过一天,267,2038,86,16,16,8088,0,_
1041,0,梨,9,75,7,7,7,413,0,_
1042,0,用户2623665784177,0,222,4,0,0,253,0,_
1043,0,祝福这几个这几个,11,435,29,1,1,868,0,_
1044,0,阿杜,725,1029,187,20,21,5537,0,_
1045,0,芙蓉姐2442533243804,80,23,27,4,4,792,0,_
1046,0,漂亮美眉张云雷,0,1839,7,0,0,3650,0,_
1047,0,懂人自懂,735,2677,242,27,28,4221,0,_
1048,0,万事如意😇😇,100,3242,50,6,7,5397,0,_
1049,0,Lemon小新,90,46,13,72,73,0,0,_
1050,0,用户8880797443073,133,70,35,12,14,1367,0,_
1051,0,用户4137772189190,0,1689,2,0,0,2036,0,_
1052,0,再来一回,0,1331,79,0,0,1477,0,_
1053,0,上善若水7110062590412,1174,108,148,37,37,0,0,_
1054,0,用户1338030006755,1284,3019,205,49,49,3656,0,_
1055,0,忒远,0,13,0,0,0,36,1,无话不说，有话不谈_
1056,0,用户1003926714561,50,489,124,1,1,9765,0,_
1057,0,筷子,0,38,3,0,0,93,0,_
1058,0,用户3637042397317杨妞,69,1745,24,18,18,3195,0,_
1059,0,缘得,18,198,18,1,1,0,0,_
1060,0,微笑面对,3937,2104,1291,29,31,11923,1,四川渠县老家――板桥(李复)乡人_
1061,0,Sxh0101,0,4968,130,0,0,4481,0,_
1062,0,用户3079084436877,702,3117,513,19,19,2205,0,_
1063,0,舒明宇,41,123,9,13,13,358,0,_
1064,0,用户7772441272741,0,3159,17,0,0,3682,0,_
1065,0,老太君,0,27,12,0,0,150,0,_
1066,0,用户6481602817084,0,1110,25,0,0,1931,0,_
1067,0,一缕轻烟,0,20,2,0,0,2474,0,_
1068,0,净土,0,51,8,0,0,0,0,_
1069,0,奔跑在路上,412,568,127,64,67,1504,1,祝愿所有的朋友身体健康！_
1070,0,抖音搜索熊总,28,1326,83,3,3,2070,1,吃鸡了吗🌚🌚🌚_
1071,0,刘医生,1540,1121,201,73,73,1331,0,_
1072,0,用户2579398909486,0,1391,51,0,0,302,0,_
1073,0,上仙啊,0,40,17,0,0,567,0,_
1074,0,，，，，,0,42,7,0,0,28,0,_
1075,0,琴棋书画,0,201,11,0,0,16820,0,_
1076,0,用户1914050578398,6,136,4,5,5,639,0,_
1077,0,张丽:),7974,4096,2996,316,319,4023,1,张丽_
1078,0,用户4894262814385,0,282,25,0,0,1058,0,_
1079,0,😬️😬️,193,201,51,10,10,869,0,_
1080,0,用户5564274103461,0,77,15,0,0,145,1,风景迷人_
1081,0,亚飞,0,2405,14,0,0,2926,0,_
1082,0,用户7559006879497,2,34,5,3,3,55,0,_
1083,0,用户3827467861331金奶奶,0,469,9,0,0,4139,0,_
1084,0,娟子,2343,2580,336,156,156,10660,1,66年，南京人。_
1085,0,小丸子01，,5,1862,7,1,1,2970,0,_
1086,0,天天开心,5306,4280,1933,24,25,11859,1,女56岁初中文化_
1087,0,用户534223597157,0,37,6,0,0,24,0,_
1088,0,陈奶奶,386,399,64,13,14,1963,0,_
1089,0,美丽小可爱,361,127,70,18,28,1127,0,_
1090,0,娟好静秀,1040,1464,376,36,36,3475,0,_
1091,0,用户5594194333708,0,15,0,0,0,115,0,_
1092,0,净土,0,1622,42,0,0,1211,0,_
1093,0,用户2199317790044,0,706,8,0,0,9911,0,_
1094,0,用户9300677490151,0,4447,50,0,0,4966,0,_
1095,0,用户2221383158991,8,14,2,2,2,472,0,_
1096,0,用户8644944473153,0,1843,23,0,0,2020,0,_
1097,0,用户4265939528997,0,2766,9,0,0,8383,0,_
1098,0,GHC,0,34,0,0,0,80,0,_
1099,0,蓝色花,11,141,11,4,4,2043,0,_
1100,0,天,16,41,13,1,1,343,0,_
1101,0,用户7523308086515,0,137,12,0,0,358,0,_
1102,0,用户8460239431309,0,890,6,0,0,1553,0,_
1103,0,顾星辰,0,1181,21,0,0,0,0,_
1104,0,小平,0,843,27,0,0,219,0,_
1105,0,叼81,0,18,3,0,0,50,0,_
1106,0,用户1605805008210,0,944,43,0,0,76,0,_
1107,0,@@@@,247,431,70,84,84,79869,1,._
1108,0,李金华,30,112,26,4,11,3023,0,_
1109,0,用户9892762667771,0,4041,7,0,0,4337,0,_
1110,0,蒙面女生,0,3822,135,0,0,6674,0,_
1111,0,用户1890466385209,0,518,15,0,0,126,0,_
1112,0,芳,125,3191,104,4,4,4893,0,_
1113,0,用户636264894,18,29,4,6,6,124,0,_
1114,0,用户8383564739856(巩思甜),2349,4265,653,27,28,9854,1,三年级二班_
1115,0,鸽子飞,0,695,26,0,0,1160,0,_
1116,0,勿忘我,71,80,28,3,3,1201,0,_
1117,0,邓明兰,52,268,19,3,3,1394,1,._
1118,0,雨露清晨,157,317,20,41,41,1113,1,天天开心_
1119,0,昙花,460,62,30,63,63,424,1,微笑面对每一天。_
1120,0,用户7916694983931,1,87,2,1,1,404,0,_
1121,0,阿秀,35,78,12,6,6,331,0,_
1122,0,用户311115685369,0,2140,59,0,0,11756,0,_
1123,0,用户31008499456,0,350,22,0,0,1503,0,_
1124,0,用户9819915467967,0,776,24,0,0,229,0,_
1125,0,用户7812341456592,0,24,2,0,0,66,0,_
1126,0,用户3163423195133,255,1497,77,8,8,2528,0,_
1127,0,健康的楠儿,8,71,53,0,2,282,1,开心就好！_
1128,0,用户2029552373968,0,4613,26,0,0,13619,0,_
1129,0,俏妃本色竹纤维卫生,114,4868,213,5,6,7033,0,_
1130,0,告老还童,0,1409,27,0,2,3133,0,_
1131,0,云竹,0,36,13,0,0,22,0,_
1132,0,用户9567721584637,0,28,1,1,1,93,0,_
1133,0,陈芝连,5597,3201,1701,97,97,11213,0,_
1134,0,用户8256542126880,104,67,28,3,3,1472,0,_
1135,0,王,179,104,16,11,11,1060,0,_
1136,0,安安,0,4034,26,0,0,6862,0,_
1137,0,“薰衣草童话美@”,0,154,10,0,0,432,0,_
1138,0,用户8126054248631,149,1930,69,30,30,3149,0,_
1139,0,春兰秋菊,511,1344,204,3,3,10887,0,_
1140,0,彭彭98016一,1676,928,81,64,64,6745,0,_
1141,0,万事如意,19,142,20,3,3,424,0,_
1142,0,大诺诺,3192,436,326,413,413,2546,0,_
1143,0,守望幸福8401,149,58,37,10,10,582,0,_
1144,0,电玩小能手,304,457,27,57,57,368,0,_
1145,0,叶子,0,1734,140,0,0,2046,0,_
1146,0,給理想一點時間。,0,68,7,0,1,347,0,_
1147,0,用户2921448333351,0,122,18,0,1,1128,0,_
1148,0,顾初,105,1399,34,7,7,7104,0,_
1149,0,雨中百合,0,158,13,0,2,77,0,_
1150,0,LUTHER,1060,1153,121,0,0,0,0,_
1151,0,City,24,290,8,11,12,6672,1,我City是一个热爱生活的人_
1152,0,用户5517347795804,0,3197,18,0,0,3458,0,_
1153,0,爱英,0,21,1,0,0,204,0,_
1154,0,钻石💎💎💎,22,52,11,6,6,323,0,_
1155,0,彩虹姐姐,0,4681,199,0,0,7243,0,_
1156,0,阿荣,0,80,31,0,0,5,0,_
1157,0,阿拉小优,17,92,31,1,1,454,0,_
1158,0,崔姐,0,1898,90,0,0,8599,0,_
1159,0,澳州燕麦,95,2068,71,9,9,3538,0,_
1160,0,用户2153268484115,0,2065,96,0,0,31146,0,_
1161,0,用户9263308669407,0,3879,248,0,0,3068,0,_
1162,0,强将竹,681,2501,189,66,68,2941,1,我是强将竹木_
1163,0,杨杨杨,3,1946,35,0,8,2477,0,_
1164,0,用户1482350678605,0,4703,121,0,0,7704,0,_
1165,0,胖子,603,1109,106,80,81,1902,0,_
1166,0,哈哈哈,4,75,10,1,1,327,0,_
1167,0,吉祥如意菩提树,113,42,51,4,7,1317,1,菩提本无树。明镜亦非台。本来无一物。何处惹尘埃？_
1168,0,骄傲,0,798,15,0,0,956,0,_
1169,0,用户9848703817089,1,139,12,0,0,1486,0,_
1170,0,用户2360704002501,0,1475,4,0,0,153,0,_
1171,0,永不寂寞,77,63,28,5,5,331,0,_
1172,0,千云兮,93,39,29,14,14,779,1,心大装天下_
1173,0,豆瓣酱,0,5001,59,0,0,7353,0,_
1174,0,用户8033303320025,0,201,10,0,0,597,0,_
1175,0,张家二姐,458,59,39,55,55,425,1,張家二姐_
1176,0,用户2583114612126,0,342,0,0,0,1584,0,_
1177,0,我是你爸爸妈妈了,0,2378,22,0,0,3250,0,_
1178,0,知足常乐～,0,752,36,0,0,2132,0,_
1179,0,素真,0,2256,25,0,0,2825,0,_
1180,0,黑玫瑰,70,81,14,31,31,598,0,_
1181,0,用户8435596582103,0,3428,267,0,0,4255,0,_
1182,0,童心未泯,49,9,20,13,13,188,1,枯藤老树昏鸦，小桥流水人家，古道西风瘦马。夕阳西下，断肠人在天涯！_
1183,0,用户9856406004762,0,39,17,0,0,2144,0,_
1184,0,用户2459406506046,0,303,21,0,0,249,0,_
1185,0,用户5000876463270,45,1541,45,3,3,3309,0,_
1186,0,用户5653288101420,0,11,0,0,0,33,0,_
1187,0,用户4916039958959,193,2807,90,4,4,5774,0,_
1188,0,姑姑,0,1171,6,0,0,1877,0,_
1189,0,用户410074915136,176,4786,192,7,7,899,1,南召五朵山潇洒一生，李_
1190,0,用户3093962258684,0,1900,26,0,0,4560,0,_
1191,0,彭,0,3012,14,0,0,4288,0,_
1192,0,安莉莉,2,164,0,1,1,496,0,_
1193,0,马女士,0,955,16,0,0,1427,0,_
1194,0,用户9202556417198,0,2,0,0,0,8,0,_
1195,0,红梅,79606,5001,3119,1115,1115,129400,1,偶尔可恶，永远善良_
1196,0,用户594456775056,0,272,30,0,0,190,0,_
1197,0,bjkoigf,0,1013,39,0,0,1275,0,_
1198,0,用户5615474636064,0,15,6,0,0,65,0,_
1199,0,秋天,0,23,7,0,0,204,0,_
1200,0,郭金令,45,123,18,4,5,569,0,_
1201,0,用户1475876156268,0,2643,10,0,0,3788,0,_
1202,0,马,0,117,2,0,0,97,0,_
1203,0,丽荣,0,4675,46,0,0,5927,0,_
1204,0,漏液呵呵,50,1181,37,2,2,1959,0,_
1205,0,用户4619632295243,0,453,35,0,0,576,0,_
1206,0,老奶奶,24,965,8,2,2,4121,0,_
1207,0,用户1217023584069,100,422,21,3,3,4614,0,_
1208,0,嗯😊,0,27,23,0,0,94,0,_
1209,0,仲家大姐,1735,299,157,62,63,2401,1,往事随风_
1210,0,好心情,0,92,0,0,0,965,0,_
1211,0,用户7405803562628,138,12,16,15,15,46,1,我是一个老农民_
1212,0,用户4176015774348,26,5000,74,1,1,11928,0,_
1213,0,世珍,461,125,45,49,49,718,0,_
1214,0,陳俊浩,0,27,5,0,0,73,1,慢慢了解我_
1215,0,紫湘,132,491,35,23,23,3159,1,每天心情都不一样，和我一样的放好心情。_
1216,0,月亮🌙,3,122,5,1,1,236,0,_
1217,0,用户4030907534891,57,72,31,4,4,969,0,_
1218,0,芋泥玛奇朵,0,1314,16,0,0,2344,0,_
1219,0,李泽玉,53,2023,65,6,11,2990,1,我叫李泽玉.在惠`州工作_
1220,0,用户9689066828067,39,3118,86,1,3,5379,0,_
1221,0,快乐一生,486,215,58,19,19,7682,1,四川绵阳_
1222,0,用户9520815065269,0,16,2,0,0,1269,1,努力的人活得更自信_
1223,0,菊,0,51,7,0,0,287,0,_
1224,0,烟雨楼,15,583,78,2,3,331,1,望月_
1225,0,用户4777966251196,25,88,14,2,2,3417,0,_
1226,0,用户5634186566453,0,1647,14,0,0,3640,0,_
1227,0,牵着小怪兽去打凹凸曼。,71,146,59,5,5,105,0,_
1228,0,航,32,93,27,3,3,755,0,_
1229,0,用户2380174278724,16,78,13,1,1,265,0,_
1230,0,和友,0,4913,64,0,1,9952,0,_
1231,0,已重置,7427,4811,746,207,207,15740,0,_
1232,0,用户2061458309203,25,3110,35,1,1,3553,0,_
1233,0,陈惠珠,0,3154,125,0,0,4032,0,_
1234,0,林红,9,1357,6,4,4,3527,0,_
1235,0,user8334639091791,1463,903,258,55,60,5493,1,我河南安阳的，_
1236,0,發發公子,121,112,62,15,15,2193,1,从湘到沪转粤定居。喜欢佛山的气候。_
1237,0,老蒋,416,122,42,20,20,550,1,做一个快乐上善的人，希望把美好的时光送给大家。_
1238,0,风,281,231,78,23,23,479,1,快乐每一天_
1239,0,用户1868210374539,0,1418,22,0,0,2181,0,_
1240,0,岁月悠悠,28,51,28,1,1,371,0,_
1241,0,杨桂莲,192,3570,80,7,12,6204,0,_
1242,0,豆豆奶奶,1,558,22,0,1,1886,0,_
1243,0,用户4310303328551,0,21,2,0,0,260,0,_
1244,0,红红火火,3253,601,525,59,59,1905,0,_
1245,0,刘西光公子爷,11593,3320,547,1020,1020,44649,0,_
1246,0,用户2952025395836,0,280,8,0,0,1839,0,_
1247,0,老高。,100,163,43,11,11,717,0,_
1248,0,刘容,0,2671,29,0,0,36,0,_
1249,0,用户598301095723周德春,825,3319,289,25,25,5702,0,_
1250,0,用户1315054997579,0,1734,9,0,0,2699,0,_
1251,0,抡孔令,8,152,6,3,3,755,0,_
1252,0,兰花花,26,170,14,3,5,1925,0,_
1253,0,多友,0,11,10,0,0,23,0,_
1254,0,李廷碧,0,4097,41,0,0,3310,0,_
1255,0,南絮,14,20,27,3,3,191,0,_
1256,0,江江,160,249,18,30,31,1858,0,_
1257,0,用户1052631357356,0,1425,4,0,0,2265,0,_
1258,0,用户:勇往直前,10,142,13,2,2,837,0,_
1259,0,春夏秋冬,115,256,55,7,7,891,1,你好_
1260,0,王玉平,55,231,19,19,19,627,0,_
1261,0,香香,0,71,11,0,0,13,0,_
1262,0,小花朵,18,23,16,2,2,39,0,_
1263,0,啊啊啊啊啊啊,25,74,37,4,4,276,0,_
1264,0,苦尽甘来。,1822,443,191,37,38,10393,0,_
1265,0,柏,183,178,32,15,33,486,0,_
1266,0,陈淑全910,0,4477,28,0,0,9134,0,_
1267,0,果宝,223,39,33,16,16,467,0,_
1268,0,心灵6519,16752,4260,1987,290,297,28357,1,河北省石家庄市正定县_
1269,0,固,1659,468,124,235,235,2153,0,_
1270,0,闲聊,0,40,0,0,0,20,0,_
1271,0,随缘,18100,2616,1240,260,264,32078,0,_
1272,0,神韵,692,4251,307,36,37,18460,1,延边_
1273,0,用户5725437322395,0,1920,3,0,0,3852,0,_
1274,0,真爱永恒的,0,84,17,0,0,272,1,？？？？？_
1275,0,酒酿樱桃子,0,4644,89,0,0,9070,0,_
1276,0,用户5986210836126,0,42,5,0,0,882,0,_
1277,0,烟菲雨,0,2481,37,0,0,3245,0,_
1278,0,冬,0,278,22,0,0,1538,0,_
1279,0,罗香兰,0,876,46,0,0,1204,1,人生苦短，珍惜生命中遇见的每一个人！_
1280,0,雪柳,0,3102,77,0,0,3988,0,_
1281,0,用户5952910873006,0,1726,14,0,0,2483,0,_
1282,0,秀兰,417,1044,69,36,37,1134,0,_
1283,0,张冬兰,145,241,58,7,7,1658,0,_
1284,0,用户9702466618809,998,154,46,97,97,727,0,_
1285,0,hhh,0,65,3,0,0,354,0,_
1286,0,七姐,0,70,3,0,0,519,0,_
1287,0,平安,0,2790,20,0,0,3487,0,_
1288,0,用户1846880314033,0,1441,2,0,0,2695,0,_
1289,0,美丽姥姥,39,34,5,12,12,1912,0,_
1290,0,哒哒么,6,1481,16,1,2,3371,1,生活靠自己，过好每一天_
1291,0,爱,21,98,10,3,3,644,0,_
1292,0,用户2612661932892,0,387,18,0,0,35196,0,_
1293,0,嫣然,273,987,90,16,16,1622,0,_
1294,0,用户8956050562519,53,3671,71,1,1,6267,0,_
1295,0,祖旋,0,65,0,0,0,240,0,_
1296,0,春风飘过,0,137,41,0,0,1665,0,_
1297,0,用户8354326626455,1,2898,155,0,3,4889,0,_
1298,0,用户7280824229773,0,84,8,0,0,164,0,_
1299,0,用户7998977084239,0,2732,18,0,1,3814,0,_
1300,0,梦泪,0,71,4,0,0,105,0,_
1301,0,李小,192,443,44,22,22,861,0,_
1302,0,虫奶,0,1426,23,0,0,2955,0,_
1303,0,用户668195015冉平安,3364,3177,752,294,295,574,1,祖国你好_
1304,0,用户3222031570465,1284,1871,141,82,84,2949,0,_
1305,0,张,7491,3947,910,79,79,25453,0,_
1306,0,用户555420658,0,534,5,0,0,2487,0,_
1307,0,A合兴xxx,0,2207,29,0,0,2028,0,_
1308,0,用户7206917192122,0,1840,13,0,0,3589,0,_
1309,0,忍,29,3185,540,0,3,0,0,_
1310,0,安现,13,89,72,1,1,939,0,_
1311,0,安！,0,4670,17,0,0,3526,0,_
1312,0,用户376163462349,0,12,1,0,0,180,0,_
1313,0,香姐,0,2067,22,0,0,5164,0,_
1314,0,换个角度看世界,0,258,134,0,0,1068,0,_
1315,0,沐沐,0,17,4,0,0,269,0,_
1316,0,四宝妈妈,1011,3339,613,26,30,2000,1,身体健康就是幸福_
1317,0,一生平安,0,161,7,0,0,554,0,_
1318,0,用户6234269281046,23,34,12,1,1,617,0,_
1319,0,(>_<)似水流年,413,489,95,11,11,9388,1,新手上路，记录美好_
1320,0,继续向北,0,259,35,0,0,463,0,_
1321,0,蔡锦红,6,779,4,1,1,935,0,_
1322,0,小 阿 婷 🔺,0,7,2,0,0,22,0,_
1323,0,罗艳霞,0,75,7,0,0,898,0,_
1324,0,小土豆[PUBG],674,3512,100,0,0,0,0,_
1325,0,梅子,0,2402,29,0,0,3804,0,_
1326,0,用户6266962897425,0,735,4,0,0,934,0,_
1327,0,用户4419129973379,0,370,10,0,0,690,0,_
1328,0,婆婆的小马甲,333,52,43,134,135,38,1,在来锻炼锻炼身体吧_
1329,0,春暖花开时,264,157,58,0,0,0,0,_
1330,0,流星,358,168,51,42,42,916,1,h ll?6*88_
1331,0,用户468841,0,1462,21,0,0,1831,0,_
1332,0,用户24757631669灿烂人生,83,75,18,7,7,1376,1,b'r_
1333,0,用户46797803646,13,97,5,5,5,265,0,_
1334,0,玉兔,0,402,1,0,0,64,0,_
1335,0,用户7243855032784,0,58,4,0,0,563,0,_
1336,0,爱拼才会赢,363,94,51,28,28,5237,1,一切随缘_
1337,0,兰锦,6,85,23,2,2,953,1,喜欢笑_
1338,0,梦姐6021169501109,129,68,23,7,7,1513,0,_
1339,0,用户2291405771797,0,1662,80,0,0,2708,0,_
1340,0,快乐人生2,34,4864,100,1,2,5998,0,_
1341,0,〆 自命不凡,0,161,5,0,0,1288,0,_
1342,0,QYG935869358,81,3327,200,0,0,0,0,_
1343,0,我心幽雅,27,249,28,3,3,35,0,_
1344,0,徐邓香,14,710,11,1,1,1029,0,_
1345,0,一抹相思,2885,819,392,53,67,10986,1,53_
1346,0,面塑魏,49,350,17,21,21,127,1,传承中华非遗物质文化面塑工艺品制作。有喜欢的老铁可来图订做。_
1347,0,红茶绿茶,1497,2278,712,34,34,7679,0,_
1348,0,赋予,179,804,65,37,37,2196,0,_
1349,0,用户4189653059403,102,175,16,5,5,822,0,_
1350,0,兰花,22849,4339,3879,240,240,9863,0,_
1351,0,用户7474121319595,0,2116,28,0,0,1955,0,_
1352,0,郭珍,21,3600,47,1,1,6505,0,_
1353,0,酷九岁,3,495,12,1,1,972,0,_
1354,0,我是我,2667,2746,1228,41,41,9178,0,_
1355,0,用户1226372899525,34,1545,70,5,7,1482,0,_
1356,0,用户7514602851384,42,92,25,3,3,995,0,_
1357,0,远方的亲人,1362,4153,1125,38,39,5461,1,玻璃安装各种淋浴房安装_
1358,0,、哈喽,0,2487,87,0,0,9216,0,_
1359,0,Liu,344,889,132,26,26,999,0,_
1360,0,往昔,0,3250,43,0,0,4778,0,_
1361,0,见不得,7,19,3,1,1,39,0,_
1362,0,用户6578210823398,0,117,9,0,0,590,0,_
1363,0,用户583732213864,0,47,2,1,1,302,0,_
1364,0,开心快乐的我,0,10,2,0,0,82,0,_
1365,0,用户5501768672538,0,469,36,0,0,679,0,_
1366,0,迈迈成,0,9,2,0,0,1,0,_
1367,0,用户8753626926630,0,3,0,0,0,11,0,_
1368,0,用户2107005201506,10,38,10,1,1,435,0,_
1369,0,用户6991055992744,0,3383,38,0,0,4561,0,_
1370,0,毛哥,0,48,2,0,0,18,0,_
1371,0,““啦,0,2941,19,0,0,5651,0,_
1372,0,用户113291956890,247,165,60,21,22,928,1,你想不想到新疆来找个男朋友_
1373,0,用户4467522154756,0,39,2,0,0,87,0,_
1374,0,用户5154497446839,1726,2167,122,117,117,17477,1,喜欢画画，喜欢粉色和蓝色_
1375,0,平凡,1049,2808,92,105,450,11931,0,_
1376,0,莲英服饰百货,241,5001,265,32,46,0,1,爱生活，爱抖音！从事28-59岁年龄女装16年，诚信经营，品质保证所有商品均支持7⃣️天无理由退换货。每天更新新品，谢谢你这么漂亮还关注我！_
1377,0,刺激战场（穷奇）,34,3518,61,2,2,7203,1,找对友_
1378,0,♚梦里梦见梦不见的,0,248,18,0,0,972,0,_
1379,0,用户4437794649791,79,106,30,8,8,136,0,_
1380,0,幺妹,53,2067,75,2,2,3231,0,_
1381,0,刘明珍,1423,4823,212,77,77,7285,1,今天是梦′老师在毕节开 业。_
1382,0,无法依靠只有自己,1096,132,47,0,0,0,0,_
1383,0,快乐的猪宝宝,81,223,28,14,17,595,0,_
1384,0,爱你,265,243,56,11,12,2366,1,哈喽！我是家有三宝_
1385,0,好多东西啊,0,69,13,0,0,154,0,_
1386,0,用户4535501310074,0,388,2,0,0,5979,0,_
1387,0,释怀！,85,135,43,7,7,1403,1,释怀！_
1388,0,！！！@@,0,163,10,0,0,399,0,_
1389,0,相识是缘,2000,4745,971,92,93,11815,1,茫茫人海，相识就是缘！_
1390,0,pⅰng,0,21,4,0,0,114,0,_
1391,0,叶子,0,22,13,0,0,3157,0,_
1392,0,姑奶奶,79,243,19,5,5,1560,1,姑奶奶_
1393,0,用户6891632892108,197,965,64,24,24,1485,0,_
1394,0,用户4497435703466,0,122,14,0,0,845,0,_
1395,0,回不去的过去740,298,292,52,129,129,1930,0,_
1396,0,蔡秀琴ii0oplz,633,2628,133,43,43,4804,0,_
1397,0,用户6175966679680,0,4575,44,0,0,7561,0,_
1398,0,花香,2683,767,560,19,20,22903,1,每天能健康的活着就是幸福_
1399,0,一个受伤的胖纸,207,599,38,21,21,8339,0,_
1400,0,用户5677633909817,0,1195,16,0,1,6947,0,_
1401,0,垂钓,12,1043,84,0,1,1994,0,_
1402,0,用户6838043628206,726,2100,110,16,226,4434,1,💃开心💖快乐🏃_
1403,0,柒苏互❤️💕💖💘,91,2154,189,9,9,0,1,不喜欢的，勿喷。先点关注和小❤️❤️❤️💘💘💘💖💖💖柒苏爱，雨琦，乔英子，奶罐，现男友闺蜜是，宝藏女孩苏玖_
1404,0,施潼,255,211,48,11,12,5077,0,_
1405,0,用户2083407469326,0,3145,26,0,0,5133,0,_
1406,0,飞翔的翅膀,23,499,88,0,12,4610,0,_
1407,0,用户958030,103,106,25,23,104,245,0,_
1408,0,用户7544593274074,0,1678,4,0,0,2552,0,_
1409,0,用户9637544241385,0,4582,17,0,0,7059,0,_
1410,0,美女,47,466,30,3,5,1011,0,_
1411,0,用户5806368719210,0,157,22,0,0,2471,0,_
1412,0,翠翠,0,798,27,0,0,3273,0,_
1413,0,喜糖奶奶,0,72,5,0,0,2102,0,_
1414,0,无言的结局,606,522,499,40,40,900,0,_
1415,0,用户1994862655432,92,181,17,20,20,663,0,_
1416,0,用户1505524407357,0,1522,32,0,0,8003,0,_
1417,0,希望明天,0,55,1,0,0,201,0,_
1418,0,宁静致远,874,958,241,44,44,1054,0,_
1419,0,用户2395806276206,23,2503,7,4,4,8195,0,_
1420,0,用户8174243340197,0,3534,14,0,0,4729,0,_
1421,0,人生快乐,1525,132,113,38,40,1993,0,_
1422,0,用户6609741166800,0,77,2,0,0,189,0,_
1423,0,无限,10,2451,55,1,1,5380,0,_
1424,0,马大姐,0,1987,31,0,0,8182,0,_
1425,0,用户7799510476958,0,32,0,0,0,71,0,_
1426,0,无聊,4,64,6,0,1,176,0,_
1427,0,吉祥如意cyh,0,1999,17,0,0,3287,0,_
1428,0,晏,1579,4068,161,86,86,21724,0,_
1429,0,如此平凡,138,3928,70,13,18,7176,0,_
1430,0,用户7271382018033,781,80,48,57,57,544,0,_
1431,0,永基,0,4406,83,0,0,4828,0,_
1432,0,风雨彩虹,0,138,43,0,0,330,1,'_
1433,0,冷瞳895589163,88,263,79,14,14,1701,0,_
1434,0,付辉桂,529,4302,185,6,6,8925,1,王羽柔_
1435,0,不需要名称,0,20,3,0,0,0,0,_
1436,0,那段年华,310,64,42,9,15,0,0,_
1437,0,老太婆中的战斗机,48,3482,82,3,3,6570,1,多一些正能量，让生活更美好。_
1438,0,小童鞋~好好学,16,805,16,1,1,2014,0,_
1439,0,用户5916595182947,0,35,15,0,0,39,0,_
1440,0,兰采和,0,188,12,0,1,2362,0,_
1441,0,英8,0,620,4,0,0,1271,0,_
1442,0,延海,0,1517,27,0,0,2301,0,_
1443,0,小.可爱，飞飞@,12,250,23,1,1,805,0,_
1444,0,冬日暖阳,352,118,34,52,53,11493,1,云南普洱_
1445,0,幸福,199,2814,132,11,12,4078,1,生活講究不將就_
1446,0,？？？,1529,331,126,69,72,8863,1,我是快乐的人_
1447,0,天地缘,0,114,7,0,0,300,0,_
1448,0,用户167647031,0,400,2,0,0,9696,0,_
1449,0,用户3109796979563,0,579,42,0,0,437,0,_
1450,0,阳,0,1741,19,0,0,2097,0,_
1451,0,用户3922667730426,0,580,8,0,0,826,0,_
1452,0,淡然。,295,158,58,13,13,668,0,_
1453,0,健康平安第一,152,895,89,24,24,2099,1,健康无价🙏🙏🙏医者仁心🙏🙏🙏健康热线☎️～13573632892_
1454,0,赵新美,1173,2602,508,42,43,4144,0,_
1455,0,用户2610521704769,697,100,71,72,72,197,1,姚李明洗:澡玩的美不美_
1456,0,胡云书,190,2015,59,22,29,7733,0,_
1457,0,44954205,1742,1032,197,25,25,15674,0,_
1458,0,用户4382599769947,0,114,115,0,0,93,0,_
1459,0,天天天,0,3065,28,0,0,3933,0,_
1460,0,柠檬没她萌,0,838,2,0,0,1772,0,_
1461,0,杨建华,1083,1955,465,77,77,1097,1,晋城城区_
1462,0,66,0,3566,31,0,0,3384,0,_
1463,0,？ ！ ？,0,2293,5,0,0,4891,0,_
1464,0,用户894172603579,2,275,5,2,2,563,0,_
1465,0,博,0,250,1,0,0,529,0,_
1466,0,用户9919710340183,0,17,5,0,0,49,0,_
1467,0,新明,4,96,11,12,12,261,0,_
1468,0,用户8288855820226,166,339,35,14,14,1741,0,_
1469,0,抖几抖咯,0,144,4,0,0,158,1,刚开始哦，多熟悉下_
1470,0,英琼凤的妈妈,0,2276,34,0,0,6424,0,_
1471,0,山峡之子,114,4997,117,2,2,11569,0,_
1472,0,用户1349008118747,0,3444,33,0,0,4279,0,_
1473,0,桃英,93,1610,32,7,7,2027,0,_
1474,0,唐唐tangtang,17,299,18,1,1,586,0,_
1475,0,颖颖,6,1238,11,1,1,1712,0,_
1476,0,彭嘉豪,23,2098,30,2,2,2543,0,_
1477,0,新明,0,28,13,0,0,89,0,_
1478,0,龙卷风,0,3881,23,0,1,1490,0,_
1479,0,用户5157725911692,0,1131,7,0,0,2838,0,_
1480,0,系at,7,2228,15,2,3,2812,0,_
1481,0,马金英,223,4230,249,8,213,5820,0,_
1482,0,雨温柔的坠,0,10,0,0,0,0,0,_
1483,0,用户1682955147321,25,358,72,1,1,667,0,_
1484,0,邓小琼,0,4077,62,0,0,23973,0,_
1485,0,顺其自然……,0,33,15,0,0,1492,0,_
1486,0,伤痕,4628,748,302,179,179,8281,0,_
1487,0,垣垣奶奶,0,300,2,0,0,1022,0,_
1488,0,青青的我来了,0,4487,37,0,0,35232,1,时间过的真快_
1489,0,寒霜卧梅,137,293,57,6,7,2905,0,_
1490,0,123,32,870,8,8,8,7801,1,衡水市10岁_
1491,0,用户3472879901403,0,4,3,0,0,2,0,_
1492,0,日辰雨叚,4,208,2,7,7,103,1,喜欢唱歌，喜欢的歌想唱就唱。_
1493,0,坚强的我WLH,140,354,47,15,15,2441,1,命运_
1494,0,烟的味道,413,458,91,38,39,283,0,_
1495,0,用户5667768616076,0,13,0,0,0,31,0,_
1496,0,张其娥,623,325,122,17,19,4447,0,_
1497,0,幸福,1536,77,83,609,611,803,0,_
1498,0,七娃诞生了。,54,1034,10,8,8,3817,0,_
1499,0,2020的记忆,0,39,0,0,0,47,0,_
1500,0,与世无争,7,1135,21,1,1,2609,0,_
1501,0,用户5707501426468,0,8,1,0,0,47,0,_
1502,0,用户1787025738274,2656,1784,211,84,89,2709,0,_
1503,0,甘文英,1251,57,76,57,57,1161,0,_
1504,0,风雨,0,244,26,0,0,6274,0,_
1505,0,用户8242467584845,0,5,0,0,0,5,0,_
1506,0,好运来安,0,466,1,0,0,782,0,_
1507,0,勇哥,12,50,71,0,3,263,0,_
1508,0,高翔,267,4325,197,4,4,9300,0,_
1509,0,年年有发,14309,2117,2004,392,417,23521,1,我也姓陈_
1510,0,用户9514752343771,110,1721,70,4,4,2899,0,_
1511,0,我,0,3493,32,0,0,2872,0,_
1512,0,用户4376180587378,0,806,20,0,0,1211,0,_
1513,0,每天开心,0,3990,37,0,0,17192,0,_
1514,0,冬季华语,0,1244,7,0,0,8650,0,_
1515,0,用户8957921042890,0,949,35,0,0,7214,0,_
1516,0,完美少年,15,4306,84,2,2,5698,0,_
1517,0,糖糖糖,81,523,35,26,26,803,0,_
1518,0,高兴,73,1467,63,3,3,7542,0,_
1519,0,善良就好,317,360,113,6,9,1477,0,_
1520,0,李新,0,466,34,0,0,88,0,_
1521,0,伤不起,227,54,48,18,18,153,0,_
1522,0,冉小平,0,1373,27,0,0,1553,1,冉小平_
1523,0,用户308562304,6127,1670,575,186,295,28514,0,_
1524,0,一路上有你   远远 湾湾,6,581,5,1,1,1529,0,_
1525,0,用户9488386045653,0,70,5,0,0,27,0,_
1526,0,李文欣,84,150,29,8,8,1972,0,_
1527,0,王飞,0,110,19,0,0,33,0,_
1528,0,用户6417902887382,0,5000,607,0,0,25818,0,_
1529,0,朱小布,1,428,45,0,2,12780,0,_
1530,0,熊老虎,6302,943,424,221,221,5345,1,74年的虎_
1531,0,彭珍梅,0,4174,65,0,0,5918,0,_
1532,0,FXLF,161,745,192,40,41,872,1,我是修地球的_
1533,0,老於,0,4583,249,0,0,7152,0,_
1534,0,用户9761794987241,0,61,2,0,0,299,0,_
1535,0,zxt,0,3516,39,0,0,18361,0,_
1536,0,远方,0,752,8,0,0,1364,0,_
1537,0,用户6087142067542,0,2384,38,0,0,2675,1,l嘛尐_
1538,0,玲姐,0,1435,17,0,0,3581,0,_
1539,0,花仙,363,149,33,30,30,748,0,_
1540,0,淳湖林爷123569801,62,3042,237,8,8,370,0,_
1541,0,柠檬不檬,127,2219,41,15,15,8203,0,_
1542,0,用户7419940969953,25,784,11,2,2,1437,0,_
1543,0,大军在线,477,170,129,41,41,554,1,面向全国，服务于党建培训活动。037160101349_
1544,0,用户3491881735808,0,993,15,0,0,1298,0,_
1545,0,田,70,111,46,2,3,907,0,_
1546,0,12374636,0,43,0,0,0,525,0,_
1547,0,亿❤兆【呼和浩特】食❤品,16861,88,375,164,164,619,1,呼和浩特亿兆食客时尚，认真刺激你的味蕾……_
1548,0,拼博,4,366,29,1,1,161,0,_
1549,0,夏,255,241,47,29,29,475,0,_
1550,0,用户6451280662391,0,2313,40,0,0,9364,1,我是一平凡人，在这平台展现一下，我和我老女人相收三十年给他个敬喜吧！_
1551,0,ymz,51,2942,76,3,3,4893,0,_
1552,0,王传学,47,3202,34,3,3,4046,0,_
1553,0,刘福宜,254,847,16,25,25,7657,1,俩宝贝玩的高兴啊_
1554,0,杜,574,255,59,46,46,701,0,_
1555,0,用户5055209560196,73,159,41,4,4,308,0,_
1556,0,边立媛,0,2900,66,0,0,5698,0,_
1557,0,✨梦想起航✨,7,347,60,0,0,0,0,_
1558,0,马海霞,0,4604,369,0,0,5441,0,_
1559,0,珍,8971,841,440,45,53,15415,1,谢谢你的关注_
1560,0,dy9it7ax0w0a,57,978,32,1,76,1872,0,_
1561,0,用户4049428974208,39,4020,21,10,10,6266,0,_
1562,0,董兰菊,0,7,1,0,0,5,0,_
1563,0,一个人醉,7,13,43,1,1,168,0,_
1564,0,麻小霞,45,1198,36,14,14,4080,0,_
1565,0,赵昱诚奶奶,100,85,24,6,6,1007,0,_
1566,0,用户7040092693836二姐,118,37,15,0,0,0,0,_
1567,0,程旭,0,302,17,0,0,1355,0,_
1568,0,用户1813961530442,1,123,10,1,1,575,0,_
1569,0,用户2952303778205,0,79,0,0,0,374,1,宁静致远_
1570,0,曦月,114,62,105,2,2,0,1,小楼一夜听春雨，深巷明朝卖杏花。这个世界没什么可畏惧的，反正我们只来一次。_
1571,0,武照侠,455,528,34,77,77,3673,0,_
1572,0,倪二姐,1470,4532,166,96,97,5853,0,_
1573,0,用户7076961987790,0,3640,25,0,0,8200,0,_
1574,0,用户893387964,17,158,22,2,2,578,0,_
1575,0,用户938231469613,38,1788,76,1,1,2789,0,_
1576,0,用户2066606386281,0,3581,34,0,0,4524,0,_
1577,0,杨光,11,3407,45,2,2,1761,1,明天会更好_
1578,0,用户9555589935253,0,1235,4,0,0,2665,0,_
1579,0,用户475231699686,1496,2894,815,26,26,15335,0,_
1580,0,：）,100,3247,66,3,3,3387,0,_
1581,0,白女王是只喵,611,322,121,15,27,153,1,💖71年的猪💖11.11生日💖DIY酵素达人💖现在运城做美味油酥馅饼_
1582,0,云超,0,96,19,0,0,202,0,_
1583,0,用户9290969878650,0,649,4,0,0,2577,0,_
1584,0,开开心心,0,295,1,0,0,1511,0,_
1585,0,莉莉,189,1597,99,19,19,4599,0,_
1586,0,海浪,0,758,2,0,0,1864,0,_
1587,0,随遇而安,0,3855,125,0,0,4746,0,_
1588,0,用户3013270954093,0,12,3,0,0,85,0,_
1589,0,黄吉平,594,473,55,113,125,2187,0,_
1590,0,用户6904974901444,18,871,18,2,2,1833,0,_
1591,0,开心每天美英,73,58,84,2,2,312,0,_
1592,0,用户1213574580335,0,1182,10,0,0,1789,0,_
1593,0,淡忘,72,283,87,5,9,174,0,_
1594,0,不服你来,0,32,4,0,0,138,0,_
1595,0,熙熙手工编织,1,12,12,4,4,132,0,_
1596,0,用户5760288336866,745,2508,251,31,34,4945,0,_
1597,0,∮一,12,3976,37,1,1,6523,0,_
1598,0,用户5474517102970,0,955,5,0,0,2154,0,_
1599,0,郑姐,0,4664,62,0,0,5075,0,_
1600,0,用户7040848023585,0,2474,6,0,0,4073,0,_
1601,0,吕姐,1497,1436,83,176,176,2848,0,_
1602,0,岁月静好^,0,3608,37,0,0,4435,0,_
1603,0,好的牙,0,3377,21,0,0,6372,0,_
1604,0,清新,8,149,26,1,1,303,1,除非我不想赢，否则没人能让我输！_
1605,0,高传友,1045,178,106,40,42,8690,1,安徽滁州_
1606,0,用户9845386158365,0,1175,5,0,0,9313,0,_
1607,0,用户1846565793538,0,308,4,0,0,4126,0,_
1608,0,兰,87,140,5,35,35,1718,1,你_
1609,0,用户363300931923,0,210,9,0,0,196,0,_
1610,0,用户5025049097712,0,4948,38,0,0,6443,0,_
1611,0,容容,109,2088,38,23,23,2965,0,_
1612,0,郭朝祥,121,1651,87,5,6,4083,1,13677508023_
1613,0,嗳,11,1730,14,2,2,7531,0,_
1614,0,吉祥启航,83,1739,97,2,8,7672,0,_
1615,0,玫瑰,0,3255,224,0,0,7949,0,_
1616,0,用户782572134,0,1013,17,0,0,852,0,_
1617,0,等等,0,2805,18,0,0,3710,0,_
1618,0,升华,11,536,11,2,5,5766,0,_
1619,0,用户1836412221101,0,541,3,0,0,3147,0,_
1620,0,用户7374035677721,0,211,4,0,0,1002,0,_
1621,0,1125556,0,2397,79,0,0,8891,0,_
1622,0,梅子💐🌺🍀🌻✊,18464,4922,1631,324,325,39009,1,我是大家喜欢的梅子_
1623,0,用户9236897446739,0,39,9,0,0,62,0,_
1624,0,相遇不易,0,74,37,0,0,0,1,珍惜有缘人_
1625,0,酒,0,101,16,0,0,28208,0,_
1626,0,萍,0,2400,14,0,0,2674,0,_
1627,0,用户5504205994296,1,50,0,0,0,0,0,_
1628,0,雨蒙蒙,2901,287,148,114,119,3460,1,来了，都是朋友，点个关注，再走呗。_
1629,0,梅子,48,2228,43,2,2,3061,0,_
1630,0,you,250,4212,261,7,7,4553,0,_
1631,0,用户4926252760217,0,649,24,0,0,852,0,_
1632,0,@小燕子,24,115,58,1,1,838,0,_
1633,0,用户8782589006585,0,4,2,0,0,11,0,_
1634,0,用户6015384267198,150,2107,58,24,24,5566,0,_
1635,0,岁月,182,3161,154,14,14,3450,1,点个赞吧_
1636,0,兰花💪,9,24,9,2,2,208,0,_
1637,0,晋敏超,28,144,15,2,2,443,0,_
1638,0,用户3139957380764,0,96,10,0,0,1472,0,_
1639,0,用户501047863624,0,44,0,0,0,30,0,_
1640,0,用户8952020281153,0,2934,23,0,0,11046,0,_
1641,0,用户8395576103926,367,4668,518,6,7,6598,0,_
1642,0,用户867927946942,5,10,3,2,2,38,0,_
1643,0,金华烟云,61,200,20,10,11,1473,1,开心就好_
1644,0,用户5256610025656,14,1216,11,6,9,2507,0,_
1645,0,用户7478419831871,77,393,17,13,13,838,0,_
1646,0,张转儿,72,941,25,9,9,1147,0,_
1647,0,开心果。,0,652,57,0,0,369,0,_
1648,0,用户6679058834858,96,3230,30,11,11,7298,0,_
1649,0,幸福明天,495,294,74,19,22,1213,0,_
1650,0,用户8917867323798,38,645,7,8,8,2415,0,_
1651,0,876w人,0,41,4,0,0,1238,1,祖国的小黄花😏_
1652,0,Mik   Sweet(奶甜),158,1648,73,6,6,2358,0,_
1653,0,人生如梦-,34,2066,22,7,8,2776,0,_
1654,0,用户1443893809588,0,1,0,0,0,132,0,_
1655,0,用户2963812492676,0,26,0,0,0,37,0,_
1656,0,孙初莲,154,2406,93,23,23,4001,0,_
1657,0,赵双秀节目真的不错,15,2111,17,2,2,4243,0,_
1658,0,万丽,19365,1337,1571,371,524,16086,1,走自己的路 😊让别人去说吧🌹🌹🌹_
1659,0,用户5787914802410,0,2693,10,0,0,4146,0,_
1660,0,红姐,38,3493,70,1,1,3960,1,年年有余好运来。_
1661,0,陈凤,55,80,26,6,6,361,0,_
1662,0,用户7710320982197,0,23,4,0,0,3164,0,_
1663,0,心悠容海,160,2509,187,56,56,588,1,没有跨不过的山 没有趟不过的河  坚定信念  超越自我 成就梦想！_
1664,0,罗万华,0,3905,24,0,1,7876,0,_
1665,0,哦可哦可,0,1283,21,0,0,4292,0,_
1666,0,你过来啊,17,235,6,2,2,2737,0,_
1667,0,用户6036186266078,16,39,9,2,2,195,0,_
1668,0,🍁,550,491,179,13,14,2098,0,_
1669,0,健康快乐,57,2150,114,1,1,3043,0,_
1670,0,用户2080596006112,0,235,3,0,0,1101,0,_
1671,0,文清,10,436,47,2,2,925,0,_
1672,0,用户4638238020150,2,1217,38,0,2,10491,0,_
1673,0,霸上柳絮,9,157,18,1,1,559,0,_
1674,0,，。？！！！！,0,3025,95,0,0,11992,0,_
1675,0,用户1410767816328,302,2682,120,8,8,3509,0,_
1676,0,红,0,1949,42,0,1,4193,0,_
1677,0,容儿,0,2585,24,0,0,4969,0,_
1678,0,499,3213,817,237,97,104,12707,1,天天开心_
1679,0,快乐老妈2786,702,309,183,43,43,596,0,_
1680,0,用户6238813528711,0,29,0,0,0,9,0,_
1681,0,。。。,0,1634,25,0,0,3458,0,_
1682,0,用户9875565471161,0,1029,4,0,0,16868,0,_
1683,0,用户2676116291523,0,12,0,0,0,42,0,_
1684,0,用户1915197654265,0,885,14,0,0,1328,0,_
1685,0,兰子,82,555,53,3,3,1590,0,_
1686,0,快乐e辈子,14,154,18,2,3,757,0,_
1687,0,启佑,2156,4710,220,436,436,7280,0,_
1688,0,陈梅花,203,51,41,15,15,2168,0,_
1689,0,流年,217,2182,176,5,6,22135,0,_
1690,0,张善莲,580,794,102,119,121,2325,0,_
1691,0,大大在抖音,178,131,37,23,23,2389,0,_
1692,0,刘四,37,11,16,4,4,83,0,_
1693,0,笑笑奶奶,0,241,21,0,0,8335,0,_
1694,0,意,27,60,8,4,4,124,0,_
1695,0,寂寞中人,0,351,5,0,1,536,1,中年无奈人_
1696,0,兰姨,0,2518,26,0,0,2541,0,_
1697,0,平常心,49,363,32,4,4,3468,0,_
1698,0,浴火重生,118,81,66,5,5,2574,1,建筑人生_
1699,0,用户4817319259582,20,90,4,8,10,378,0,_
1700,0,用户524653369602,0,4164,20,0,0,5424,0,_
1701,0,玲玲,33,3326,46,1,1,12673,0,_
1702,0,萍水相逢,0,2639,30,0,0,10814,0,_
1703,0,用户7084526506082,0,1164,8,0,0,6392,0,_
1704,0,昵称已重置,0,4257,94,0,0,5075,0,_
1705,0,静谧,0,52,9,0,0,494,0,_
1706,0,张三姐,3570,2019,322,57,64,3213,1,六零后的我做都江堰向峩_
1707,0,🍃,0,46,30,0,0,1770,1,初心易得始终难守_
1708,0,幸福老妈,7,39,14,1,1,1291,0,_
1709,0,开。心小店,3534,2081,255,111,113,7571,1,厚街三屯好宜佳销售员_
1710,0,薄荷味儿的猫！,30,69,7,8,8,289,0,_
1711,0,石,0,1032,99,0,0,1315,0,_
1712,0,羊子奶奶,0,63,20,0,0,362,0,_
1713,0,用户7889285325641,0,134,0,0,0,181,0,_
1714,0,女汉子,41,219,12,6,6,813,0,_
1715,0,用户3220228627536,15,27,7,5,5,210,0,_
1716,0,淡墨青衫,25,3649,229,0,1,3562,0,_
1717,0,知足,0,13,3,0,0,63,0,_
1718,0,用户6790034884701,88,1750,38,6,6,15300,0,_
1719,0,用户9803573034026,0,4187,36,0,0,5095,0,_
1720,0,红豆,1342,118,146,35,36,620,1,河津广惠达门窗_
1721,0,花开花落,0,63,30,0,0,782,0,_
1722,0,用户1333637839304,0,723,7,0,0,1986,0,_
1723,0,鑫哥,1,1795,101,0,1,3471,0,_
1724,0,云平,0,323,11,0,0,749,0,_
1725,0,用户4097063603831,0,2304,45,0,0,25782,0,_
1726,0,天下英子,0,3982,36,0,0,5647,1,岁月如歌_
1727,0,用户7715031538371,0,181,4,0,0,926,0,_
1728,0,融化的冰,0,142,14,0,0,8726,1,@氪金_
1729,0,大鑫小鑫,0,91,15,0,0,278,0,_
1730,0,快乐三姐,2321,319,147,50,50,7803,0,_
1731,0,周厚全,0,57,11,0,0,19,0,_
1732,0,晗谊_,52,30,26,8,8,90,1,以后拼命爱自己_
1733,0,孙,11,778,22,1,1,3591,0,_
1734,0,叶姐,0,2696,53,0,0,5201,0,_
1735,0,丧.,0,12,10,0,0,234,0,_
1736,0,苏彩琴,0,34,3,0,0,42,0,_
1737,0,美好的玉,992,1467,254,43,44,6947,0,_
1738,0,花园,6,1543,15,2,2,1848,0,_
1739,0,上山打老虎,0,3,4,0,0,1222,0,_
1740,0,用户3408032214824,0,8,1,0,0,61,0,_
1741,0,周丽娟,0,957,26,0,0,3190,0,_
1742,0,果平,1,1647,19,0,16,2603,0,_
1743,0,我是老毕阿,179,510,25,24,25,1107,0,_
1744,0,用户3008509808440,0,2095,9,0,0,3173,0,_
1745,0,用户209313328361,33,3137,57,4,4,9708,0,_
1746,0,丽,1105,746,63,170,189,7122,1,我是丽_
1747,0,IF  YOU,24,36,12,3,3,83,0,_
1748,0,秋景红叶,105,655,21,16,16,5603,0,_
1749,0,黄三姐,1059,849,112,89,131,5625,0,_
1750,0,用户7192798530829欣欣向荣,0,354,22,0,0,2241,0,_
1751,0,马家大妮,60,2548,39,3,4,6785,1,，，，，，，，，，，，，，，，，，，，，，，，，，，，，，，，，，，，，，，，，，，，，，，_
1752,0,丽娟,0,3717,27,0,0,7034,0,_
1753,0,小盆友_,1,2157,25,0,2,2915,0,_
1754,0,牵手,148,687,61,21,21,2699,1,:_
1755,0,用户256099192213,0,4370,19,0,0,9987,0,_
1756,0,锦亭小学,134,121,96,20,22,8919,0,_
1757,0,李奶奶,0,418,15,0,0,942,0,_
1758,0,用户1666449414836,0,2841,31,0,0,8192,0,_
1759,0,手机用户63168488828,0,9,3,0,0,43,0,_
1760,0,用户2470092556847c阵万香,159,2749,48,20,20,3204,0,_
1761,0,谭哲,20,1440,31,3,4,680,0,_
1762,0,昵称已重置,893,1432,247,11,11,14077,0,_
1763,0,用户7648053018079,0,46,2,0,0,314,0,_
1764,0,一二六一一一二一一一一一一,62,2929,50,3,3,3590,0,_
1765,0,杨慧华,39,3141,17,5,5,3650,0,_
1766,0,用户8630266515262,13,1214,26,2,2,1061,0,_
1767,0,胡姐姐,6,199,0,3,3,809,0,_
1768,0,健康,12,2899,42,1,1,2957,0,_
1769,0,‘,215,200,58,11,11,1962,0,_
1770,0,用户3539901790009,29,573,35,4,4,383,0,_
1771,0,一棵松3974,465,2477,310,10,11,4807,1,一棵松_
1772,0,平安是福,219,42,53,11,11,1600,0,_
1773,0,用户8693432389736,65,141,31,7,7,1046,0,_
1774,0,用户189649175,307,820,40,25,26,2003,0,_
1775,0,阔阔姥姥,23,4147,49,1,2,4355,0,_
1776,0,用户5405071082279,7090,447,996,76,76,1171,0,_
1777,0,二妮,199,80,31,18,19,37,0,_
1778,0,徐娟,1919,683,66,132,132,8677,1,谢谢你的关注_
1779,0,用户3119956184586,11,2381,23,3,3,4896,0,_
1780,0,俊姐,242,1703,101,33,33,3112,1,每天只想开开心心_
1781,0,家和万事兴,0,946,11,0,0,1574,0,_
1782,0,妹,952,4792,173,32,32,11257,0,_
1783,0,用户5309867664443,0,53,13,0,0,23,0,_
1784,0,好友,10317,4611,1432,388,389,10581,1,我是最美，夕阳红_
1785,0,因你而起,0,1580,4,0,0,2150,0,_
1786,0,侯+老师,0,395,1,0,0,556,0,_
1787,0,甜橙∽,16,303,8,12,13,743,0,_
1788,0,胖子,56,221,32,3,3,1167,0,_
1789,0,用户6669784872425,0,2676,30,0,0,22452,0,_
1790,0,方,95,1102,31,9,9,5762,0,_
1791,0,帅,12,36,12,1,1,2247,1,wxqq2093169649，阳光单纯男孩，不吸烟，喝酒，想要朋友_
1792,0,用户2109337373232,89,2103,71,2,2,6605,0,_
1793,0,用户3981571205205,3,103,8,2,2,774,0,_
1794,0,爱了！痛了！,291,633,156,18,19,609,0,_
1795,0,花儿红,41,549,12,10,13,1481,0,_
1796,0,用户134393273222,0,717,12,0,0,227,0,_
1797,0,用户9036704018319,83,4915,81,3,6,11749,0,_
1798,0,芹 香,229,1306,42,13,13,2937,0,_
1799,0,用户8915990247119,0,401,0,0,0,0,0,_
1800,0,芝,0,4018,67,0,0,5673,0,_
1801,0,梦想与现实,4301,2021,771,132,133,5137,1,错过了就再也不会回来_
1802,0,用户6460577173328,0,13,0,0,0,10,1,你的恩典充满世界每个角落让人平安让人有喜乐_
1803,0,幸福hh,286,481,92,15,16,1139,0,_
1804,0,林杰,253,1434,62,46,46,1936,0,_
1805,0,马,0,1613,7,0,0,861,0,_
1806,0,华,0,174,5,0,0,647,0,_
1807,0,用户2198382224888,161,3612,77,7,7,6915,0,_
1808,0,✨,0,4852,111,0,0,32227,1,！_
1809,0,谢正华,46,104,38,3,3,331,0,_
1810,0,用户1620551743284,0,3377,24,0,0,6664,0,_
1811,0,用户4445590709034,0,89,3,0,0,88,0,_
1812,0,梅888,168,1407,47,29,31,2357,0,_
1813,0,思宇,172,1389,93,25,26,10299,1,美美哒走好人生路_
1814,0,芬芳,0,2806,56,0,0,4432,0,_
1815,0,今生相随,39,906,54,1,1,3922,0,_
1816,0,珍惜🐠,596,208,82,29,104,9851,0,_
1817,0,秦队,25,3188,39,6,6,7648,0,_
1818,0,用户2006442390459,0,389,2,0,0,915,0,_
1819,0,天天开心,3405,4881,470,28,28,20405,0,_
1820,0,Ω,16,244,44,1,1,501,1,雷田_
1821,0,胡阿姨,1,952,20,0,0,0,0,_
1822,0,阳光动力,0,88,17,0,0,2999,0,_
1823,0,平,0,248,9,0,0,237,0,_
1824,0,美丽人生,445,709,96,53,54,1007,0,_
1825,0,笑着活下去面对人生,96,128,68,2,2,216,1,笑着活下去_
1826,0,阳光✔,0,62,3,0,0,277,0,_
1827,0,用户5092778722868,0,945,20,0,0,2033,0,_
1828,0,俩宝贝的奶奶,22,61,35,1,1,375,0,_
1829,0,用户3078374216317,0,2045,34,0,1,3050,0,_
1830,0,开心一家人,691,4544,203,54,56,7361,0,_
1831,0,用户3969172831496,21,4473,30,1,1,5131,0,_
1832,0,叶子,178,3142,99,10,10,4294,0,_
1833,0,春凤,0,46,19,0,0,382,0,_
1834,0,老林,0,1132,9,0,0,1666,0,_
1835,0,十八岁,0,778,3,0,0,2140,0,_
1836,0,轩爷,0,218,5,0,0,345,0,_
1837,0,用户119767948,0,1860,13,0,0,2635,1,′犭爻小yy.＇22几双己力上四_
1838,0,幽瞳,1911,799,313,22,23,157,0,_
1839,0,用户7613055160519,0,1,0,0,0,0,0,_
1840,0,田,0,48,18,0,0,273,0,_
1841,0,已重置,0,223,7,0,0,0,0,_
1842,0,用户796478346,8,110,10,1,1,62,0,_
1843,0,徐紫涵奶奶,531,5001,790,7,7,19930,0,_
1844,0,用户 心语,707,988,322,30,32,1688,1,以前玩ＱＱ 再来玩微信 现在又喜欢抖音_
1845,0,_■,0,541,3,0,1,833,0,_
1846,0,H,0,90,17,0,0,595,0,_
1847,0,贾桂芝,0,1326,7,0,0,2361,0,_
1848,0,心存善念,1560,2462,643,44,44,6129,1,用心帮助別人解除痛苦（包括心里）！愿意跟大家分享健康知识！我是治未病高级指导师！🙏_
1849,0,左手牵右手,407,299,63,52,52,1195,0,_
1850,0,倪姐,1,97,20,0,1,326,0,_
1851,0,小牛,26032,4985,1504,465,466,14086,1,1:_
1852,0,好日子在后头,18044,1832,1588,380,381,52700,0,_
1853,0,Ytq,0,27,5,0,0,292,0,_
1854,0,让我再爱一次,37,1434,95,7,7,67,1,喜欢表演，喜欢文学，凡是给艺术有关的都迷恋。_
1855,0,淡淡一笑,0,4497,51,0,0,5602,0,_
1856,0,北斗星,1341,3601,1306,26,108,0,0,_
1857,0,月下情缘,7526,469,490,181,183,3337,0,_
1858,0,李家秋林,940,978,53,155,164,2549,0,_
1859,0,用户4277255799674,0,33,3,0,0,189,0,_
1860,0,若涵,195,52,23,17,17,751,0,_
1861,0,王爱,0,2300,8,0,0,2817,0,_
1862,0,用户7035323231735,0,1400,6,0,0,1842,0,_
1863,0,用户1902430304672,0,448,1,0,0,921,0,_
1864,0,用户8267750666630,0,10,2,0,0,100,0,_
1865,0,醉~,16,580,5,3,4,1689,0,_
1866,0,彭贵兰,2,1681,202,0,3,2808,0,_
1867,0,用户10507972448,8,497,5,0,2,7404,0,_
1868,0,姜姜,27,49,20,4,4,23,0,_
1869,0,萍,30,318,17,4,4,190,0,_
1870,0,李,6,617,10,1,1,1311,0,_
1871,0,、…,90,2026,84,8,8,3039,0,_
1872,0,443,0,262,35,0,0,1708,0,_
1873,0,李小建,41,187,4,33,33,424,0,_
1874,0,农村人,0,114,82,0,0,866,0,_
1875,0,用户7984501695266,0,15,1,1,1,66,0,_
1876,0,QQ小宝贝,34,182,11,7,7,29,0,_
1877,0,用户5235870150538,0,252,4,0,0,1064,0,_
1878,0,一切随缘,729,174,245,34,36,5933,1,谋事在人，成事在天_
1879,0,一马平川zch,225,50,62,18,19,588,0,_
1880,0,用户2954546310178,0,2444,32,0,0,2938,0,_
1881,0,用户4766704797095,0,2866,28,0,0,4751,0,_
1882,0,用户3478177981507,26,1676,8,3,3,2380,0,_
1883,0,绽放1131,0,614,28,0,1,3164,0,_
1884,0,用户5978174804656,2,1316,10,1,1,1573,0,_
1885,0,153542243,0,0,0,0,0,0,0,_
1886,0,用户1757304892695,0,859,4,0,0,1792,0,_
1887,0,用户5228306559726,0,3812,21,0,0,9998,0,_
1888,0,用户6592683832024,0,4,1,0,0,2,0,_
1889,0,用户3062830296321,8,830,5,2,2,1142,0,_
1890,0,幸福美满,1,1396,35,0,0,5982,0,_
1891,0,用户2055422035365,7,78,6,2,2,719,0,_
1892,0,熊妹,1125,3784,536,20,20,2804,0,_
1893,0,用户7805965743602,0,155,15,0,1,841,0,_
1894,0,φ,135,101,39,5,5,1079,0,_
1895,0,用户6628007125490,1001,3079,387,37,38,6200,0,_
1896,0,李芹,143,1114,83,5,5,3187,1,好人一生平安_
1897,0,朱卫英,719,1132,119,81,84,2979,1,今天没有生意_
1898,0,玉萍,0,1889,28,0,0,2369,0,_
1899,0,阳光妈妈,927,1765,273,74,74,9868,0,_
1900,0,进来看看,0,81,8,0,0,2500,0,_
1901,0,徐英文,4,112,6,2,2,173,0,_
1902,0,用户986645270224,0,35,4,0,0,77,0,_
1903,0,蓝玫瑰,0,925,6,0,0,890,0,_
1904,0,得瑟,37,92,27,2,3,9595,0,_
1905,0,用户1663774945237,24,112,12,6,6,1392,0,_
1906,0,用户5838698027935娃他奶,635,121,108,17,21,637,0,_
1907,0,快乐人生,384,1968,32,95,96,4300,0,_
1908,0,倩倩爱你哟,0,1940,16,0,0,2680,0,_
1909,0,一片云,643,4399,147,28,54,10034,1,我是一个快乐向上的人，为幸福而奋斗。_
1910,0,用户2096731599990,0,30,11,0,0,709,0,_
1911,0,用户8126559138957,0,3,0,0,0,0,0,_
1912,0,用户1454712002001,974,1033,110,64,65,4241,0,_
1913,0,雁阳,31,230,53,3,3,100,0,_
1914,0,自由自在的飞翔,0,2363,31,0,0,6998,0,_
1915,0,陈,0,63,5,0,0,156,0,_
1916,0,用户9913464840346,0,115,3,0,0,121,0,_
1917,0,珍,0,1052,3,0,0,10831,0,_
1918,0,用户1161452148313,268,1239,118,6,6,1840,1,真好_
1919,0,用户9726509938976,0,143,23,0,0,779,0,_
1920,0,隔屏相望,5,193,70,0,2,1159,0,_
1921,0,用户3160995247312,0,1934,5,0,0,1980,0,_
1922,0,祝你快乐,197,2179,61,17,17,1798,0,_
1923,0,用户5020748548349,0,3564,26,0,0,5167,0,_
1924,0,合作,406,4244,273,3,3,6326,0,_
1925,0,人，,0,1,1,0,0,18,0,_
1926,0,无语,24,1602,19,0,0,0,0,_
1927,0,努力,0,155,9,0,0,355,0,_
1928,0,英姐,78,2119,41,16,16,609,0,_
1929,0,用户4300300751142,315,64,35,24,24,175,1,天天开心_
1930,0,平安是福,96,55,23,13,13,458,1,我是一个爰说爱笑的人_
1931,0,用户8268311714864,0,4236,33,0,0,5264,0,_
1932,0,用户817444890202,44,3287,12,0,102,4648,0,_
1933,0,用户3019938674863,0,2347,15,0,0,3472,0,_
1934,0,用户5527410402462,0,735,1,0,0,819,0,_
1935,0,曾经风花雪月，现在闭门思过。,14,1488,59,1,1,235,0,_
1936,0,用户2561711182053,2,147,10,2,2,555,0,_
1937,0,幸福儿,0,3073,34,0,0,5697,0,_
1938,0,丹妮小公举,512,1144,71,23,23,6338,0,_
1939,0,用户3652378240660,0,926,22,0,0,1009,0,_
1940,0,宁静致远,43,30,10,5,5,1174,1,爱跳舞，爱唱歌_
1941,0,荣花,86,4930,139,1,1,5649,0,_
1942,0,努力,0,4135,142,0,0,15995,0,_
1943,0,雅,163,749,61,18,19,830,1,雅典娜_
1944,0,张声菊,672,418,151,73,73,4112,0,_
1945,0,开心每一天,142,196,112,5,5,12151,0,_
1946,0,幸福,0,235,6,0,0,1249,0,_
1947,0,用户8089211321087,183,1090,33,39,39,2408,0,_
1948,0,老左,0,4855,92,0,0,12607,0,_
1949,0,用户9831840598092,0,2129,12,0,0,3710,0,_
1950,0,兰姐,0,84,12,0,0,251,0,_
1951,0,用户721384,45,1685,313,1,1,121,0,_
1952,0,无忧8,140,461,43,14,16,1957,0,_
1953,0,婆婆妈妈,845,670,204,24,27,1005,1,新双龙婆婆妈妈_
1954,0,🗣️,0,49,10,0,0,30,0,_
1955,0,倩妞妈,57,43,19,3,3,660,0,_
1956,0,用户8005017800440,0,3557,7,0,0,2793,0,_
1957,0,春雨,0,2265,231,0,0,2925,0,_
1958,0,倾一世o>_<o城,5,497,8,2,2,7570,0,_
1959,0,淑珍,0,2400,55,0,0,2992,0,_
1960,0,用户7353217509684,0,1502,101,0,0,203,0,_
1961,0,用户4115304623905,13,113,10,10,10,90,0,_
1962,0,敏姐,5,994,19,1,1,1899,0,_
1963,0,潇洒哥T﹏T,0,1691,24,0,0,1805,0,_
1964,0,用户4665455532716,50,4273,39,1,1,10045,0,_
1965,0,三三纯,660,499,159,14,17,19319,0,_
1966,0,@ 圣诞哈利👾,36,182,5,0,0,0,0,_
1967,0,用户868674119闲云野鹤,0,719,8,0,0,909,0,_
1968,0,一叶知秋,101,339,144,2,2,4545,0,_
1969,0,用户9661863875713,69,1682,20,15,16,12845,0,_
1970,0,周涛诗,34,1850,36,20,20,3910,1,基础工人_
1971,0,ZYF,0,706,94,0,0,1674,0,_
1972,0,刘二姐,46,2056,28,3,3,6900,0,_
1973,0,绝地枪王,501,3232,281,13,13,4367,1,双击加关注_
1974,0,无语随风。,62,41,23,11,11,1577,0,_
1975,0,玲珑,3,480,29,2,2,2015,1,开心就好好_
1976,0,用户5336968161702,0,25,1,0,0,42,0,_
1977,0,幸福妈妈,106,1270,140,2,2,7626,0,_
1978,0,用户7741280467256,51,1781,34,3,3,2332,0,_
1979,0,章义浩,116,1623,67,10,12,3801,0,_
1980,0,巴啦啦童装馆,2083,2927,428,252,253,24465,1,主营0一15岁童装，谢谢你长的这么好看还关注我，请认准作者本人，小心上当受骗！联系方式15982341401。_
1981,0,爱珍,0,3100,17,0,0,5731,0,_
1982,0,曼陀罗丶,55,4166,155,1,5,7508,0,_
1983,0,暖暖……,0,1112,10,0,0,1453,0,_
1984,0,用户8786640501381,0,582,8,0,0,1389,0,_
1985,0,雨雨,66,191,11,16,16,509,0,_
1986,0,王莲香,38,3061,75,4,5,4000,0,_
1987,0,可爱的小小,205,176,100,17,18,962,0,_
1988,0,！7,0,211,22,0,0,1313,0,_
1989,0,火锅吃火锅,34,4415,72,6,6,6700,0,_
1990,0,欣,42,4163,69,2,7,7847,0,_
1991,0,开心快乐,30,81,13,8,8,117,0,_
1992,0,用户4206963484303,0,3221,47,0,0,4599,0,_
1993,0,用户2422855204657,269,1193,59,5,7,11050,0,_
1994,0,用户9053996021347张燕,37,526,22,17,17,1869,0,_
1995,0,用户5311690289347,0,11,1,0,0,8,0,_
1996,0,珍惜,18,89,71,2,2,498,0,_
1997,0,😙️🤗️☺️😃️,0,2516,17,0,0,4567,0,_
1998,0,用户5270290414061,0,2180,9,0,0,2709,0,_
1999,0,周周,222,1319,170,20,22,1963,0,_
2000,0,咋回事儿,0,3288,166,0,0,5977,1,我就是我，一个一成不变的烟火_
2001,0,用户8762564070514,1015,1192,126,62,63,3965,0,_
2002,0,木暖言白,46,795,17,17,17,10937,0,_
2003,0,人生,195,583,97,10,155,5894,0,_
2004,0,小稻,0,3655,103,0,0,7289,0,_
2005,0,髮😷😷😷😷,0,2867,31,0,2,16684,0,_
2006,0,用户6992452987145,0,1569,8,0,0,1912,0,_
2007,0,幸福,20,3316,54,3,3,29,0,_
2008,0,曼曼,0,850,24,0,0,5181,0,_
2009,0,广,601,4485,227,10,13,7886,0,_
2010,0,huahua,230,100,68,4,4,738,0,_
2011,0,暖心小可爱,0,4812,46,0,0,6588,0,_
2012,0,用户8244035865198,85,581,25,8,8,5009,0,_
2013,0,隆颂,326,49,34,26,27,453,1,江苏，泗洪_
2014,0,上善若水,0,28,5,0,0,595,0,_
2015,0,蒋幺妹,20,1192,7,2,2,1397,0,_
2016,0,不够优秀，何必拥有,0,154,39,0,0,419,1,生活不仅有诗和远方，还有火锅和理想_
2017,0,如梦,739,96,39,0,0,0,0,_
2018,0,王化英,0,231,14,0,0,0,0,_
2019,0,王女侠,9,937,14,1,1,2279,0,_
2020,0,用户8992798619452,121,2064,63,5,5,3176,1,多彩人生_
2021,0,嗯哼,0,2319,20,0,0,2402,0,_
2022,0,蒋明珍,651,1175,61,244,244,4219,0,_
2023,0,永远幸福,1103,1052,137,93,93,2575,1,忘掉过去，珍惜未来_
2024,0,用户8990832187920,0,1545,7,0,0,5360,0,_
2025,0,用户1373950118667,0,2465,21,0,0,3441,0,_
2026,0,用户9484015105360,0,803,9,0,0,2012,0,_
2027,0,慧慧🌻🌷,38,1281,29,6,6,1337,0,_
2028,0,清雅,0,90,12,0,1,2606,1,南昌_
2029,0,用户6330230941757,0,1477,8,0,0,2019,0,_
2030,0,帅帅 🐶奶奶,20,225,19,4,4,1358,0,_
2031,0,用户2458585185592,83,987,25,9,10,1959,0,_
2032,0,用户4182576104730,0,8,0,0,0,5,0,_
2033,0,用户6810420263377,0,218,3,0,0,277,0,_
2034,0,月亮,0,879,49,0,0,436,0,_
2035,0,建辉,0,221,23,0,1,157,0,_
2036,0,用户5773763634783,0,2048,4,0,0,4499,0,_
2037,0,保重自己,0,2286,21,0,0,3427,0,_
2038,0,用户9215823210845,0,186,9,0,0,28,0,_
2039,0,爱心,0,3583,58,0,0,6059,1,中国陕西渭南华阴_
2040,0,余,3,47,0,2,2,98,0,_
2041,0,用户9069711219732,14,526,9,1,1,439,0,_
2042,0,用户2204842011940,0,49,0,0,0,490,0,_
2043,0,鹰子,67,1333,97,3,3,3057,0,_
2044,0,炳旭,0,56,1,0,0,8,0,_
2045,0,快乐一家人,173,2558,200,1,1,4134,1,1_
2046,0,暗影,0,40,7,0,0,6965,0,_
2047,0,平安健康,126,3297,148,4,4,2972,0,_
2048,0,汪~,0,806,65,0,0,5692,0,_
2049,0,哦莫,0,1622,20,0,0,1958,0,_
2050,0,春天,3,497,17,1,2,4204,0,_
2051,0,大偉媽,0,230,15,0,0,2868,0,_
2052,0,李二姐,53,3817,57,4,4,2744,0,_
2053,0,草地,25,2483,23,2,2,8673,0,_
2054,0,爰丽丝(幻云阁),128,857,57,16,18,10383,1,(ง •̀_•́)ง_
2055,0,牡丹绣,573,243,62,40,40,2751,0,_
2056,0,用户882954,15,316,61,1,1,3686,0,_
2057,0,用户1661663981071,3,293,6,1,1,99,0,_
2058,0,用户204829037632,0,205,18,0,0,470,0,_
2059,0,用户7126150278170,47,2500,44,4,4,5470,0,_
2060,0,新梅,22,5001,52,1,1,9358,0,_
2061,0,苗姐,193,3898,149,4,4,7900,0,_
2062,0,康妹,213,3403,82,12,12,4792,0,_
2063,0,额……,0,4947,41,0,0,6049,0,_
2064,0,時间不会说谎,0,1306,78,0,0,338,0,_
2065,0,周姐,2774,3970,493,41,41,10099,0,_
2066,0,用户青春4899807599011,507,286,98,26,33,4008,1,微马运动抖动生活_
2067,0,用户9517505906155,0,20,2,0,0,209,0,_
2068,0,甘梅初,76,2840,87,4,4,3421,0,_
2069,0,用户278247669257,0,43,1,0,0,144,0,_
2070,0,尤泽铭,0,2701,28,0,0,3856,0,_
2071,0,用户9760503343318,0,3405,66,0,0,8901,0,_
2072,0,兰若花。,0,813,8,0,0,1709,0,_
2073,0,忘了吧,62,82,27,5,5,462,1,忘了吧！忘了吧😬😬😬😬_
2074,0,李总,51,299,54,2,2,766,0,_
2075,0,用户226876774496,0,1697,19,0,0,2962,0,_
2076,0,用户3666304590159代袋,1843,438,304,17,19,11930,0,_
2077,0,阿琴嫂,984,2553,557,118,123,1210,1,"金山,银山健康才是靠山_"
2078,0,用户1105425674874,0,1674,16,0,1,2656,0,_
2079,0,用户8877670326299,84,2248,86,5,5,1276,1,烛_
2080,0,二毛,0,498,14,0,2,2253,0,_
2081,0,绪枝,1067,1928,111,63,63,4385,0,_
2082,0,用户2394912632339,130,837,35,4,4,4915,0,_
2083,0,用户8358999251485,2,2218,52,0,2,3701,0,_
2084,0,用户8724715744314,34,481,16,5,5,786,0,_
2085,0,如风,0,408,32,0,0,746,0,_
2086,0,用户4135493610378,0,5001,42,0,0,7259,0,_
2087,0,水仙花,0,369,9,0,0,2268,0,_
2088,0,滴答滴,369,488,132,87,88,981,0,_
2089,0,用户2998801813729幻想,7,2295,12,1,1,3163,0,_
2090,0,游子浪天涯。拒绝私聊。,2844,1769,180,322,323,51088,1,浙江省_
2091,0,朵朵,5384,1057,367,578,579,3584,0,_
2092,0,根娣,42,163,17,6,6,384,0,_
2093,0,用户4891155931400,1661,133,147,44,50,1901,1,我70后，我是一个爱干净，勤快，善良的女人。_
2094,0,Ysl,0,95,20,0,0,2207,0,_
2095,0,小花美,54,4698,134,1,1,10317,0,_
2096,0,用户6398882527493,0,1917,17,0,0,2203,0,_
2097,0,用户4875050762431,0,156,11,0,0,249,0,_
2098,0,用户666411784006,0,2048,13,0,0,2952,0,_
2099,0,鲍秀萍,0,2166,26,0,0,7687,0,_
2100,0,一支独秀__,0,2012,28,0,0,3931,0,_
2101,0,用户8459251600572,0,1314,11,0,0,2342,0,_
2102,0,芙蓉,261,1789,401,4,10,4717,0,_
2103,0,用户916604847094小葱,67,1151,22,6,6,2614,0,_
2104,0,开心每一天,774,694,78,29,30,5246,1,开心的人生_
2105,0,如意吉祥,709,596,104,23,24,4782,1,"⑦,/_"
2106,0,用户752068723354,8,966,12,1,3,2405,0,_
2107,0,张秀娣,88,1919,93,4,4,894,1,、_
2108,0,非你莫属。。。,55,760,22,5,5,2339,1,爱的一身_
2109,0,用户4327206402938,0,354,4,0,0,648,0,_
2110,0,kllll,0,2087,6,0,0,2701,0,_
2111,0,用户6908312113971,79,2737,30,4,4,1237,0,_
2112,0,用户9848624700416,0,1359,25,0,1,2820,0,_
2113,0,用户239793139726,0,2957,60,0,0,993,0,_
2114,0,张娟容,252,663,65,178,178,0,0,_
2115,0,用户351415带刺的玫瑰,157,171,51,8,8,581,0,_
2116,0,用户718977069,0,2298,46,0,3,2998,1,永远的牵挂_
2117,0,用户6687428404843,0,972,3,0,0,1183,0,_
2118,0,123,301,3292,77,52,52,8208,0,_
2119,0,吴语,0,1068,6,0,0,7138,0,_
2120,0,马利,691,3262,135,29,34,12565,0,_
2121,0,爱玲,0,2246,34,0,0,2993,0,_
2122,0,用户9319883965259,31,3085,12,14,14,4028,0,_
2123,0,user3960454330867,99,31,100,13,13,224,0,_
2124,0,时髦奶奶💃🏻,189,111,47,7,7,1137,0,_
2125,0,用户3997290076584,0,2188,32,0,0,1925,0,_
2126,0,霞,29,237,26,2,2,1786,0,_
2127,0,云朵,0,8,1,0,0,1033,0,_
2128,0,兰花草,10,234,12,2,2,1695,0,_
2129,0,习惯幸福,0,3451,18,0,0,3546,1,坎_
2130,0,美好的ヾ ^_^♪,0,3749,35,0,0,4402,0,_
2131,0,我🈶,0,226,4,0,0,1279,0,_
2132,0,用户:木檀儿,8502,938,764,433,433,1332,1,人生如戏活的精彩_
2133,0,用户2584562042217,0,15,1,0,0,35,0,_
2134,0,l菁,19,293,18,3,3,746,1,我_
2135,0,快乐色彩🌸,90,303,28,30,51,1718,0,_
2136,0,用户5484151161785,0,918,162,0,0,6804,0,_
2137,0,土豆君,804,4734,95,130,130,13645,0,_
2138,0,戴口罩就要看你怎么做。,36,1911,16,15,16,3978,0,_
2139,0,用户7852379934846,0,2333,41,0,0,3926,0,_
2140,0,CXL,330,841,44,27,27,2977,0,_
2141,0,用户8046501509676,0,3551,30,0,0,3781,0,_
2142,0,张彦虎,21,3072,52,1,1,3647,0,_
2143,0,用户4261969730777,0,798,8,0,0,5021,0,_
2144,0,用户1116430008037,0,3917,57,0,0,22385,0,_
2145,0,暮雪,10,27,59,2,2,87,0,_
2146,0,正好惠,0,20,1,0,0,74,0,_
2147,0,天山雪莲,170,2374,229,1,8,5399,0,_
2148,0,用户2839272473659,0,23,4,0,1,40,0,_
2149,0,幸福随行,0,688,13,0,0,2218,0,_
2150,0,用户9891503201894,19,121,36,1,1,5545,1,安然_
2151,0,倾听！,0,112,14,0,0,667,0,_
2152,0,花开花落,0,854,11,0,0,1175,0,_
2153,0,李生凯,0,4107,49,0,0,5020,0,_
2154,0,🌸玲玲__被拐惹💦,2,1074,103,0,1,7060,0,_
2155,0,快乐幸福啊,0,218,35,0,0,14119,0,_
2156,0,杨莲芳,1622,1466,87,190,192,2596,0,_
2157,0,海棠花開,0,2224,20,0,0,3002,0,_
2158,0,普康厨神,196,1170,58,46,46,2649,0,_
2159,0,幸福一生一世,0,2689,53,0,0,9508,0,_
2160,0,相识是缘,142,689,44,30,30,2662,0,_
2161,0,用户4063264271218,0,710,18,0,0,96,1,拒绝私聊_
2162,0,梦鸽,0,3712,247,0,0,6394,0,_
2163,0,誓言,3183,670,130,311,314,4951,1,没心没肺活着_
2164,0,粉红小熊,200,461,120,5,6,2145,0,_
2165,0,满脑子都是你。,3039,2721,331,148,214,6157,1,山西省。长治县。南宋村。东华酒楼。_
2166,0,用户3994855578638,0,228,1,0,0,347,0,_
2167,0,李大姐,77,1876,66,10,10,2072,0,_
2168,0,假侞,552,1300,126,9,9,9939,0,_
2169,0,现实生活,888,433,105,84,87,2080,1,新的一年里做个下一心快乐的人_
2170,0,我,19,1949,121,1,1,2157,0,_
2171,0,用户5293185179750,1,2161,103,0,0,2735,0,_
2172,0,幸福《拒绝聊天》,4279,2331,603,72,73,23273,0,_
2173,0,用户5500803171349,284,1709,151,12,13,5784,1,我就是我不一样的烟火！_
2174,0,何聪,655,126,31,8,10,1733,0,_
2175,0,柚子成长记三🌸🌸🌸,62,4575,146,1,1,6234,0,_
2176,0,用户1671971251247,0,187,7,0,0,785,0,_
2177,0,东东奶奶,6,1689,20,1,1,3079,0,_
2178,0,用户1229703181995,28,4543,59,3,3,5416,0,_
2179,0,#H.?82.,55,2613,95,1,1,4946,0,_
2180,0,人海,0,267,9,0,1,2408,0,_
2181,0,李,152,1897,145,6,6,4603,1,改变自己_
2182,0,用户4774240637343,0,317,2,0,0,1493,0,_
2183,0,漫步人生❤,15063,3922,3939,18,19,0,1,我能做到问心无愧，我做不到步步到位_
2184,0,用户6332878960484,11,2441,22,1,1,1127,0,_
2185,0,余,0,468,9,0,1,1151,0,_
2186,0,用户692989645,161,115,35,0,0,0,0,_
2187,0,平淡的幸福,179,1019,174,4,4,10360,0,_
2188,0,无忧无虑,268,2079,45,104,104,5505,0,_
2189,0,唐明月,15,1519,40,1,1,2839,0,_
2190,0,陈洪香,136,1334,67,3,3,4316,0,_
2191,0,忘忧草,165,2941,115,10,11,8839,1,感谢大家我是㘰音的热爱者_
2192,0,用户2829060293105,17,22,8,5,5,0,0,_
2193,0,天天,0,41,6,0,0,894,0,_
2194,0,紫气东来,185,1177,123,7,8,2291,0,_
2195,0,嫁衣1973520,641,39,26,82,83,728,0,_
2196,0,李世珍,0,9,3,0,0,377,0,_
2197,0,秋果,1889,4123,926,24,24,42395,0,_
2198,0,用户674990532097,0,11,1,0,0,389,0,_
2199,0,许桂兰,201,2107,343,5,5,5371,0,_
2200,0,恒恒最帅,0,4301,31,0,0,5104,0,_
2201,0,用户5733165296994,0,38,3,0,0,155,0,_
2202,0,用户6209911142903,0,8,0,0,0,97,0,_
2203,0,彩虹天空,429,476,128,8,8,4304,1,65年的我，已过大半辈子了，上半辈子吃尽人间的酸甜苦辣咸，下半辈子一定要好好活，好好过。_
2204,0,小凡……,0,352,4,0,0,1503,0,_
2205,0,海浪,792,2851,227,14,46,22742,0,_
2206,0,忘优草,167,625,57,0,0,0,0,_
2207,0,♚小太阳♚,280,2372,382,34,34,439,1,喵？签名能吃吗？_
2208,0,胖妈,0,1421,42,0,0,1635,0,_
2209,0,用户2409921776511,2,1783,20,0,1,2896,0,_
2210,0,用户6655705734815,56,1120,37,2,5,2077,0,_
2211,0,小猪,2,5000,57,0,5,7504,0,_
2212,0,刘小英,99,288,11,24,24,426,0,_
2213,0,用户7587899584361,0,936,2,0,0,2764,0,_
2214,0,蕾蕾,0,5,0,0,0,8,0,_
2215,0,珍,94,4249,95,8,8,7999,0,_
2216,0,蓝水晶,71,364,15,7,7,772,1,退休职工，现龄71岁。_
2217,0,金苗,0,2386,34,0,0,4932,0,_
2218,0,大妈,38,665,21,2,2,1676,0,_
2219,0,用户8044866052584,0,925,2,0,0,1157,0,_
2220,0,用户2080094120412,0,19,2,0,0,277,0,_
2221,0,用户1448218595297,1,14,1,1,1,30,0,_
2222,0,蓝天,91,119,36,4,4,5668,0,_
2223,0,用户8748170629743,0,2038,30,0,0,9727,0,_
2224,0,用户8471709682611,0,536,9,0,0,1176,0,_
2225,0,灿烂的微笑,0,56,16,0,0,239,0,_
2226,0,龙英,6,3827,48,0,1,5959,0,_
2227,0,用户2980107028007,0,2527,6,0,0,5604,0,_
2228,0,昊轩,0,3833,86,0,0,6949,0,_
2229,0,宝贝爱你,0,254,10,0,1,1366,0,_
2230,0,用户7768384613401,0,152,8,0,0,0,0,_
2231,0,用户529711486607,46,53,22,3,3,228,0,_
2232,0,用户,204,1240,75,38,41,2621,0,_
2233,0,幸福,0,2,0,0,0,5,0,_
2234,0,苏苏00,0,890,101,0,1,1891,0,_
2235,0,云卷云舒,0,174,7,0,0,363,0,_
2236,0,用户85993561,0,28,1,0,0,14,0,_
2237,0,用户一生幸福,1491,4095,1337,18,21,3346,0,_
2238,0,罗建香,63,1571,58,3,3,3921,0,_
2239,0,用户6789152969013,0,948,3,0,0,1789,0,_
2240,0,花花,69,1346,22,0,0,0,0,_
2241,0,花海一粟,237,71,95,50,52,5837,0,_
2242,0,用户5789534111109,0,2104,30,0,1,22022,0,_
2243,0,夕阳无限,405,1824,92,22,22,2679,1,黄华平_
2244,0,用户9237001522424,0,486,0,0,0,1865,0,_
2245,0,用户5467989000206,3,134,14,1,1,683,0,_
2246,0,天涯。,0,634,11,0,0,996,0,_
2247,0,用户2659433984679,0,4051,21,0,0,5392,0,_
2248,0,奶奶。,17,70,10,9,9,128,0,_
2249,0,連花,582,3182,53,122,122,4311,0,_
2250,0,霖尤吖~,23,1249,87,5,5,4016,1,丧偶QQ:3553308024_
2251,0,杨东霖,57,4833,235,1,1,8397,0,_
2252,0,沈玉芬,32,275,11,4,4,424,0,_
2253,0,井荣,0,2077,30,0,0,2633,0,_
2254,0,蒋玉容,0,2184,42,0,0,2676,0,_
2255,0,苏芳,30,1955,179,1,1,7187,0,_
2256,0,岁月静好浅笑安然,0,3023,32,0,0,10436,0,_
2257,0,老李,90,438,41,7,11,5800,0,_
2258,0,武梅,19,142,30,2,2,3137,0,_
2259,0,金子,226,4083,150,11,12,5951,1,李京辉_
2260,0,用户8856207550505,59,4957,140,1,1,7403,0,_
2261,0,倾听,2,26,17,2,2,5611,0,_
2262,0,陈秋萍,860,1376,277,68,68,6801,0,_
2263,0,西西北北的奶奶,40,1509,35,3,4,2852,0,_
2264,0,用户6324943937494,0,102,13,0,0,28,0,_
2265,0,陈广叶,154,1075,37,59,59,747,0,_
2266,0,大将军陶瓷如皋店,283,92,131,27,27,554,0,_
2267,0,用户1488104259123,86,74,23,6,6,638,0,_
2268,0,心想事成,0,22,1,0,0,215,0,_
2269,0,TWXD,49,712,25,11,11,1818,1,#每天8:00#我会#更新明星们的图片#如果你也是#明星的粉#给我点关注+点双击_
2270,0,用户9832162448572,0,836,5,0,0,949,0,_
2271,0,紫竹,266,157,57,17,17,420,0,_
2272,0,芬芬,0,1869,26,0,0,1924,0,_
2273,0,用户1882942723176,0,1100,7,0,0,2380,0,_
2274,0,用户5750668411144,10,4888,55,0,1,7035,0,_
2275,0,用户5058594200113,72,2786,42,8,8,6181,0,_
2276,0,小馨馨,0,60,4,0,0,174,0,_
2277,0,用户1545343808736,0,520,11,0,0,1775,0,_
2278,0,老来俏,4,3688,76,1,1,5103,0,_
2279,0,user4241675709667,468,301,196,7,13,1662,1,一枝梅_
2280,0,珍,0,24,3,0,0,468,0,_
2281,0,用户5819457281817,0,1570,13,0,0,2141,0,_
2282,0,用户2997001048917,0,4999,47,0,0,16471,0,_
2283,0,HXQ.,0,449,10,0,0,1897,0,_
2284,0,用户3576670213772,0,552,37,0,0,964,0,_
2285,0,用户9127166817820,0,2598,11,0,0,3243,0,_
2286,0,用户841011455033,0,1338,17,0,0,3761,0,_
2287,0,我是你的王,76,1748,33,3,3,15724,0,_
2288,0,云天,0,4946,24,0,0,10262,0,_
2289,0,李芳,0,603,1,0,0,821,0,_
2290,0,为自己活一次,0,148,53,0,0,548,0,_
2291,0,用户7643002347643,0,3707,31,0,0,5444,0,_
2292,0,123+:,0,237,0,0,0,319,0,_
2293,0,仨孙子奶奶,0,972,16,0,5,2881,0,_
2294,0,用户906314989066,0,1202,21,0,0,4590,0,_
2295,0,用户1817249986668,0,4283,91,0,0,10151,0,_
2296,0,一品夫人,0,450,1,0,0,831,0,_
2297,0,知夏(◕ˇ∀ˇ◕),0,206,5,0,0,31,0,_
2298,0,帅男,2,589,42,0,2,1780,0,_
2299,0,娄娄,0,5,8,0,0,4,0,_
2300,0,用户2289528226195,0,196,31,0,0,3291,0,_
2301,0,用户8533705574003,665,2020,124,34,34,4644,0,_
2302,0,用户358950404139,0,333,3,0,0,486,0,_
2303,0,用户3584170742414,76,3040,18,0,87,5569,0,_
2304,0,用户2558590513352,0,27,3,0,0,20,0,_
2305,0,玩玩就好,503,959,163,15,15,2410,0,_
2306,0,青琅玉,0,349,16,0,0,391,0,_
2307,0,沙冬梅,1392,2708,447,56,56,1420,0,_
2308,0,啊刘,0,1719,23,0,0,2333,0,_
2309,0,徐书英,0,4578,83,0,0,6435,0,_
2310,0,觉悟,615,1305,348,18,18,1792,1,一家人，一件事，一辈子，一起赢。_
2311,0,老四,84,691,93,5,6,3771,0,_
2312,0,幸福家庭,100,4698,107,6,6,15811,0,_
2313,0,用户9969530497430,0,581,0,0,0,0,0,_
2314,0,用户3512546513903,877,3094,123,67,67,7381,0,_
2315,0,o,0,87,112,0,0,0,0,_
2316,0,用户9476611569570,0,2252,87,0,0,3199,1,小丽_
2317,0,用户3752430514900,0,2159,6,0,0,3595,0,_
2318,0,用户3899880555338,477,2032,331,16,16,2643,0,_
2319,0,沙里淘金,0,3326,39,0,0,6993,0,_
2320,0,用户9229590158579,0,2190,12,0,0,2956,0,_
2321,0,用户3013025526540,4,39,7,4,5,189,0,_
2322,0,快乐每一天,487,804,173,0,0,0,0,_
2323,0,用户6380933624205,0,4839,62,0,1,16923,0,_
2324,0,徐苏红,89,132,27,4,4,1106,0,_
2325,0,哈哈哈哈那个人v给,9,42,9,2,2,914,0,_
2326,0,hhghhh,0,1264,44,0,0,3225,0,_
2327,0,金色麦浪,2,16,5,0,4,609,0,_
2328,0,川哥,0,115,7,0,0,337,0,_
2329,0,秀英💝,237,1391,162,14,14,4549,0,_
2330,0,熊玉贤,1,1616,63,0,0,9853,1,～_
2331,0,用户6064513641651,0,3332,10,0,0,4079,0,_
2332,0,苹果🍎,0,2856,10,0,0,7627,0,_
2333,0,用户9825865501697,187,170,20,27,27,1117,0,_
2334,0,✐ ᵕ̈,6,3751,21,1,1,3882,0,_
2335,0,用户9945053595422,66,1133,65,3,3,1296,0,_
2336,0,用户8700889875169,293,281,42,13,13,511,0,_
2337,0,燕子,23,1386,67,1,1,6029,1,英雄一路走好_
2338,0,用户8559926104893,0,13,2,0,0,32,0,_
2339,0,李静芳,0,2287,19,0,0,2910,0,_
2340,0,用户5394623887688,0,719,6,0,0,1202,0,_
2341,0,瑞,0,1641,20,0,0,1689,0,_
2342,0,用户9142287782291,6,4355,24,3,3,5745,0,_
2343,0,萱淼,0,681,13,0,0,344,0,_
2344,0,用户3187511139929,0,1299,16,0,0,1682,0,_
2345,0,用户6631036113400,0,48,17,0,0,583,0,_
2346,0,用户6394242711075,346,196,66,13,13,2467,0,_
2347,0,刘,0,1134,9,0,0,1335,0,_
2348,0,老贾,0,3294,106,0,0,10324,0,_
2349,0,用户404937,226,203,137,5,5,405,0,_
2350,0,yxy,131,406,69,3,3,6896,0,_
2351,0,美好世界,15,55,3,5,5,61,0,_
2352,0,一冉,77,62,27,5,5,385,0,_
2353,0,春朵,54,3351,71,1,1,7636,0,_
2354,0,用户4805126853134知足常乐,0,583,9,0,0,1797,0,_
2355,0,绿色,0,1680,11,0,0,14964,0,_
2356,0,6586我的幸福从心开始。,121,320,25,31,31,1303,0,_
2357,0,昊宇,0,2457,53,0,0,4192,0,_
2358,0,女王,16,141,12,0,20,271,1,"拿513147699. ,_"
2359,0,胡大姐,575,161,78,19,20,1421,0,_
