0,0,`  噗嗤,70,52,44,16,16,1208,0,_
1,0,折了角的鹿,0,15,1,0,0,1214,0,_
2,0,云中熙,5,79,2,0,1,0,1,做了一场美梦 梦醒了_
3,0,哈喽居居🐷,209,283,13,10,10,1672,1,姐姐我祖安人 没事儿别搁我这儿瞎bb🤐抖音自己玩的 不想出名不想火留言一般不回 私信也是男女朋友姐姐都有 你没戏 ok？_
4,0,Lilian,0,7,1,0,0,12,0,_
5,0,大眼睛,0,67,6,0,0,38,0,_
6,0,鳩,0,174,6,0,0,5159,1,🤫_
7,0,波波星球的大头鸭～,1,175,20,0,1,435,1,本鸭的胖皮喵已经返回波波星了吧？😔_
8,0,大队长,87,661,43,9,9,24943,1,2019夏天_
9,0,在路上,96,173,41,15,16,10081,0,_
10,0,Snoopy,6,563,13,3,3,5875,0,_
11,0,我啊,135,37,46,11,13,0,0,_
12,0,江淼啊江淼,0,25,6,0,0,108,1,“想去没人的岛，摸鲨鱼的角”_
13,0,Null,2,745,4,1,1,11273,0,_
14,0,哈哈哈,0,12,1,0,0,109,0,_
15,0,。。。。。。。。。。,1,37,0,2,2,478,0,_
16,0,Yeah,16,166,22,0,0,0,0,_
17,0,xT丶筱琪,0,127,3,0,0,213,0,_
18,0,蒋桃子,559,60,25,2,2,244,1,世间万物皆美好不来分享怎么行纯素人分享身高172体重106左右 混合痘痘肌_
19,0,南汐寒笙,0,40,26,0,0,9251,1,纵被春风吹做雪，决胜南陌碾成尘_
