0,0,用户2611202098701孙淑美,2,19,3,1,1,21,0,_
1,0,羨羨,7,4249,20,9,10,5714,1,四叶草_
2,0,两宝贝,121,345,23,27,28,1879,0,_
3,0,乐乐,30,308,49,1,1,1177,0,_
4,0,电灯泡子,976,1908,229,467,467,3103,1,我是二年级的小女孩，请大家多多关照，我每天都会更新新作品，不过我快开学了，可能不会更新太多。，我只是想要50万个赞，不是要关注。_
5,0,簡  愛,3,324,43,0,6,573,0,_
6,0,杨,2669,249,130,140,140,3315,0,_
7,0,👍陈俊腾✊,287,84,32,42,45,531,1,我叫俊腾  未来的日子都会英俊潇洒，飞鸿腾达哦！_
8,0,薄凉,0,2,0,0,0,18,0,_
9,0,花里胡哨✔,53,393,26,8,10,618,0,_
10,0,小邓,0,2419,413,0,0,2498,0,_
11,0,我是遇见更好的自己有关必回拒绝私聊,36446,1079,1061,0,0,0,0,_
12,0,萱萱妈,0,279,38,0,1,213,1,生活感悟 你是否也正在经历着感谢关注 不嫌弃我们做朋友吧唯心：maxuhoney（互相温暖）_
13,0,汨罗CBD,0,16,1,1,1,101,1,"汨罗国际龙舟竞渡中心，望成为汨罗CBD,为汨罗形象增添色彩！_"
14,0,东武妹妹,346,303,936,2,2,0,1,一个颓废的富婆_
15,0,滚,562,209,335,1,1,1897,1,么么哒_
16,0,Jtopia,43,117,46,2,7,94,1,喜闻乐见。_
17,0,清哥很酷11,4,167,20,0,2,532,0,_
18,0,用户8306808263303,149,234,13,39,39,943,0,_
19,0,💎微女王集团79分公司～绒,1040,424,195,52,103,1459,0,_
20,0,神采的不好玩,0,21,1,0,0,308,1,我……_
21,0,归去来,0,7,1,0,0,14,0,_
22,0,小虎队,6946,268,494,203,203,1144,0,_
23,0,小可爱哟,91,255,39,0,0,0,0,_
24,0,小辣椒🌹,901,614,156,60,60,2357,1,世界上所有的惊喜和好运，都是你累积的人品和善良_
25,0,如镜,163,39,26,28,29,563,1,我自风情万种，与世无争。_
26,0,木三工鸟木,253,85,123,7,9,3436,1,完美主义者_
27,0,曹其宏,46,918,33,17,18,2722,0,_
28,0,﹏香中别有韵丶清极不知寒,85,1103,14,24,27,1011,0,_
29,0,姨太太,3524,4113,4461,26,28,0,1,感谢抖音，感谢平台🥰让我们相遇❤️谢谢你这么优秀还关注我你不取关我绝不取关回关难免限制，体谅体谅_
30,0,`吾＆时光与她,32,486,15,7,7,409,0,_
31,0,谢余金,508,275,276,9,9,108,0,_
32,0,田源,36,9,56,4,4,69,1,I miss you_
33,0,北柒^陌人。。,93,73,21,24,24,200,0,_
34,0,P inK,0,9,0,0,0,7,0,_
35,0,柯小迪,0,477,21,0,0,0,0,_
36,0,🍬,253,82,89,5,5,312,0,_
37,0,TOI图益拼图,0,219,5,0,0,47,1,小拼图，大世界_
38,0,姜姜姜慧  子.  🌻,552,149,104,23,24,1664,0,_
39,0,小佘,103,648,54,19,19,6212,1,夏_
40,0,东北你二姐,821,442,200,39,39,1696,1,中年裸辞重新开始的老阿姨工作中带过敏娃的无限打怪人生专治不开心记录自己10几年的职场故事和感悟_
41,0,哈二,58,26,40,0,0,0,0,_
42,0,张梓妍,101,515,22,17,22,1308,0,_
43,0,用户7774465376880,1,428,56,0,3,1111,0,_
44,0,ZzZzccll,14,52,19,2,2,65,1,努力善良保持爱。_
45,0,楠,253,250,122,15,17,933,0,_
46,0,玉玲,0,745,18,0,0,3134,0,_
47,0,薇安👩,714,1803,111,128,129,8533,0,_
48,0,愿望,167,60,27,20,21,816,0,_
49,0,英子(用户400861160687）,4384,621,275,102,103,241,1,江苏省宿迁市沭阳县_
50,0,樊蔻,2131,4060,1227,56,58,600,1,HOT:化妆品源头厂家，爆品发源地_
51,0,辰博,119,163,42,20,20,2357,0,_
52,0,不要迷恋哥,367,344,64,31,31,641,0,_
53,0,用户5345972107266,0,56,4,0,0,150,0,_
54,0,四季如春,0,26,2,0,0,421,1,不为模糊不清的未来担忧只为清清楚楚的现在努力_
55,0,尹氏幺妹,600,1307,205,25,26,5027,1,该放手时就放手_
56,0,知足常乐,74,7,26,5,5,28,0,_
57,0,小小馨,1194,4964,980,300,303,1264,1,18279675001_
58,0,圈圈圈圈,0,1032,8,1,1,889,1,短视频达人招募_
59,0,苏蘅,0,38,10,0,2,96,0,_
60,0,已重置,30,63,4,16,16,589,1,v ❤九三九六五八三八九_
61,0,爩,69,268,8,0,0,0,0,_
62,0,顺其自然吧,66,810,3,0,0,0,0,_
63,0,Butter,6,485,5,1,1,5157,1,快乐小付_
64,0,Harder,59,165,68,0,0,10,1,“知足且上进温柔且坚定”_
65,0,瑞棋鲜果铺,1231,1392,402,121,125,5123,0,_
66,0,冬天的冰,119,135,43,17,17,286,0,_
67,0,用户5526457309812,47,344,3,48,48,4566,0,_
68,0,翠,238,1010,39,39,39,5834,0,_
69,0,爱的味道,19386,3492,1897,326,326,1467,1,为了孩子，为了生活，再苦再累都要坚持，加油＾０＾~加油_
70,0,用户2656252934822,0,588,42,0,0,625,1,那都不是事儿_
71,0,馮思溪Circe,14,60,57,2,2,73,0,_
72,0,路过的风,110,379,47,18,28,951,0,_
73,0,龙,193,528,57,33,35,1511,0,_
74,0,小伟伟,0,1809,3,0,0,10465,0,_
75,0,来份薯条,13,3,14,0,0,0,1,0_
76,0,龚暖暖🗯,73,59,29,9,12,177,0,_
77,0,亲亲我的宝贝,3212,2089,301,308,312,6778,1,为女儿加油_
78,0,携手并进，未来可期！,2,8,5,0,0,0,0,_
79,0,独立,309,279,60,17,17,840,1,你赞1我回3，不信你试试！_
80,0,颖姐,25,1670,14,10,11,5210,0,_
81,0,徐,0,17,14,0,0,848,0,_
82,0,崔妮儿,19,1741,20,4,4,561,0,_
83,0,Lisa,80,296,26,11,11,1898,1,本人男爱好你_
84,0,淡淡,9,263,32,1,1,622,0,_
85,0,孙丽,856,107,73,18,20,0,0,_
86,0,用户3797829223254,0,3,0,0,0,3,0,_
87,0,何必当真！,492,40,380,18,19,326,1,想了解本家产品加微：ruhsar127    拒绝闲聊！！！..._
88,0,河南永之发机械设备租赁专业高空别升降平台,13,281,63,1,1,234,1,河南永之发总经理_
89,0,萱宝宝,9,25,15,7,7,146,0,_
90,0,@,0,73,1,0,0,112,0,_
91,0,优墨,1060,327,94,72,75,748,0,_
92,0,小月儿,316,727,329,6,6,1723,1,女孩子是没有爱情的  谁对她好 她就跟谁跑了_
93,0,A何林洋,362,384,185,25,25,857,0,_
94,0,大云zei、,290,62,33,21,22,664,0,_
95,0,萱萱baby,68,329,21,0,3,2477,0,_
96,0,💋正在下载幸福💋,3711,757,445,62,66,3269,1,喜我者我惜之，嫌我者我弃之。_
97,0,四姑娘,6303,21,224,40,41,744,1,抖音记录美好生活🌼🌼🌼_
98,0,Yoyo,38,37,7,13,13,16,0,_
99,0,陈晓吟,198,58,17,80,80,233,1,7_
100,0,婷婷,1201,483,210,115,136,3628,1,愿所有人开心(∩_∩)_
101,0,未来,63,36,18,4,4,822,0,_
102,0,用户4376544672105,2,84,3,1,1,317,0,_
103,0,爱我爱的人,4398,5001,3394,279,281,3742,1,爱情就是含笑饮毒酒！_
104,0,蓝树林,204,550,580,3,61,4914,1,💞种一棵树最好的时间是10年前，其次就是现在      💞育儿  创业  记录美好时光           💞越努力越幸运_
105,0,絷夢伊、xue¡：,318,462,155,18,18,3933,1,我懂这世间人心凉薄却偏偏固执的想要寻求温暖_
106,0,欣欣向荣,7407,313,656,165,168,3193,0,_
107,0,静静,147,101,90,22,22,351,0,_
108,0,y,273,419,28,45,50,789,1,獭兔_
109,0,"。？，, 卿",0,80,1,0,0,163,0,_
110,0,张张,0,42,4,0,0,0,0,_
111,0,情儿baby_75188,38,124,17,6,7,2373,0,_
112,0,自由飞翔,254,344,151,13,13,565,0,_
113,0,遥远@,5,13,2,2,2,38,0,_
114,0,深海,10,35,4,0,0,0,0,_
115,0,信仰宝贝,133,668,416,6,10,926,1,Faith is the most powerful strength in the world信仰是世间最强大的力量_
116,0,快乐的玩,210,1518,24,45,45,9077,0,_
117,0,小小脏,0,114,32,0,0,6,0,_
118,0,The heartbeat,69,403,112,0,0,2202,0,_
119,0,用户5635285626057,0,36,7,0,0,31,0,_
120,0,用户4319134512122,0,54,1,0,0,109,0,_
121,0,开心每一天才叫幸福😄,4563,4423,1415,120,129,2395,0,_
122,0,🐶🐶🐶🐶,184,67,45,34,37,4699,0,_
123,0,🇨🇳心态好，一切都好🇨🇳,1554,169,75,103,105,2799,0,_
124,0,明明爱健身,27586,104,6021,39,39,0,1,感谢大家的支持和关注🙏🙏快和我一起变瘦变美吧🤗🤗_
125,0,👩‍👩‍👧央央妈咪！,1380,995,239,13,16,5527,1,祈求老天保佑我的乖宝平安快乐地成长！🙏🙏🙏_
126,0,思思,25,139,36,0,0,0,0,_
127,0,东东,176,32,46,19,19,383,1,懂得珍惜，才配拥有。_
128,0,Jane🐰,131,16,1094,0,0,0,0,_
129,0,用户4927473745945,0,1,2,0,0,1,0,_
130,0,用户518316762934,1,5,4,0,0,7,0,_
131,0,金佰特酒店用品,242,804,155,56,56,1364,0,_
132,0,小小小小少年,114,1165,28,5,5,13838,0,_
133,0,TypeForMe,23,29,11,4,4,0,0,_
134,0,蓝瞳,199,104,74,13,13,0,1,努力努力再努力，幸运幸运再幸运！_
135,0,幸福,1,1738,6,0,0,0,0,_
136,0,石佳秀,0,440,2,0,0,28,0,_
137,0,果酱，(7月24曰),2517,4677,235,472,475,25454,1,大家好！☞我叫Xiaoou Zhu Jingwen7月24日是我生日。_
138,0,天涯海阁,868,196,116,123,126,528,0,_
139,0,足迹.《金锹专业挖树团队》,6190,305,774,164,186,0,1,金锹专业挖树团队。15229339581_
140,0,小六安,0,31,3,0,0,218,0,_
141,0,，，,0,141,23,0,0,636,0,_
142,0,小杨,4974,5000,1442,112,114,17496,0,_
143,0,小星星,43,131,40,1,1,280,0,_
144,0,诚宝,3795,1807,2273,19,21,2647,1,分享爱撅嘴的可爱大眼萌娃——我的诚宝_
145,0,La búsqueda de amor,0,336,11,0,1,42,1,有事联系V    wahahatutu_
146,0,心愿（感谢点赞👍🇨🇳）,18628,4501,2101,382,508,0,1,善良，简单，快乐，是我对生活的态度！生活的点点滴滴是人生的经历和累积，女人要一生如花！💃🌹💖😄_
147,0,老石,8,33,9,2,2,61,0,_
148,0,博洋欢乐购,491,4980,1079,35,38,322,1,点滴为你！_
149,0,涵涵&悦悦,105,110,80,14,14,743,0,_
150,0,小凡凡😊,453,32,33,80,80,0,1,过自己喜欢的生活_
151,0,雪之源伦,43,215,33,11,12,684,0,_
152,0,杨家小姐。,340,97,78,6,7,0,1,你可以有一段狼狈不堪的经历，但绝不要纵容自己有个烂透的人生。_
153,0,千里单骑,294,249,64,29,29,1374,0,_
154,0,凉心@,862,495,96,51,51,2223,1,自己的事情自己做，别让依赖成为一种习惯。_
155,0,724966305,17,69,1,6,7,449,0,_
156,0,哇哦,0,1440,72,0,1,56,1,沙雕一个@哇哦[姐妹帮]本人大号_
157,0,用户1179219332068,11,347,7,2,2,1630,1,uiiipolloooooikllpp39 人Io_
158,0,安吉🌹大自然饭店,606,468,135,23,25,567,1,自古人生最忌满，半贫半富半自安；半命半天半机遇，半取半舍半行善；半聋半哑半糊涂，半智半愚半圣贤；半人半我半自在；半醒半醉半神仙；半亲半爱半苦乐；半俗半禅半随缘；_
159,0,小龙,215,429,160,16,17,33884,0,_
160,0,隆菇凉,809,1469,1441,57,57,782,1,后来才知道，世界其实真的很大，没有刻意地见面，就真的没有再见过了_
161,0,天天开心陈满芝,16779,3892,1533,680,693,9173,1,农民大老粗啊，51年的兔妈妈老陈。可大人。_
162,0,神秘蓝精灵,0,1635,28,0,0,14,0,_
163,0,雅羽绒服,27,50,12,4,4,326,1,姐妹们节日快乐_
164,0,爱你的人,52,433,128,3,3,31,1,感谢大家关注我_
165,0,阿华,0,1182,23,0,0,3940,0,_
166,0,格局,4,13,19,2,2,154,0,_
167,0,多么甜,0,24,0,0,0,0,0,_
168,0,陈海琪,112,467,56,45,46,777,1,27岁_
169,0,鱼鱼,522,539,46,44,46,2246,0,_
170,0,沐马_Mu,735,104,67,74,74,533,1,谢谢关注_
171,0,迷失的我,50,41,20,6,6,110,1,人海中相遇是缘分。你若不离，我必不弃。且行且珍惜。_
172,0,🎄小雪✨的妹妹,797,4116,1390,184,184,5291,0,_
173,0,🌹智慧情梅🌹,2145,114,150,101,101,0,1,🍓🍎陪伴是最长情的告白！！！🍓🍎_
174,0,蕊朵,8,59,7,5,5,38,0,_
175,0,小Du,19,294,17,5,7,20490,1,……_
176,0,刘英,0,62,3,0,0,99,0,_
177,0,雲,763,441,138,11,14,2996,0,_
178,0,sorry,0,72,5,0,0,31,0,_
179,0,一帘幽梦窗帘城,30,47,16,6,6,222,1,有你们真好_
180,0,一切随缘,1316,1862,492,20,20,10491,1,往事如烟，过好自己，今朝有酒今朝醉，_
181,0,小小安,1256,3576,109,169,169,74459,1,安禹同_
182,0,后期厨子,184,187,35,29,29,380,1,为人择事为事择人_
183,0,用户6473790050329,0,185,3,0,0,799,0,_
184,0,用户105618287003,5,57,5,2,2,531,0,_
185,0,小茜,8062,87,1930,20,23,36884,0,_
186,0,遥遥思思,0,45,27,0,0,426,0,_
187,0,狗尾巴草。,201,267,189,12,13,1216,0,_
188,0,金平爱美康养生馆,0,34,15,0,0,13,0,_
189,0,记忆,4512,2541,1144,427,428,9818,1,我是曦月的朋友_
190,0,吴翠迪,121,335,51,18,23,1588,0,_
191,0, 小初🦄,75,479,35,11,11,521,0,_
192,0,和平精英陈雨蓝4,302,334,30,96,96,999,1,我是学生，黄金段位。能带我吃鸡吗？_
193,0,迈巴赫,11,871,74,0,0,4996,0,_
194,0,雨中百合😊,5225,4510,1608,58,59,2284,0,_
195,0,🍓草莓🍓红色,1494,1035,254,35,35,29266,0,_
196,0,用户8752793158276于文丽,0,1226,42,0,0,612,1,我是一本书，有太多故事.2001年远嫁他乡，从此开始了生命中的另一种旅程！_
197,0,象,0,224,2,0,1,285,0,_
198,0,春,1908,5001,1198,182,336,3582,1,永远保持年青人的心太，号称老玩同!多学年青人的活力!_
199,0,快乐小海豚,226,139,34,24,24,11708,0,_
200,0,万万,1677,1432,176,203,205,3402,0,_
201,0,迷你世界🌟蛋蛋鸭！顾家,79,1578,141,0,0,0,0,_
202,0,小嘟嘟,93,356,36,51,51,1108,1,你关注我了吗，😒，不然我就关注你😯_
203,0,阿煎,89,501,42,20,20,0,0,_
204,0,我不是沈佳妮,35,116,1,31,31,1241,0,_
205,0,旧梦,562,608,73,114,114,21846,1,等你mm_
206,0,睡不饱的猫🐱,1773,123,306,208,208,0,1,人生的路，靠的是自己一步步去走，真正能保护你的，是你自己的选择，女生更是要明白这一点哟🤗🤗🤗_
207,0,不知道,789,1729,147,432,432,9780,1,莫唉姥紫_
208,0,用户9185625225778,13,21,3,7,7,44,0,_
209,0,凉拌大魔王,262,3598,692,13,13,1740,1,踏平坎坷成大道斗罢艰险又出发微光号7452317虎牙号2404179779_
210,0,念你如最初,105,305,40,29,29,429,1,念你如最初_
211,0,手机用户79872839269,0,44,5,0,0,0,0,_
212,0,云南妮子,244435,1300,31291,104,117,0,1,感谢抖音官方给我们这么好的平台展示自我，在这里能认识五湖四海的朋友，祝大家万事如意，心想事成，身体健康，谢谢！_
213,0,我就看看,0,499,52,0,0,1671,0,_
214,0,明天·你好,4323,689,388,210,211,3357,1,人心复杂！！！！_
215,0,一曲忧愁<笑看人间荒凉,1387,2133,1849,49,49,6606,1,这一生一条路走到黑，是无味，无谓，也无畏_
216,0,林儿,9,44,18,3,3,74,0,_
217,0,手机用户3486784320,314,735,77,33,33,382,0,_
218,0,寒大人,152,528,52,18,18,0,1,👸 一个可萌可御的女子❣️普通话不标准的声播✨ 你想听的话，我说给你听💥1000粉丝后露脸_
219,0,爱瑞,276,161,67,32,33,822,1,幸福就是这么简单_
220,0,用户2235644416960,33,31,14,5,5,296,0,_
221,0,啊秀,5480,978,514,88,89,8831,1,感谢抖音，让我记录生活中的点点滴滴开心过我每一天。_
222,0,幸福安康,0,313,13,0,0,1301,0,_
223,0,糖糖果果,426,155,153,35,36,138,1,生活很现实，你有多努力就有多幸运。_
224,0,你侬我哝,308,45,21,12,13,10,1,你侬我哝，新农带货～_
225,0,北方的一颗星,132,277,17,39,39,2634,0,_
226,0,用户9854311602298,446,1372,150,70,76,1008,0,_
227,0,dytaeu5b2juz,353,2099,421,77,79,854,1,卖五箱_
228,0,英雄无悔,890,166,101,0,0,0,0,_
229,0,我的小宝贝,17876,801,1415,951,952,21588,0,_
230,0,我看见你了,39,82,41,3,3,340,0,_
231,0,用户8561914787218,0,75,0,0,0,161,0,_
232,0,用户441902325987,0,141,13,0,0,322,0,_
233,0,天行健,140,1509,200,2,39,0,0,_
234,0,欧巴,0,542,121,0,0,124,0,_
235,0,江小哥爱追剧,263,35,41,22,23,0,1,🙏感谢抖音官方、感谢关注🙏影视精选、每天持续更新🙏希望能带给大家快乐！_
236,0,糖果🍬屋,974,140,101,72,72,653,0,_
237,0,静静的夜晚,168,83,22,18,18,0,0,_
238,0,沐沐时光小屋,20,116,57,0,1,3367,0,_
239,0,美凌MEILING,319,38,49,11,15,0,1,人生如茶，苦极回甜。_
240,0,我不是我,14,142,34,0,0,0,0,_
241,0,汐汐妞儿,40,279,25,0,0,0,0,_
242,0,已看完,0,88,1,0,0,7962,0,_
243,0,XIao铂淳麻麻,277,128,58,36,36,0,1,👩‍🏫96年的宝妈一枚 ❗️🐶18年12🈷️25日出生的宝宝、📝记录儿子成长、 感恩🙏🙏感谢你这么好看还关注我❗️_
244,0,Abby学霸姐👑,5,202,42,6,6,2,1,我喜欢你喜欢我不喜欢你不喜欢我喜欢我喜欢你喜欢我喜欢你吗？_
245,0,紫都美容,2,255,15,1,1,0,0,_
246,0,北海以北,7,151,7,1,1,219,1,行吧，就用你记录我的美好生活。_
247,0,卢斌,173,159,52,34,35,755,0,_
248,0,遇见,2130,266,222,72,83,612,1,一生温暖纯良，不舍爱与自由。_
249,0,我不是我,113,309,46,22,22,5,0,_
250,0, 优 优,70,345,34,16,19,1107,0,_
251,0,用户7473521465832,0,767,117,0,1,22,0,_
252,0,原来是天仙配,127,3036,27,18,18,6333,0,_
253,0,Believe yourself,1760,184,1066,23,24,1531,0,_
254,0,用户4231237331217,2,632,56,1,1,693,0,_
255,0,林爱爱,45,448,44,104,104,29,0,_
256,0,阿   伟,3774,82,361,74,76,1769,1,爱是责任，情是包容！_
257,0,肉肉麻麻,0,144,47,0,0,472,0,_
258,0,抖音最火音乐,871838,81,89850,49,50,0,1,让我看看是谁这么温柔关注了我抖音最火音乐每日更新私信必回感谢支持❤️❤️❤️_
259,0,四小天鹅,6,37,0,0,42,132,0,_
260,0,用户5268530662353,5842,240,760,136,146,1832,1,不想说太多只想擦肩而过_
261,0,小太阳,5,434,32,0,9,2500,0,_
262,0,芯态,500,450,212,7,9,4501,0,_
263,0,美好生活,24,49,7,5,5,90,1,记录生活，记录幸福_
264,0,全职妈妈,341,103,27,64,65,6169,0,_
265,0,燕娃子,303,216,686,3,3,629,0,_
266,0,王洪梅.594987275348,506,3486,649,69,72,539,1,聚好人，做好事，走正道_
267,0,love you baby,0,48,5,0,0,10151,0,_
268,0,用户6732824064976,397,393,64,81,81,3085,0,_
269,0,頔,12,53,3,0,0,0,0,_
270,0,吴可可,1142,3318,458,140,141,8557,1,我叫可可。_
271,0,翔翔家的雍雍,915,666,82,145,146,7357,1,快乐成长_
272,0,幸福满满,758,2993,222,131,134,7500,1,请求给个关注，给个小心心，谢谢你们😊_
273,0,用户4767515975523,0,1192,11,0,0,4830,0,_
274,0,格拉西亚,123,417,17,33,33,1174,0,_
275,0,允娟,0,14,8,0,0,503,0,_
276,0,阿妮哥,0,248,56,0,0,80,0,_
277,0,HLBB,276,364,74,22,22,7410,0,_
278,0,慕青,5,436,32,3,3,862,1,天很蓝_
279,0,蓝莓酱,150,340,38,9,9,1259,1,追逐繁星的孩子！_
280,0,ddgtcggf,0,528,16,0,1,0,0,_
281,0,行行广告,57,52,147,6,6,137,1,感恩、宽容、责任的心，成就美好未来!_
282,0,醒醒,146,90,27,23,23,36,1,是妈妈的小可爱啊_
283,0,嗨！好久不见,149,526,108,4,4,0,1,戒不掉的抖音，熬不完的夜_
284,0,用户3645784449245,0,180,25,0,0,1288,0,_
285,0,💅,433,344,312,7,39,1130,0,_
286,0,🌺      Sy,154,217,91,0,0,0,0,_
287,0,🌺刘家大小姐🌺,2584,310,206,72,75,2917,1,过好自己，健康快乐每一天！_
288,0,And晨,28,257,45,16,16,727,1,🐼牙刷   VX:   18717495212🐼牙刷   VX:   18717495212🐼牙刷   VX:   18717495212🐼牙刷   VX:   18717495212_
289,0,刘怡然,106,2278,42,32,32,4840,0,_
290,0,娜天,163,254,81,15,15,1048,0,_
291,0,乖乖,132,386,25,41,41,1938,0,_
292,0,@小苏泷☀☀☀,982,12,136,37,38,31,1,“我的花会开的，生活也会慢慢来拥抱我的”。_
293,0,婷婷,7198,403,446,588,590,7780,1,不忘初心，一心一意_
294,0,小西贝贝,2,1499,16,1,1,11,0,_
295,0,人格魅品~陳官官,58,2647,86,12,12,73,1,他勤奋~他努力~他从不干坏事情、他可以不吃不眠不喝☜连呼吸都能活成你想要的样子……这不是演员☞_
296,0,C Y H,0,17,6,0,0,389,0,_
297,0,茗蝉茶业,19,3,125,1,1,6,0,_
298,0,876511436,238,1806,48,124,127,5055,0,_
299,0,母婴产品找合作伙伴,0,429,11,0,0,189,0,_
300,0,莱康,0,246,33,0,0,1841,0,_
301,0,何兰豆,120,144,29,17,17,499,1,谢谢你们的关注_
302,0,丰哥哥,12,64,33,2,2,648,0,_
303,0,莫名其妙,72,336,102,17,22,1223,1,不死终有出头日_
304,0,bee,248,86,82,22,23,205,0,_
305,0,笑傲。。,2,19,9,1,2,181,0,_
306,0,星冉艺术,1,76,16,0,1,4511,1,心中有爱永远都是阳光明媚，加油_
307,0,酒酿汤圆,78,146,117,13,13,7605,1,将进酒，杯莫停_
308,0,小兔崽子🐰,346,2570,69,19,19,7105,0,_
309,0,哪吒和敖丙,78,207,41,55,55,942,0,_
310,0,徐然,0,1362,25,1,1,2100,0,_
311,0,易杰 美,1,535,32,0,0,1067,1,？_
312,0,Luckly ゾ,443,223,70,59,60,1389,0,_
313,0,用户1996462955152,0,103,15,0,0,37,0,_
314,0,哥有老婆她很爱我,2706,5000,508,79,108,27012,1,有你真好_
315,0,小金,1677,690,203,99,101,3177,0,_
316,0,丽沣假发  九襄店,4218,674,434,103,104,13918,1,丽沣假发，专业烫染。根据五官专业假发定制，专业发型设计。咨询热线  ☎️13981648612_
317,0,悦小九👑,16061,181,2034,178,182,0,1,记录羽宝，悦宝的成长_
318,0,单身的我,3268,678,357,0,0,0,0,_
319,0,用户8945750237731,11,120,23,1,1,102,0,_
320,0,🐋,29,135,13,5,5,0,0,_
321,0,小怪兽001,603,3114,2364,43,43,603,0,_
322,0,用户小美,512,57,72,24,24,241,1,美丽的心情_
323,0,小刘老师,42900,262,5018,33,33,3554,1,仙女们养发护发的秘诀曼德琳告诉你_
324,0,沉默@以爱,302,122,298,0,0,0,0,_
325,0,用户3564994417557,0,301,6,0,0,278,0,_
326,0,￡':,461,229,83,12,15,1861,0,_
327,0,优墨,841,195,164,45,48,3283,1,简简单单，多好。_
328,0,゛゛低调的小女子^_^,738,273,99,91,91,4322,1,Be a happy self for the rest of your lif_
329,0,尚品装饰～凤瑶,141,1351,532,8,8,1416,0,_
330,0,美了美了,120,1563,93,7,7,1931,0,_
331,0,诺计谋,0,75,19,0,0,2919,0,_
332,0,林大柒,0,331,6,1,1,191,0,_
333,0,用户4307410888355,0,1463,18,0,0,11580,0,_
334,0,🍉,149,123,51,26,26,354,0,_
335,0,随风,0,4487,211,0,0,0,0,_
336,0,-咪了个嘛呀,11,29,0,6,6,261,0,_
337,0,草莓🍓🍓Alive,0,887,15,0,0,1726,1,没有最好 只有更好_
338,0,太子,176,66,53,14,44,300,1,电视民工一枚_
339,0,点点滴滴,66,131,34,6,11,869,0,_
340,0,Fsaltaep,6,11,1,1,1,344,0,_
341,0,♥️,392,209,106,16,18,6707,0,_
342,0,用户4766535413403,11,59,12,1,1,138,0,_
343,0,凯哥,0,265,47,0,0,16181,0,_
344,0,相濡以沬,61,33,10,14,14,200,1,甜蜜记忆_
345,0,钱程似锦 ₁₃₁₄²⁵⁰゛ོ,134,2582,147,12,13,5093,0,_
346,0,小引是小可爱,2218,364,216,128,129,2202,1,触摸不到的幸福，再努力也是徒劳_
347,0,爱上柠檬的味道，,831,122,75,157,157,487,1,一切随心所原_
348,0,戴姐,0,5,0,0,0,23,0,_
349,0,用户2822046694229,0,37,1,0,0,244,0,_
350,0,用户3402802910576,0,55,17,0,0,511,0,_
351,0,韩雅霓,70,1895,60,34,34,1793,0,_
352,0,王天乐,29,287,79,4,4,47397,0,_
353,0,乐乐肖,63,6,42,9,9,3,0,_
354,0,开心就好,60,32,24,7,7,500,0,_
355,0,突击者,0,45,14,0,0,117,0,_
356,0,范范,1953,3043,908,90,90,284,1,❤️我是范范，带你看房❤️专注房产7年，助你买到如意好房，一个有爱，有温度的家🏠_
357,0,用户8723391713549,43,4043,246,0,0,0,0,_
358,0,　  º,470,73,89,56,60,300,1,有能力爱自己，有余力爱别人。_
359,0,逯培凤,2436,344,232,52,59,4314,1,做好自己，温暖周围_
360,0,宝宝不开心,735,33,62,221,228,5,1,2018-5-10🐶        记录你的💞            喜怒哀乐✨                   😚😡😭☺_
361,0,小微,162,189,25,0,0,0,0,_
362,0,M卡,151,179,43,23,24,0,1,一切原生态的美景、美物、美事都值得去珍惜！_
363,0,zqkkhno,78,293,34,12,12,1269,0,_
364,0,萍安健康,0,375,3,0,0,0,0,_
365,0,Maybe,11114,105,419,62,62,0,1,我的快乐 会回来的_
366,0,王莓莓Mia,49,946,19,0,0,0,0,_
367,0,用户5303418453517,29,316,19,4,4,1921,0,_
368,0,Honey1,41,464,41,6,6,0,0,_
369,0,土城啊秀,0,259,10,0,0,1079,0,_
370,0,用户9035961512028,0,19,1,0,0,52,0,_
371,0,张五姐,1678,205,87,111,115,3611,0,_
372,0,健之佳,0,170,12,0,0,406,0,_
373,0,用户5131736033877,92,213,7,32,32,263,0,_
374,0,伊宝,31,246,19,6,8,406,1,我就是我，颜色不一样的火。_
375,0,用户6090451181124,178,115,29,12,12,2152,0,_
376,0,琪琪,4860,188,535,0,0,0,0,_
377,0,玲儿家有三个宝宝,171,422,41,28,35,1210,1,感谢抖音，记录三个宝宝美好时光。大宝6岁，二宝5岁，三宝5个多月👦👦👧👏👏记录三个宝宝的日常生活，感谢大家的支持和关注及点赞，以便以谢！👍🙏🙏😄😄_
378,0,Ds,30,1211,36,8,8,1945,0,_
379,0,云烟成雨,119,259,38,15,40,213,1,事物的精髓，总在它离去时方可显现。_
380,0,默~,0,36,2,0,0,41,0,_
381,0,用户8718982859381,3556,325,103,136,137,4736,0,_
382,0,古月,1167,756,199,0,0,0,0,_
383,0,一笑而过,917,1071,210,33,38,4870,0,_
384,0,陈小范儿,16,675,182,2,2,75,1,我叫陈小范儿。_
385,0,mc✨小导游,7,220,9,5,5,111,1,支持mc_
386,0,Lilac_blove,52,161,16,17,18,729,1,99度_
387,0,crystal,9,132,30,4,4,213,0,_
388,0,何元元,7,1392,23,2,2,42,1,健康快乐每一天_
389,0,观音山刘亦菲,0,92,2,0,0,6,0,_
390,0,姐弟情深,308,916,45,155,155,5267,1,姐姐2008.7.4弟弟2018.8.3_
391,0,路路,133,120,139,8,8,687,0,_
392,0,冬天最美好,23,3368,133,4,5,7250,0,_
393,0,相惜,4208,5001,1602,31,33,33313,0,_
394,0,向向baby🐶🐶🐶🐶,90,521,26,14,14,13643,1,06年小母狗🐶🐶🐶🐶感谢关注❤❤❤❤_
395,0,安💅妮,285793,3966,5177,158,159,97853,1,往后余生 👫不谈亏欠💑 不负遇见💏_
396,0,❤️～～余生安好,0,313,9,0,0,31,0,_
397,0,开朗,6,46,22,0,1,329,1,。_
398,0,手机用户52343635988,1582,2691,457,211,211,2953,1,对方是你好友_
399,0,aiGSX,122,114,49,5,5,0,0,_
400,0,用户109253779,13,1451,25,2,2,2191,0,_
401,0,用户8893224348159,5,3278,24,1,1,4329,0,_
402,0,君姐姐,295,55,42,51,52,1898,1,希望一切都尽人意_
403,0,琳娜,671,187,153,35,54,5152,0,_
404,0,AA12316,92,124,40,23,23,56,1,愿走过半生，仍有一颗少女心。_
405,0,shaki khan,0,309,10,0,0,197,0,_
406,0,萍,366,2159,121,87,87,4206,0,_
407,0,__▂梅ゞ,702,130,71,76,77,0,1,承诺无数，抵不过一声我陪你｀千言万语，莫过于一句我懂你。_
408,0,星星知我心,5650,1630,1289,1,2,3282,1,曾经我们一家三口一起上班一起下班恩恩爱爱_
409,0,木棉花~May,0,362,8,0,0,57,0,_
410,0,艳玲,258,34,28,0,0,0,0,_
411,0,用户爱烂曼😚9951765995658,662,53,89,84,85,10645,1,人生那么短，何必去为难，自己的路，想怎么走就怎么走_
412,0,鹏程万里,83,111,50,11,15,65,0,_
413,0,经过,0,145,86,0,0,6040,0,_
414,0,黎川卓尔珠宝,11831,2271,2864,124,127,2014,1,珠宝是我的最爱_
415,0,幸福,38,148,15,10,11,357,0,_
416,0,有妈就有家,89,3079,749,4,4,38259,0,_
417,0,阿霖,345,376,63,27,31,3065,0,_
418,0,waner,0,6,3,0,0,35,0,_
419,0,笑笑,36,93,25,7,7,336,0,_
420,0,ammm,0,89,8,0,0,3718,0,_
421,0,平安是福,1899,209,105,252,256,2445,1,定睛回望，弹指一挥间_
422,0,品品,2162,347,224,69,69,0,0,_
423,0,宇宙无敌超级能吃,0,30,1,0,0,0,0,_
424,0,李怡阅,2536,190,121,126,126,0,0,_
425,0,余佳莉,261,1829,301,100,100,42506,1,爱跳舞、画画的贝贝_
426,0,数鹏 姚,191,4119,101,102,102,642,1,还记得第一次玩迷你世界吗还记得第一次砍树吗还记得第一次打怪吗想起来他妈真恶心我说的对不对对的就关住我_
427,0,拾荒者,293,45,29,69,69,418,1,理解万岁_
428,0,傅,0,4704,131,0,0,25601,0,_
429,0,一生平安.。,0,13,0,0,0,0,0,_
430,0,云儿,1,11,4,0,0,0,0,_
431,0,平平淡淡，简简单单,87,52,34,8,8,183,0,_
432,0,用户4858779079099,195,2527,375,3,4,3457,0,_
433,0,黙,24,81,57,4,5,22,0,_
434,0,淡然,46,77,18,3,3,183,0,_
435,0,HiSummer,0,158,0,0,0,84,0,_
436,0,可乐妈咪有点甜,509778,411,94508,18,18,2095,1,宝妈：曾经的外语系学渣一枚宝爸：曾经的阿根廷留学生一枚猪宝宝：2019年出生的大眼萌娃一枚90后宝妈，晒娃狂魔，爱打扮，更爱吃！_
437,0,馨宸,10,24,59,1,1,458,0,_
438,0,流星雨,9,173,65,1,1,465,1,未来养生你和我_
439,0,小梁同學-,16,29,4,2,2,122,1,hi_
440,0,饺子t,3,54,3,1,1,169,0,_
441,0,issac,0,272,4,0,0,24,0,_
442,0,冷香,1210,863,245,64,65,34565,1,我是冷香哦_
443,0,笨猪,0,311,17,0,0,259,0,_
444,0,用户403774942107,127,52,20,27,29,430,0,_
445,0,霸道,0,5001,204,0,0,4058,0,_
446,0,LiLi,5,27,5,1,1,205,0,_
447,0,初之,99,41,31,9,9,414,1,医生_
448,0,用户9606419836593,0,108,9,0,0,509,0,_
449,0,阿六头🎉,2,645,18,0,1,2762,0,_
450,0,钟景辉,183,2885,111,51,54,6070,1,我的兴趣爱好打蓝球，听歌_
451,0,小白兔🐰,0,75,6,0,0,281,0,_
452,0,用户1001152351335,0,16,1,0,0,157,0,_
453,0,用户4408223695345,0,116,4,0,0,1976,0,_
454,0,用户3380871625492幸福有你,0,57,10,0,0,104,0,_
455,0,枫叶,1260,4430,1228,19,19,1959,1,韶关市枫味香土特产有限公司_
456,0,一生平安,8,393,2,0,0,0,0,_
457,0,未清,0,7,0,0,0,22,0,_
458,0,用户1634251464643,0,4,0,0,0,7,0,_
459,0,暗影刺客,73,173,25,12,12,990,0,_
460,0,👯👯Peng👫👬,7,121,31,7,7,231,0,_
461,0,@微微一笑,6,14,10,2,2,98,0,_
462,0,用户3389198203767,140,71,36,17,18,145,0,_
463,0,用户5835193645527,0,177,8,0,0,0,0,_
464,0,用户9211659070894,0,8,0,0,0,25,0,_
465,0,张举秀,0,14,9,0,1,54,0,_
466,0,渲染,0,153,10,0,0,506,0,_
467,0,丽华_2047193,0,260,13,0,0,89,0,_
468,0,涵涵🇨🇳,912,32,605,61,62,1345,1,🇨🇳🇨🇳🇨🇳     🇨🇳🇨🇳🇨🇳          🇨🇳     🇨🇳     🇨🇳          🇨🇳     🇨🇳     🇨🇳          🇨🇳     🇨🇳     🇨🇳          🇨🇳     🇨🇳🇨🇳🇨🇳_
469,0,艺文,2,28,11,2,2,315,0,_
470,0,沁心，旧时光,0,19,8,0,0,2369,0,_
471,0,用户4855827671629,0,3,1,0,0,13,0,_
472,0,*liyi*,0,48,3,0,0,104,0,_
473,0,用户8536993026551,0,230,39,0,0,11056,0,_
474,0,哈哈哈,22,4594,171,1,3,9300,0,_
475,0,微凉,0,5,7,0,0,75,0,_
476,0,小可爱哟,0,4,5,0,0,64,0,_
477,0,季季来了,10709,154,902,24,133,1313,1,有好玩的@我哦！_
478,0,冷冷的甜蜜,203,615,35,46,46,1268,0,_
479,0,苏苏，,6,152,8,2,2,503,0,_
480,0,用户3746867607482,0,4,1,0,0,240,0,_
481,0,杀猪,0,19,2,0,0,25,0,_
482,0,平安,223,39,53,17,18,1158,1,务农_
483,0,用户2231117188900,0,33,7,0,0,114,0,_
484,0,987321,0,291,4,0,0,0,0,_
485,0,🌈微微一笑🍃,7,50,13,1,1,71,0,_
486,0,爱迪生,4,2788,160,0,6,1203,1,记录美好生活_
487,0,🍀🌴🌵🌷🍃💐🍁,32,150,2,20,51,0,0,_
488,0,可爱鬼若若💞,0,10,0,0,0,100,0,_
489,0,蚕豆合作社,314,147,300,7,7,0,1,蚕豆合作社常年加工大小蚕豆，精品羊眼豆，联系电话13993210118！_
490,0,从新开始,0,112,7,0,0,704,0,_
491,0,小玉玉,1614,642,174,41,58,0,1,我自风情万种，与世无争…_
492,0,乔燕,199,195,52,0,0,0,0,_
493,0,用户2446849227408,0,2036,7,0,0,4836,0,_
494,0,纯手工蛋黄酥,29,371,21,11,12,1280,0,_
495,0,一柱擎天,61,631,40,6,6,3698,1,小鸟虽小，玩得却是整个天空_
496,0,静,93,923,23,5,5,27634,1,如果一切可以重来_
497,0,————,1777,136,298,13,13,2714,1,总有一天你会知道，失去比拥有更踏实_
498,0,一念初见💋,4287,180,393,48,49,0,1,你是我既想对全世界炫耀，又舍不得与任何人分享的那个人。_
499,0,用户962421383,0,19,7,0,0,51,0,_
500,0,石台汽车站,8257,662,702,116,120,0,0,_
501,0,手机用户76570216349,0,157,5,0,0,321,0,_
502,0,趁我们还不老,766,370,752,27,427,11180,1,人生短短几十年，趁年轻把自己想做的事做了。_
503,0,萱浵宝贝,375,1078,182,42,45,6017,0,_
504,0,東嗨鮮,2193,4933,1187,99,99,532,1,海岛人，海之味，海之景，快乐影视歌唱大本营，谢谢您的关注！_
505,0,*諸夣＆鱑惛*,0,69,11,0,0,151,0,_
506,0,用户4006821143405,123,428,56,6,6,616,0,_
507,0,欧阳,94,66,23,12,14,237,0,_
508,0,火炽,31,441,42,2,2,979,0,_
509,0,春华秋实,138,200,51,7,8,1007,0,_
510,0,逸,19,91,22,1,1,293,0,_
511,0,倩倩,470,401,116,29,29,16,1,小仙女♥_
512,0,用户824749034241,0,7,6,0,0,17,0,_
513,0,Love Me,432,541,229,16,16,1155,0,_
514,0,用户9305402875414,2,3965,29,2,3,8929,0,_
515,0,用户475565877,0,258,18,0,0,5332,0,_
516,0,用户1589064568455,23,88,24,10,10,139,1,"550, chhjhlbbbbhhjjjjnccvbbhhjjmjkkkkljbhhhesasssvt as%⊙∀⊙！244419592222124211112232432告白夫妇套路1_"
517,0,建牛渔具,719,54,42,77,78,15600,1,玩抖音纯属打发时间，开心就好_
518,0,L.........M,912,110,101,71,71,3685,1,长的漂亮，不如活的漂亮。。。_
519,0,俗叔,50,243,75,0,0,0,0,_
520,0,用户7047904130625,18,2756,7,4,5,3403,0,_
521,0,微笑,773,85,83,38,39,1435,0,_
522,0,๓温柔不是姐的范儿এ,248,562,41,0,0,0,0,_
523,0,佩红,4611,2685,1446,171,171,1259,1,谢谢关注vx：18995182145_
524,0,Aluca.W,43,127,33,4,5,37,1,河南省华北工业塑料有限公司_
525,0,广西妹子,164,227,96,22,36,6053,0,_
526,0,啊彪,308,328,352,0,0,0,0,_
527,0,哒哒哒哒....,0,4313,0,0,0,0,0,_
528,0,快乐无处不在,18,43,14,3,3,126,0,_
529,0,兔子和鱼,369,158,88,72,72,673,1,芒果台公共频道电视民工二孩宝妈重庆大学毕业_
530,0,事在人为！,213,76,67,11,12,847,0,_
531,0,未知数,53,254,14,10,10,3573,0,_
532,0,蒋家丫头（拒聊）,2361,209,148,104,104,3433,1,我虽然长的丑，但是我活泼可爱_
533,0,蓝天白云下,128,835,233,3,3,0,1,乌鲁木齐_
534,0,看穿,429,274,122,86,131,1408,1,正在输入_
535,0,育儿知识,16278,193,4533,44,91,0,1,父母是孩子最好的老师愿孩子健康快乐成长_
536,0,䀍🍧（开学暂退）,27,455,12,6,6,61,1,星河滚烫，你是人间理想_
537,0,Apr05,0,14,29,0,0,9007,1,别期待 也别揭穿_
538,0,生活有你，越来越好,315,348,40,41,41,1531,1,记得关注_
539,0,1,59,1276,37,24,24,1014,1,愿一切真心不被辜负，愿一切努力终有收获，愿一切如你所愿_
540,0,小白兔,391,3814,1217,0,0,0,0,_
541,0,用户8037101527710,0,196,5,0,0,711,0,_
542,0,魏县╭(╯ε╰)╮一哥,26,357,28,4,4,588,0,_
543,0,孙冰漪,0,2208,2,0,0,6512,0,_
544,0,用户2419503274747,0,935,12,0,0,5059,0,_
545,0,芶廷清,1779,5001,1029,51,51,12019,1,芶廷清男遵义人文化不高喜欢交朋友_
546,0,RMY,0,515,23,0,0,479,0,_
547,0,迷路的羔羊。。。。。òᆺóòᆺ,6245,901,532,239,239,622,0,_
548,0,周寨名门闺秀,117,123,37,15,17,1435,0,_
549,0,峻宝贝👄👄️,206,1247,476,8,14,10479,1,🌺️🌺️愿这世间的美好都能与我们环环相扣🌺️🌺️_
550,0,MSC,0,58,6,1,1,471,0,_
551,0,蜗牛🐌幸福永久,16056,759,720,248,252,0,1,来自云南普洱拉姑妹，有喜欢的记得关注哦_
552,0,梁波,279,2668,332,16,16,517,0,_
553,0,陈育涛,9,77,17,2,2,506,0,_
554,0,小涵妞,11,410,6,13,13,993,0,_
555,0,用户9180370627667,12,81,15,1,1,125,0,_
556,0,小改,47,73,18,10,40,130,1,无论做什么，只要无愧于心就好。_
557,0,幸福很简单,495,215,93,0,0,0,0,_
558,0,用户年年有余,1266,5001,2207,40,47,5528,1,你好！✌✌_
559,0,广东光纤熔接,22,27,8,6,6,227,0,_
