0,0,菊,4,2787,13,0,0,0,0,_
1,0,家,540,92,27,104,105,858,1,耐得住性子.守得住初心._
2,0,♦失※语♦,109,49,35,11,11,91,1,别说我从温柔变成了怨妇，，请记住这都是拜你所赐💔💔💔_
3,0,*QQ.爱♥,1082,194,132,76,76,0,1,我会迎风招展，不会被寒风刺骨，不会被世俗束缚打败，加油_
4,0,重新认识自己,501,331,68,75,75,2604,1,谢谢大家的关注和点赞_
5,0,临沂益教教育培训有限公司,1909,3192,1026,731,731,0,1,免费领取1-6年级语数外学习资料！一起来吧！🌹135 2292 7666🌹_
6,0,心怡,61,511,75,14,14,0,1,1000粉露声音1w粉后路了我是心怡，我们一起加油吧！_
7,0,为了明天所以坚持到底,1281,734,162,76,76,6227,0,_
8,0,小晓耳东陈,17,68,36,3,3,328,0,_
9,0,虹妹妹,4,353,19,1,2,201,0,_
10,0,用户266950820589,9,16,4,2,2,18,1,美好时光_
11,0,英,1,11,2,1,1,15,0,_
12,0,棒棒糖！,0,1194,11,2,2,171,0,_
13,0,星尚造型@美发店,192,366,73,30,87,672,0,_
14,0,芬🐰,368,122,115,58,58,671,0,_
15,0,掌上明珠,1023,611,97,101,103,1847,1,人生没有等出来的辉煌，只有拼出来的精彩，加油哦！_
16,0,小米奇,1194,258,168,86,86,5024,0,_
17,0,宝儿,1046,259,107,196,201,5107,0,_
18,0,钱硕硕,9,64,3,4,4,688,0,_
19,0,用户4886126081127,0,47,25,0,0,306,0,_
20,0,波波～,0,9,3,0,0,113,0,_
21,0,小女人👩,903,197,45,135,135,5347,1,48岁，青岛_
22,0,小卓,10,101,8,9,14,3209,0,_
23,0,心里,7,268,1,5,5,756,0,_
24,0,盈盈姐,261,180,46,56,57,448,0,_
25,0,Corcoran,0,44,4,0,0,317,0,_
26,0,杨小颖,1,1372,119,9,9,48,0,_
27,0,用户2025205798112,0,502,4,0,0,124,0,_
28,0,老刘,0,16,20,0,0,702,0,_
29,0,雨鸽向艳,13,110,190,2,4,203,0,_
30,0,贪吃鬼,15,1624,41,1,1,212,0,_
31,0,毛线,196,504,41,22,22,289,0,_
32,0,羊毛卷小妹,48,137,11,12,12,148,0,_
33,0,肆辞,80,30,7,0,0,0,0,_
34,0,苏皖花卉,2908,400,551,0,0,0,0,_
35,0,丽丽,88,12,10,17,29,650,0,_
36,0,Jane,1,236,6,2,2,925,0,_
37,0,用户6216193987090,0,45,8,0,0,123,0,_
38,0,鹏,245,478,52,24,25,1428,0,_
39,0,丟了微笑葽怎伪裝,188,1416,56,41,44,20222,1,老夫少女心扑通扑通玩抖音_
40,0,娜,446,173,77,115,115,992,1,理想的生活是:上班的时候能专心工作，休息的时候能舒心带娃。_
41,0,熊🐻,0,2,0,0,0,46,0,_
42,0,开心快乐每一天,275,209,91,13,14,631,1,简单快乐每一天_
43,0,猪贝贝,220,123,34,74,74,2638,0,_
44,0,用户1040084634168,4,1689,14,2,2,2175,0,_
45,0,潘胖哥,0,8,0,0,0,0,0,_
46,0,桃夭夭的日常（已有闺蜜）,119,2164,52,33,33,958,0,_
47,0,用户8108422629378,0,116,5,0,0,335,0,_
48,0,🌹 玺 (xi)燕  🎶 🍒,904,271,80,21,23,2021,1,平安  喜乐_
49,0,iek,36,979,19,69,69,1833,0,_
50,0,用户514421815,83,185,33,8,8,4199,0,_
51,0,ʚ幸福儿女,959,102,124,416,627,3293,1,幸福是什么?幸福就是一家人，三餐四季，一生一世，幸福相伴。_
52,0,梵高的无聊生活,0,156,4,0,0,69,0,_
53,0,开心麻麻,888,367,172,144,146,383,1,👼记录开心😊的成长过程_
54,0,两个男孩的妈妈海铭,127,495,169,1,1,578,1,嗨喽！大家好，我是金添&莱德的妈妈。哥哥4岁 弟弟一岁分享我在养育二孩的过程当中的心得希望更多的二胎家庭可以找到归宿！_
55,0,租房在莲池（真租）（仙）,15,1157,100,5,10,142,0,_
56,0,用户1529895681918,22,99,12,13,13,1653,1,飒飒真可爱ớ ₃ờ天蝎座小名:五月_
57,0,丞,591,1077,66,139,142,2939,0,_
58,0,小花朵,704,258,91,103,104,2217,0,_
59,0,佩瑶宝宝,23,40,3,15,15,3617,0,_
60,0,欧巴~~  给力,684,466,93,133,181,56,0,_
61,0,陈陈,11,189,36,4,4,388,0,_
62,0,汤圆姐姐,28,274,9,19,19,495,0,_
63,0,萍水相逢に,958,391,109,0,0,0,0,_
64,0,涼心旧爱~,47,38,17,6,6,16,0,_
65,0,金色芙蓉,223,131,27,43,46,582,0,_
66,0,浅安,0,1459,23,0,0,63,0,_
67,0,大自然飞飞,0,9,0,0,0,0,0,_
68,0,美丽的少女雅思,168,819,43,62,62,6348,1,闺蜜已有，我来保护_
69,0,朱珠,0,10,1,0,0,24,0,_
70,0,夜色很美。 。,136,80,94,9,9,0,0,_
71,0,用户7747975495801,0,31,1,0,0,45,0,_
72,0,钱爷爷,0,110,5,0,0,132,0,_
73,0,元元,3,51,11,2,2,212,0,_
74,0,🌹🌹笑口常开🌹🌹,0,2,2,0,0,9,0,_
75,0,尔东,43,59,35,1,1,3695,0,_
76,0,空谷幽兰,1369,1028,317,46,86,3066,0,_
77,0,志国,0,796,39,0,0,2300,0,_
78,0,肖战的沐雪o>_<o,1,2970,19,0,0,6578,0,_
79,0,用户8449821059187,17,10,3,11,11,15,0,_
80,0,快乐宝贝,587,508,76,75,75,2825,0,_
81,0,用户133771,35,416,19,4,4,576,0,_
82,0,Berkeley-CP,50,983,17,12,16,1926,0,_
83,0,智慧倒@ych,75,126,49,12,12,369,0,_
84,0,小艺,58,159,59,6,6,518,0,_
85,0,简单才会快乐,704,265,57,63,65,1199,0,_
86,0,跳舞了,0,94,7,0,0,51,0,_
87,0,青儿,702,552,210,53,56,2935,1,运动来自坚持，你会发现一个不一样的自己_
88,0,狗狗爱上帝,94,141,16,26,27,133,0,_
89,0,萍儿,695,753,134,58,58,832,1,我就是我，不一样的烟火_
90,0,Air,0,1441,16,0,0,0,0,_
91,0,伊诺宝宝,79,1103,21,43,46,331,0,_
92,0,大果,494,642,105,35,71,790,0,_
93,0,隐身忍者,0,12,2,0,0,877,0,_
94,0,优优麻麻👩,867,330,338,43,52,667,1,小时候 我们词不达意 长大后 我们言不由衷_
95,0,不正经的草莓🍓,401,1077,183,19,19,4845,1,谢谢你的关注~🙃_
96,0,80 Cake,182,82,87,22,23,152,1,简单生活，冷暖自知。_
97,0,凉情☆酒友,20,332,36,3,3,25152,0,_
98,0,゛蛮蛮,31,102,39,18,18,143,0,_
99,0,💋小雨妈🦋关赞必回,5941,720,695,265,320,6691,1,不养号了，抖音以后是哄孩子神器了，给宝贝闺女玩了，谢谢大家的关注_
100,0,沐辰,1,184,10,0,0,294,0,_
101,0,墨墨,2063,116,186,121,124,7030,0,_
102,0,用户6201099499929,14,169,23,9,9,594,0,_
103,0,Lina,508,82,29,106,106,651,0,_
104,0,小帅哥,347,55,21,118,119,536,0,_
105,0,顺其自然,14,34,9,12,12,230,0,_
106,0,念念,238,59,31,22,23,448,1,遇见最美的自己_
107,0,邵紫艳,50,824,24,12,12,6319,0,_
108,0,东东西西张张,889,160,107,13,14,687,1,爱，以他为重，以天下为轻。愿他能每天多爱我一点。_
109,0,@-敬明,51,251,48,11,11,128,0,_
110,0,用户286337,139,3445,60,86,86,6727,0,_
111,0,我是王小晨,0,923,5,0,0,1841,0,_
112,0,梦想见的人,16,1402,33,3,3,7826,0,_
113,0,我是钟晨铭,172,830,27,63,64,1459,0,_
114,0,王？？。。。？？？？,0,75,1,0,0,288,0,_
115,0,洋娃娃😜😜😜,231,319,20,39,39,1367,1,谢谢你的关注😍😍             你关注了我，我也会回关😊😉_
116,0,Cyndi,47,2747,51,6,6,1950,0,_
117,0,叶罗丽,40,1824,28,10,10,13718,0,_
118,0,碎碎念。🎃,38,46,7,16,16,84,1,杂乱无序的记录📝_
119,0,小白兔,0,1273,40,0,0,3014,0,_
120,0,晶,411,70,19,48,48,0,0,_
121,0,CXY,137,160,26,33,33,449,0,_
122,0,淋美,0,7,5,0,0,3459,0,_
123,0,锦宝  &,0,52,68,0,0,47,1,用你发财的小手点点关注！👿👿👿_
124,0,黄紫罗蓝_,8753,744,2131,13,14,0,1,时间是个好东西验证了人心见证了人性_
125,0,丫头,2,114,5,1,1,51,0,_
126,0,静(>﹏<),269,647,133,12,16,1949,0,_
127,0,阿灯,0,70,4,0,0,2,1,......._
128,0,小叶子,564,89,92,51,51,0,0,_
129,0,赞美妖妖,3671,860,222,321,325,20292,1,咸鸭蛋，闲的要命，富的流油_
130,0,^TOP,0,963,15,0,0,608,0,_
131,0,英雄联盟forever,87,319,45,8,9,2173,0,_
132,0,于文武的香槟,0,131,10,0,0,843,0,_
133,0,用户3997587982536,0,338,0,0,0,13908,0,_
134,0,莆田市荔城区小翁服装店,22,47,22,6,6,417,0,_
135,0,Lho   Lhdg  Sgr,644,754,70,76,77,3561,1,V:18089987254_
136,0,凯,9,87,46,1,1,1504,1,好_
137,0,实干创未来,59,567,59,32,32,892,0,_
138,0,青青,85,55,19,26,27,416,0,_
139,0,陌默丫☄,390,70,17,46,52,0,1,好好生活_
140,0,白 胡扯  稳当滴,12,183,9,5,5,504,1,要做就做最好。_
141,0,宇麒,0,13,0,0,0,0,0,_
142,0,如意1,265,130,37,42,42,517,0,_
143,0,〉哈哈,162,557,28,146,147,0,0,_
144,0,ai瑶,329,926,50,43,48,9385,0,_
145,0,文,174,121,29,30,62,1176,1,;_
146,0,过去✨未来,127,112,34,53,54,667,0,_
147,0,用户2561862569232,0,7,3,0,0,45,0,_
148,0,夏天,2,35,10,2,2,1073,0,_
149,0,喵喵🐱,1374,3888,349,370,371,1111,1,9岁_
150,0,1827342430,19,318,10,4,5,992,0,_
151,0,翠翠,386,259,79,33,33,2397,0,_
152,0,user1387405985413,211,352,38,16,17,8356,0,_
153,0,˶⍤⃝˶꒳ᵒ꒳ᵎᵎᵎ,0,121,3,0,0,0,0,_
154,0,阎魔爱,72,764,6,24,24,1486,0,_
155,0,mjh,50,118,19,4,4,446,0,_
156,0,丫丫,4,142,22,0,2,242,0,_
157,0,雨过天晴,1748,3004,1478,163,164,2786,0,_
158,0,❤️嘻嘻,70,391,57,21,21,829,1,我爱我的家_
159,0,☀️,264,16,27,16,16,372,1,快乐同行_
160,0,开心到飞起,0,315,0,0,0,11,1,呵呵呵呵。_
161,0,快乐,50,27,22,16,17,633,1,不以物喜，不以己悲。_
162,0,夕色琉璃,15,47,26,0,0,0,0,_
163,0,莉莉,3803,1169,1078,99,99,7186,1,🌟感谢每一个关注➕支持💞自用一个品牌3年的我越来越喜欢这个产品给我带来的美丽和自信脸上用的找我LiLi499195438宝妈想做事找我加上面V❤手机➕网络可以让我们有份稳定收入，上班，带娃两不耽误_
164,0,小叶🍀🍃,54,295,17,18,31,1071,0,_
165,0,天使与恶魔,0,536,9,0,0,270,0,_
166,0,用户2427733772770,0,6,1,0,0,64,0,_
167,0,阿鑫,26,176,8,4,4,0,0,_
168,0,菱寒,7,87,16,1,1,4759,0,_
169,0,人生不如意,1,37,0,8,8,89,0,_
170,0,真真姐,22722,61,3848,23,24,811,1,感恩相遇，做更好的自己！_
171,0,用户2505657490508,0,102,2,0,0,232,0,_
172,0,!,41,467,13,8,8,1053,0,_
173,0,思念99,914,781,544,44,44,1516,0,_
174,0,May,185,100,55,48,49,388,1,一位佛系妈妈_
175,0,呐,0,455,5,0,0,1494,0,_
176,0,萱@璨,18,31,3,8,8,19,1,认真工作，热爱生活，记录美好🙈🌸_
177,0,排骨教主,326,182,85,41,224,1268,0,_
178,0,__燕,0,82,3,0,0,0,0,_
179,0,风华正茂,5423,761,950,29,31,1801,0,_
180,0,围裙麻麻,1232,47,81,40,41,294,1,奋斗吧！姑娘！_
181,0,↘▂_倥絔,0,32,18,0,1,865,0,_
182,0,平安,0,16,1,0,0,0,0,_
183,0,胖🍊、,0,28,1,0,0,0,0,_
184,0,小北海,16,3775,22,1,2,6435,0,_
185,0,小可爱,304,142,111,17,18,9939,0,_
186,0,思者,0,71,9,0,0,756,0,_
187,0,棒棒糖,316,553,23,114,114,1392,0,_
188,0,水之韵,80,653,102,4,4,1543,0,_
189,0,龙润珍,4604,445,137,836,836,2532,1,&_
190,0,静,200,318,82,25,59,4784,1,放下一切，感恩点滴。_
191,0,八分钟的温暖,579,128,58,194,194,113,0,_
192,0,小甜甜,1,11,1,2,2,79,0,_
193,0,用户8267340312885,77,500,32,9,9,3414,0,_
194,0,💋有范儿小姐💅,17,104,3,5,5,143,0,_
195,0,帅奶奶,12,534,12,1,1,516,0,_
196,0,彤茜宝贝,591,374,54,86,89,4136,0,_
197,0,向日葵66,212,112,17,0,0,0,0,_
198,0,三宝的妈妈👩,1385,667,984,86,90,1055,0,_
199,0,葡萄,0,49,3,0,0,0,0,_
200,0,用户8567809538070,0,29,4,0,0,24,0,_
201,0,兔宝宝❤️,1,34,0,1,1,42,0,_
202,0,陶陶,42,154,61,4,4,162,0,_
203,0,荼靡花开,258,77,59,21,21,0,1,龙凤胎妈咪🌿爱自己，让自己开心是最了不起的本事🤞_
204,0,“花样”  解说🐭,105,427,6,38,39,3230,1,谢谢你的一路陪伴。_
205,0,Max,0,160,3,0,0,1074,0,_
206,0,知足常乐,201,111,55,18,18,612,0,_
207,0,用户7053016777174,0,57,0,0,0,3,0,_
208,0,刘*敏,3,74,7,1,1,332,0,_
209,0,萝卜头,31,44,15,7,8,0,1,讨厌酒的味道  ，却爱极了醉了的感觉_
210,0,柠夏初开,186,101,15,77,78,2964,0,_
211,0,小YU,33,29,1,16,16,217,0,_
212,0,ET小小小姐♠,11,47,4,6,6,1282,1,本人已开学！更新有点慢！体谅一下！爱你们哟！😘_
213,0,Sabrina,85,10,16,15,16,124,0,_
214,0,回来把刺激战场,141,4435,110,38,41,6178,0,_
215,0,唐朝,719,429,69,79,269,389,0,_
216,0,ZMY,1038,177,208,37,39,0,1,愿得一人心，白首不分离😍_
217,0,灵儿,0,16,1,0,0,0,0,_
218,0,用户2480114407467,0,26,1,0,0,40,0,_
219,0,两只快乐小天使,53,53,4,16,16,152,1,愿所有的美好都如期而至，愿所有的幸运都不期而遇……_
220,0,唯嗳,70,345,38,19,25,576,0,_
221,0,俩宝,91,49,40,22,22,146,1,豆豆图图逗乐姐妹_
222,0,( ﹡ˆoˆ﹡ )彩红,36,273,50,5,5,0,0,_
223,0,小仙女,232,1399,64,106,107,2618,0,_
224,0,我是小菲菲呀！,1942,765,76,539,540,2756,1,谁关注我，我就关注他/她。_
225,0,小贴心,0,16,4,0,0,86,0,_
226,0,橘子辉煌,0,161,0,0,0,951,1,无物，破有_
227,0,李民,336,171,74,0,0,0,0,_
228,0,用户6859081538889,0,17,8,1,1,462,0,_
229,0,🍀婷婷🍀,0,109,9,0,0,379,1,我是13岁的小姑娘，很爱看书，爱舞蹈的小姑娘。💋💋💋_
230,0,用户1413485319929,0,547,2,3,3,1046,0,_
231,0,用户8745244152102,5,24,1,2,4,105,1,简爱_
232,0,研雪,41,48,23,13,13,309,0,_
233,0,爱的心痛🐍🐍,1291,140,75,0,0,0,0,_
234,0,RRR：bY,2,186,54,0,2,820,0,_
235,0,爱吃酸梅217,0,21,0,0,0,106,0,_
236,0,加油！我,10,1169,20,17,18,343,1,农民_
237,0,用户1497566404478,2,801,7,1,1,89,0,_
238,0,用户4145080142817,3,297,11,2,3,515,0,_
239,0,拥你最暖💞,1052,433,78,280,282,747,1,太阳日日热情如火，月亮夜夜情语绵绵。_
240,0,小毛虫,224,2018,235,16,16,2136,0,_
241,0,Lucas,9,15,2,2,2,358,0,_
242,0,大小宝贝,532,396,56,96,96,1313,0,_
243,0,用户3454074225630,0,242,1,0,0,1199,0,_
244,0,英子琴,36,504,25,7,8,945,0,_
245,0,小璐,0,58,1,0,0,23,0,_
246,0,Lovely,0,12,2,0,0,126,0,_
247,0,哦我爱你,27,335,8,4,4,1815,0,_
248,0,用户3082213828231,17,45,3,11,11,85,0,_
249,0,茉(⊙o⊙),303,225,81,19,19,1774,0,_
250,0,用户4439140108360,0,12,1,0,0,4,0,_
251,0,王月利,82,395,16,34,34,778,0,_
252,0,Miss多,1818,192,3105,90,90,1503,1,富贵本无根，尽从勤里得💋当你懂得自律，一切都很简单上得厅堂，下得厨房，看得了娃在服装圈混迹多年的化妆品人💄我是一个热爱服装，穿衣打扮的90后宝妈有想了解穿衣搭配👗或化妆小技巧的小姐姐欢迎私信另外🥳喜欢我的可以关注哦👙_
253,0,烁烁,35,60,3,12,12,96,0,_
254,0,💑,1046,150,156,50,65,1514,0,_
255,0,我想开心美一天…王梅芝,28777,175,861,0,0,0,0,_
256,0,靓依轩女装,298,22,32,32,37,851,0,_
257,0,用户1505190606451,0,5,0,0,0,12,0,_
258,0,花漫小屋,0,14,4,0,1,130,0,_
259,0,用户413553648,11,233,1,7,7,17,0,_
260,0,池鱼℡,5,52,21,3,3,160,1,静听风吟_
261,0,嘟嘟唇💋,1020,339,38,146,148,4054,0,_
262,0,珍惜,103,171,40,9,9,215,1,越努力，越幸运，加油！！_
263,0,九月茗语,0,210,7,1,1,35,0,_
264,0,用户7255491436865,0,8,0,0,0,31,0,_
265,0,陈(ฅ>ω<*ฅ),474,532,63,60,61,2580,0,_
266,0,伴你一生◥,0,17,3,0,0,1649,0,_
267,0,语笑嫣然💕🐴🐱🐈🦥,293,841,38,139,139,156,0,_
268,0,柯若凡,1,48,2,1,1,334,1,小女生_
269,0,☾⋆᭄曾经 ͡ꦿ໌້۵,320,44,65,25,26,509,0,_
270,0,乐乐宝贝,4254,65,785,345,345,2988,0,_
271,0,骑着蜗牛看烟火,67,69,35,10,10,150,1,没什么才艺 给大家跳段街舞吧 ጿ ኈ ቼ ዽ ጿ ኈ ቼ ዽ ጿ ኈ ቼ ዽ ጿ ኈ ቼ ዽ ጿ ኈ ቼ ዽ ጿ_
272,0,芬达,391,92,20,49,58,117,0,_
273,0,2019,369,159,35,0,0,0,0,_
274,0,玥妍5211314,1620,180,80,147,147,2185,0,_
275,0,连先凤,174,65,37,20,20,316,0,_
276,0,想要幸福靠自己_,19472,3046,3037,75,75,38369,0,_
277,0,大美鹅🦢,853,464,325,148,155,1746,1,虫虫安好，便是晴天☀️_
278,0,回忆过往的你,10,246,65,5,5,1737,0,_
279,0,茉莉蜜茶,92,711,9,85,85,417,0,_
280,0,丹桂つ琴妹儿,19423,290,3757,25,34,3131,1,玩抖音生活中一种乐趣而已，谢谢伱长得这么好看还关注我。_
281,0,博鼎,36,85,19,10,11,265,0,_
282,0,白医天使,2609,1337,116,243,243,11763,0,_
283,0,茉莉花,6,139,4,3,3,762,0,_
284,0,媛葆,29,43,8,0,0,0,0,_
285,0,昵昵,147,1,18,55,55,83,0,_
286,0,゛浅时光,0,99,3,0,0,3,0,_
287,0,用户5152607643284,0,20,0,0,0,9,0,_
288,0,抛开春夏★续写秋冬,61,48,7,30,30,217,0,_
289,0,@雯寶寶✨,13,426,20,3,3,848,1,不在更新_
290,0,Cool仔,11,188,22,4,4,53,0,_
291,0,糖宝M,122,277,32,16,20,1174,0,_
292,0,用户2558362064304,21,303,2,52,52,469,0,_
293,0,别问我是谁,52,81,16,17,17,200,0,_
294,0,芜,14,860,82,3,4,11155,1,啦啦啦_
295,0,幸福到老,27,356,11,7,7,809,0,_
296,0,婷,99,43,39,5,5,258,0,_
297,0,王辕帆,325,3777,190,44,44,13229,1,林秋楠_
298,0,红叶_220138012,227,4780,166,27,27,6850,0,_
299,0,用户5585905843564,120,56,19,39,40,105,1,……_
300,0,用户5253140956158,608,374,78,34,37,7454,0,_
301,0,用户5574593624734,21,1910,27,18,18,972,0,_
302,0,□■ ヽ人间,89,370,40,21,21,2348,1,你是我这一生  等了半世  未拆的礼物_
303,0,一号农场草莓🍓采摘,19,18,3,14,14,5,0,_
304,0,俊俊,44,624,63,3,4,96,0,_
305,0,Eunice樱影吖🌈🍓🌸,25,4989,87,22,22,5959,1,爱玩迷你和樱校，女生_
306,0,初ོ见ꦿ℘゜,351,102,53,8,8,0,1,不想废话_
307,0,独特,28,531,32,4,4,12325,1,比起喜欢更喜欢偏爱_
308,0,甘菊芳,0,3132,15,0,0,6923,0,_
309,0,心❤宇💦潼🏆MM,33,503,29,6,7,1621,0,_
310,0,🌺花朵,13,73,10,6,6,427,1,你好青春……_
311,0,天使之嫁衣婚纱,554,132,135,73,73,0,1,新娘婚纱礼服出租零售 化妆造型_
312,0,深山里的大野象,27,63,48,5,5,864,0,_
313,0,娇娇,0,53,41,0,0,35416,1,吃饱喝足睡觉觉_
314,0,艺枝独秀,31,34,13,6,6,31,1,无需介绍自己_
315,0,💐王小静💐,1274,170,382,17,70,0,1,✨有能力爱自己✨有余力爱别人✨遇见的都是天意✨拥有的都是幸运✨_
316,0,樂樂媽咪,834,255,105,42,45,7228,1,没有动态的日子，都在认真生活 ，常发动态的日子，都在热爱生活_
317,0,蔷薇儿，单单,1790,56,92,214,242,2751,1,安徽，阜阳，颖上，_
318,0,Wang,0,617,11,0,1,48,0,_
319,0,2013,0,11,9,0,1,2445,0,_
320,0,一个憨憨,43,133,44,10,13,127,0,_
321,0,用户6275537541433,0,421,1,0,0,517,0,_
322,0,Summer,0,916,17,0,0,17172,0,_
323,0,j💪,110,3201,56,3,3,24935,0,_
324,0,以后,22,253,8,4,4,11386,0,_
325,0,嘟嘟(沫家)怡怡>_<😜,158,1203,122,11,11,2170,0,_
326,0,小潘子,0,116,1,0,1,2322,0,_
327,0,爱的供养,0,60,7,0,0,30,0,_
328,0,烟花易冷,176,132,39,25,25,384,0,_
329,0,范小胖,2,66,2,1,1,806,0,_
330,0,甜蜜蜜,90,357,45,10,10,1281,1,世界是美好的哦！_
331,0,清茶茶,0,1,18,0,0,468,0,_
332,0,楠楠,0,19,9,0,0,12,0,_
333,0,用户2822501947616,0,127,1,0,0,134,0,_
334,0,方涵,483,342,118,35,37,1675,0,_
335,0,快乐宝贝,359,33,24,182,186,524,0,_
336,0,WO臻｡◕‿◕｡@宇轩,1300,220,392,51,51,624,0,_
337,0,橘子味的猫,24,510,16,3,3,1749,0,_
338,0,欢心,28,1253,70,1,1,8858,0,_
339,0,超人环游记,336,1746,169,125,126,7350,0,_
340,0,微笑着面对生活,220,1514,53,32,32,4526,0,_
341,0,兔染染❤️,3963,673,1452,221,222,427,0,_
342,0,凌霄雪。,0,133,7,0,0,303,0,_
343,0,小蕙柄,708,127,86,39,59,0,1,宠辱不惊，看庭前花开花落；去留无意，望天空云卷云舒。_
344,0,虾米皮，梦瑶,230,350,43,219,219,728,0,_
345,0,佛系青年,47,377,10,20,24,0,1,柔中带刚，不卑不亢，心如止水，随缘就好。_
346,0,手心里的玲玲,0,15,16,0,0,30,1,你不需要多好  宠我就好❤_
347,0,用户6417964996053,0,3,7,0,0,14,0,_
348,0,嘿   嘿,38,982,36,4,4,2772,0,_
349,0,努力\_,1023,987,133,173,173,3258,0,_
350,0,大崔菌业,0,22,218,0,0,33,0,_
351,0,九斤,1253,227,97,129,130,450,1,快乐宝贝 记录姐弟俩的故事_
352,0,1074602920,1,618,20,0,1,4498,0,_
353,0,萱LJY,4,118,2,4,4,0,0,_
354,0,Aom,22,39,17,4,5,0,1,肆无忌惮的笑~_
355,0,那时，天真无邪,172,86,50,25,27,499,0,_
356,0,莫霞,0,30,29,0,0,14,0,_
357,0,宇月儿,2049,585,198,188,188,0,1,女人只有经济独立了，才能被称为好女人👩_
358,0,用户047076,10,1294,5,7,7,1347,0,_
359,0,用户4946879736120,25,41,2,17,17,42,0,_
360,0,萌萌哒！！！,308,1545,53,82,82,8563,0,_
361,0,乐呵,1351,178,62,156,165,2078,1,开心就好_
362,0,kaycee,0,49,20,0,0,0,0,_
363,0,赖克宝,8,41,44,0,0,0,0,_
364,0,大甜心,176,99,45,57,61,150,0,_
365,0,0 (ง •̀o•́)ง,0,44,10,0,0,142,0,_
366,0,哈，小龙人,809,245,82,60,60,5609,0,_
367,0,普宁池尾街道富雅五金水电材料,89,787,154,24,27,143,1,13670591003.微信同号_
368,0,平安一生,0,32,4,0,0,186,0,_
369,0,冬天里的白玫瑰,386,62,57,30,30,146,0,_
370,0,泷爱三叶,62047,305,3950,226,228,2875,1,围❤️crh09876_
371,0,、我，独一无二,2195,1124,341,96,101,1640,1,开心就好_
372,0,用户6309948777892,12,455,23,3,3,2638,0,_
373,0,麦麦,2,36,0,1,1,4229,0,_
374,0,小满满,97,13,30,6,8,386,1,谢谢你的关注。_
375,0,柒玥妹~,14,60,9,1,2,334,0,_
376,0,QsZd,176,82,26,34,37,466,1,愿一切安好_
377,0,我要幸福,0,26,48,0,0,149,0,_
378,0,真爱倪的芸,1544,181,129,84,99,2587,0,_
379,0,坠梦很可爱✨🎇✨,18,4626,420,0,0,0,0,_
380,0,孙尚香,29,256,12,9,9,1785,0,_
381,0,运动赵奶奶,102,187,38,6,6,2224,1,人老心不老!_
382,0,小香,138,67,26,26,29,108,1,美好时光回忆～在照片书_
383,0,阿净,1279,3303,297,115,115,29070,1,喜欢美术就是朋友_
384,0,用户5927770300165,2251,347,147,193,196,0,1,我喜欢的东西很贵   我想去的地方很多  所有必须要努力_
385,0,小了白了兔,1496,1029,223,179,186,3650,1,出差。_
386,0,我啊我啊,206,87,74,27,28,0,0,_
387,0,文泽,2,16,3,1,1,40,0,_
388,0,💕曦月❤,283,1646,38,192,192,7098,1,微光森林_
389,0,老付,711,94,132,27,27,627,0,_
390,0,喂狗的青春。。,10,365,36,1,2,3206,0,_
391,0,人生如梦💕,50,85,20,6,7,281,0,_
392,0,小晓木子,0,3,1,0,0,44,0,_
393,0,好运相随,1076,1340,2962,541,541,1333,1,宝宝关注莎儿15827330331微信同号_
394,0,geortyvt,0,16,0,0,0,28,0,_
395,0,飘逸的心,37,102,34,4,4,147,0,_
396,0,嘿,103,137,48,4,4,670,0,_
397,0,一个没有灵魂的作者。,17740,528,4840,1,25,0,1,人生不会重来，每一步都要精彩🌈_
398,0,佳慧,4,35,11,1,1,3897,0,_
399,0,璐,0,1,10,0,0,6,0,_
400,0,没有名字,8461,324,345,219,229,7723,0,_
401,0,ζ,0,309,9,0,0,4704,1,动脑_
402,0,小可爱皇后,823,4528,112,161,161,8052,1,每个人都不简单请关注我谢谢_
403,0,夏天,38,603,24,29,29,0,1,狮子座_
404,0,用户1759077147902,0,820,1,0,0,2167,0,_
405,0,爱画画的张大仙,120,145,48,16,22,2203,0,_
406,0,畅想通讯~~~柔,66,169,58,16,16,1098,0,_
407,0,兮颜,0,12,2,0,0,6911,0,_
408,0,神秘头像,1,547,3,1,1,2234,0,_
409,0,和平精英小猪,464,547,59,36,36,0,0,_
410,0,✨闹,1062,309,125,46,48,1363,0,_
411,0,卓越婚车,197,156,87,23,23,458,0,_
412,0,wy微风轻喃,151,213,29,17,17,566,0,_
413,0,❤️灰色的猫,78,192,33,10,12,221,1,不辜负每一份热情   也不讨好每一份冷漠_
414,0,陈锋234350699,85,67,54,14,14,563,0,_
415,0,相看两不厌,130,43,44,25,27,438,0,_
416,0,邢雨航,566,116,56,6,7,764,1,世界那么大！当你看到我 这就是缘分_
417,0,用户3689762221775,0,691,5,0,0,971,0,_
418,0,狼,13,44,5,8,9,75,0,_
419,0,随遇而安,0,37,13,0,0,262,0,_
420,0,惊雷这通天修为天塌地陷紫金锤,7,704,20,4,5,982,1,欢乐的时光，总有着一些伙伴在旁边。_
421,0,兰,456,153,29,70,70,1017,0,_
422,0,O,17,181,19,7,7,787,0,_
423,0,踮起脚尖，靠近阳光！,3430,457,190,410,412,0,1,人生就是一种历练，一种感受！_
424,0,重来,16,648,37,3,13,6820,1,以前的冲动、珍惜、爱，现在给了我重重的一拳！！！！_
425,0,乐唯,393,209,25,84,84,313,1,记录Ta们健康快乐成长每一天！！！_
426,0,叶子姑娘🌙,2,2062,39,0,1,0,1,花店不开了   花继续开_
427,0,幸福蔓延_25349,41018,4988,3632,637,641,23455,1,好好的唱歌，好好的养鱼，静下心来，你会很美丽，不骄不躁_
428,0,一切随遇而安,1822,549,265,142,142,2904,0,_
429,0,用户845120595433,0,42,3,0,0,69,0,_
430,0,小萌萌兔,0,4582,11,5,5,2947,0,_
431,0,用户933281048857,0,35,3,0,0,21,0,_
432,0,欢欢,250,368,103,5,16,475,1,专业美牙师欢迎咨询一切口腔问题❶号店满  佳窝❷号店铺xie334577_
433,0,用户404088924,1,22,0,0,0,2940,0,_
434,0,可爱的猪💕,4,11,3,2,2,0,0,_
435,0,霸道是一种疼爱,327,1026,60,52,57,1059,0,_
436,0,早,155,121,25,154,157,1218,0,_
437,0,帅帅,0,21,1,0,0,0,0,_
438,0,未来,3067,138,36,18,18,732,1,未来不将就……_
439,0,一只吃不饱的喵,8,54,25,2,2,216,1,加油吧～小胖纸。_
440,0,🦄,53,92,61,16,16,57,0,_
441,0,✌LOVE  HOME✌O(∩_∩)O,57,202,29,10,10,11729,0,_
442,0,用户740968064569,0,4,0,0,0,6,0,_
443,0,欣怡呀,112,184,20,12,12,325,0,_
444,0,一瞬间,21,252,48,4,4,846,0,_
445,0,幺妹,2424,84,2440,79,82,308,1,抗癌一年零三个月了_
446,0,陈英,1,325,1,1,1,2962,1,勇往直前成，就美好明天_
447,0,果珍爱你,267,301,89,30,32,660,0,_
448,0,例外。,692,606,761,298,298,546,1,成长总在磨砺时，收获总在经历后_
449,0,贵在珍惜麦田贵珍,79,495,41,13,14,809,0,_
450,0,zxy,214,97,22,40,41,67,0,_
451,0,兔儿,1,263,4,3,3,214,0,_
452,0,用户444266473,0,27,3,0,0,1,1,自己想要的能够实现。_
453,0,舒涵姥姥,1,138,10,1,1,174,0,_
454,0,憩憩🍒,111,353,54,8,10,7934,1,好好学习，好好生活🌸最爱世勋❤️_
455,0,森婉,100,760,36,31,31,13831,0,_
456,0,辉少,29,15,15,2,2,66,1,沒有永遠的朋友，沒有永遠的敵人，只有永遠的利益。_
457,0,心爸,19,202,40,2,2,3910,0,_
458,0,李木子,4048,51,1468,18,19,0,1,Keep it real❤️_
459,0,忆初时的ni,135,51,54,18,19,327,1,我家有俩宝。。。。。_
460,0,SMile,33,134,59,2,2,0,0,_
461,0,兴茂建材,0,338,40,0,0,0,0,_
462,0,小鱿鱼,1024,5000,370,102,117,4675,1,wx:lin18359450253_
463,0,徐小林,1,313,12,1,1,373,0,_
464,0,晓天晓地,36,64,20,5,5,34,0,_
465,0,KH263，user6900293528,227,24,69,24,24,1002,0,_
466,0,？？？,0,613,4,0,0,316,0,_
467,0,哈哈,15,179,21,4,4,1984,0,_
468,0,佈娃娃,26,74,11,6,6,89,0,_
469,0,用户180436602426,123,55,50,23,23,793,0,_
470,0,用户5133642669806,65,90,25,42,42,84,0,_
471,0,用户7378837046292,0,1,0,0,0,4,0,_
472,0,xx-ln,0,17,3,1,1,43,0,_
473,0,没事瞎溜达1358,10,52,16,23,24,676,0,_
474,0,芬芬,447,562,122,34,35,2304,1,分享生活的点点滴滴，爱美食_
475,0,健康快乐成长！！,3536,157,178,711,711,1936,1,+微：cheng1990911521_
476,0,詹妹儿,1736,1184,1202,49,49,2494,1,感谢所有的遇见_
477,0,木子三金,13,190,15,0,0,0,0,_
478,0,smile,0,820,9,0,0,1165,0,_
479,0,本 仙女,0,123,4,0,0,429,0,_
480,0,贝鲁,40,530,86,4,7,350,1,岁月静好_
481,0,夏家二小姐💕,96,43,30,12,12,69,0,_
482,0,I,0,4601,26,0,0,6653,0,_
483,0,小肥君,22,74,14,0,0,0,0,_
484,0,用户2977964771217,263,18,14,60,61,195,0,_
485,0,user8547579651859,19,91,4,4,4,122,1,伸手触摸那篇可望不可及的阳光！！_
486,0,小燕子,149,653,58,18,20,770,1,赠人玫瑰，手有余香！                                                 撸起袖子加油干！_
487,0,娜～,51,176,34,7,7,680,0,_
488,0,用户4931582254177,18,31,8,3,3,71,0,_
489,0,用户4547916551645,139,304,10,31,31,872,0,_
490,0,统计梦,272,2633,382,13,13,17659,0,_
491,0,用户9855413592681,0,1019,8,0,0,8352,0,_
492,0,琛至,1422,1102,124,255,298,2013,0,_
493,0,涵香源,0,212,9,0,5,6885,0,_
494,0,别说话🙊,2463,344,155,67,71,372,1,幸福就是今天的好心情！_
495,0,Pin,551,131,1232,78,80,149,1,你瞅啥！！！_
496,0,Emotiona°要珍惜,0,89,1,0,0,359,0,_
497,0,家有萌娃小睿锋丶,22,147,75,3,5,98,1,"最幸福的事莫过于老婆,孩子,热炕头你们就是我奋斗的动力！_"
498,0,國寶🐻╰︶,1327,810,87,100,100,499,1,纯蔬菜卡通包 招学员 包学会！_
499,0,用户542462836779,0,12,2,0,0,1,0,_
500,0,钰G洁,82,196,43,4,4,38,1,Long long way to go~~~_
501,0,s爱吃猫的鱼,0,25,1,0,0,0,0,_
502,0,用户5850507151548,0,1322,4,0,0,0,0,_
503,0,好闺蜜♥,18,269,17,4,4,226,0,_
504,0,影像名堂,5,46,4,4,9,33,1,图片会说话。_
505,0,盯着手机看世界,2092,3239,663,79,80,7684,1,我的性格开朗有时还会感想没有什么疑问脾气暴躁❤️_
506,0,Surprise.,0,30,43,0,0,19,0,_
507,0,用户202335,0,77,13,0,0,15,0,_
508,0,郑小美,255,214,115,14,14,4060,1,若有缘错过了也会重来，若无缘相聚了也会离开_
509,0,生肖蒂姬,0,74,1,1,80,195,0,_
510,0,姐有姐的任性,915,413,211,24,24,8653,0,_
511,0,fjz,21,852,15,20,20,1731,0,_
512,0,若汐,12,72,28,2,2,8181,1,WX：jhy1570007_
513,0,我是小可爱！,5,407,12,2,2,5867,0,_
514,0,妙笔生花,136,672,41,30,30,164,0,_
515,0,用户7489615880679,0,82,3,0,0,1278,0,_
516,0,莫什么奈,68,34,16,7,7,117,1,简笔画♥创意画♥♥儿童画♥♥♥_
517,0,幺妹儿哟哈,5,294,38,2,2,984,1,噜啦啦噜啦啦_
518,0,mLl,1,441,21,0,0,0,0,_
519,0,林心怡,193,865,110,18,18,3256,0,_
520,0,可爱的小公主,215,1231,95,69,69,1643,0,_
521,0,💞Joy,176,50,36,21,24,413,0,_
522,0,李冲7822,111,350,161,6,15,175,1,我从来没有像今天因为我在医院上班而自豪！我的兄弟们去一线奋战。我为他们自豪！2020年2月9日_
523,0,鼠鼠,196,291,25,57,57,13497,0,_
524,0,杜寻泥,7,2252,25,0,7,1383,0,_
525,0,心系鞠公主(玖家),10842,3666,2675,255,257,4416,1,江山不换韩芸汐，此生不负鞠婧祎。♥♥♥♥♥_
526,0,贝贝,0,40,2,0,0,0,0,_
527,0,花。落,57,185,18,3,5,272,1,努力活成自己喜欢的样子_
528,0,欢欢,2,125,52,0,1,10,0,_
529,0,小輝輝🙈,47,243,15,24,28,1509,0,_
530,0,清枫云淡,1861,1489,297,92,126,146,1,你的好友❤️❤️❤️❤️❤️❤️❤️_
531,0,墨曦千韵,76,315,108,2,6,350,0,_
532,0,莫鋙曦,702,51,54,67,67,2099,0,_
533,0,期待,868,258,52,144,144,1255,1,斤叉_
534,0,嫒媛,949,107,121,160,160,3822,0,_
535,0,百变鲁班。,276,372,22,69,69,778,1,2222阿门_
536,0,草莓布丁●﹏●,0,669,17,0,0,0,0,_
537,0,曹丽,125,152,30,14,14,4144,0,_
538,0,小雅,501,817,85,80,80,8446,0,_
539,0,甜🍎甜,139,31,34,9,9,10997,0,_
540,0,用户6848505704819,15,32,4,3,3,110,0,_
541,0,1310094460,44,162,9,614,616,615,0,_
542,0,Lucky ·🌟,861,320,114,119,136,1314,1,👑记录两个宝贝的点点滴滴👧and👦🎈_
543,0,恶梦.裂,27,2751,43,11,11,8344,0,_
544,0,小焕焕❤❤❤❤❤❤,3517,1426,307,203,213,0,1,💞💓嘴角上扬☀🌙微笑很迁强💖💗_
545,0,👑LWXHebe,95,175,32,23,25,240,0,_
546,0,栗子,31,80,18,14,14,120,1,下次微笑，依旧骄傲。_
547,0,Z12,0,15,0,0,0,0,0,_
548,0,用户6631001375770,0,26,2,0,0,99,0,_
549,0,我走路带风,313,129,36,0,5,0,0,_
550,0,麦麦,82,118,24,14,19,319,1,你若读书，风雅自来！_
551,0,兔兔19871987,38,31,47,16,16,787,0,_
552,0,用户8862552249928,5,170,52,0,0,0,0,_
553,0,相亲相爱一家人,2076,250,95,207,207,1820,1,走自己的路，让别人去说吧_
554,0,🍥涂山~沫沫🍭[月家],13,266,122,2,2,546,1,希望粉丝能过千吧！能支持我一下吗？谁关注了我，我就关注谁。_
555,0,💋陌上花开💋,197,94,58,8,8,0,1,执子之手，与之携老_
556,0,唐文杰,94,254,59,21,21,1310,0,_
557,0,弓长张,1,697,22,0,2,0,0,_
558,0,伶俐,624,479,330,41,43,0,0,_
559,0,蜜桃🍑梦境,67,1318,22,7,7,6049,1,对方正在输入_
560,0,赵梓杰,0,112,0,0,13,153,0,_
561,0,用户9665032521068,48,117,7,40,40,193,0,_
562,0,草莓萌妹酱,0,182,23,0,0,45589,0,_
563,0,用户7680490511585,0,38,1,0,0,146,0,_
564,0,石凤英,52,101,4,37,37,158,0,_
565,0,用户5938036093275,78,24,26,7,7,357,0,_
566,0,梁雪英,4154,4302,1618,286,286,18528,1,全世界独一无二的自己_
567,0,衡阳县陈运华陶瓷,4481,617,528,467,468,4571,1,工作号15116802514_
568,0,。,0,74,6,0,0,0,0,_
569,0,用户866622462271,0,70,0,0,0,8,0,_
570,0,ღོ࿆韩ღོ࿆新ღོ࿆思ღོ࿆,3299,58,82,63,63,242,1,:：ღོ࿆平ღོ࿆ 安ღོ࿆:：_
571,0,修仙生活,0,21,2,0,0,186,0,_
572,0,可乐妹妹,80,232,12,17,23,282,0,_
573,0,用户9215737445652,0,6,0,0,0,6,0,_
574,0,用户7485427693462,14,67,4,5,5,120,1,“与花低首相见，与日常低朗相欢，与一人，清心相惜，眉宇带着喜气”。      时光安恬，悠然复悠然。_
575,0,涵宝贝,10,299,16,1,2,0,0,_
576,0,龙三妹,0,696,2,0,0,1519,0,_
577,0,宁静致远,19,42,60,3,3,1072,0,_
578,0,吖吖,11,169,25,2,2,787,0,_
579,0,用户9038213244601,1,414,2,1,1,889,0,_
580,0,芸芸F众笙,0,322,20,0,0,4291,0,_
581,0,爱吃珍珠的帆帆鸭,73,206,19,0,0,1940,1,希望我的野蛮和细枝末节你都能接受。_
582,0,灿灿小公主,128,477,42,41,43,627,1,zbdg_
583,0,嘻嘻嘻。请叫我天真,2,2468,4,3,3,584,0,_
584,0,蔺,7502,570,323,24,24,1760,0,_
585,0,西西,0,100,106,0,0,0,0,_
586,0,用户2955657360424,0,355,3,0,0,642,0,_
587,0,保佑…铭远，,41,122,10,12,12,236,0,_
588,0,冰荷,651,152,89,51,51,1708,0,_
589,0,刘虹508,0,336,20,0,0,114,0,_
590,0,用户7221091091930,0,30,5,0,0,46,0,_
591,0,诺诺宝贝呀,117,135,31,12,13,314,0,_
592,0,呵呵😊,0,275,14,0,0,867,0,_
593,0,在雨中,27,198,34,4,4,95,0,_
594,0,幸福一支花,217,203,65,22,22,153,0,_
595,0,等他ぃ,6,172,11,5,5,224,0,_
596,0,用户2609507946117,11,1659,7,6,6,214,0,_
597,0,勇敢80后尾巴,13,112,27,1,1,7740,1,更好的还未到来！_
598,0,G小爱🌹,97,2955,2438,1,2,398,0,_
599,0,qinqingde,45,51,27,5,7,106,0,_
