0,0,7-eveN.~”,0,19,6,0,0,582,0,_
1,0,ァ 玲儿” い,0,33,6,0,0,1565,0,_
2,0,小茹🙊,0,56,1,0,0,1894,0,_
3,0,易北。,0,54,25,0,0,4038,1,越努力越幸运_
4,0,花灵蝶🦋🦋🦋,48,1267,12,38,38,51,0,_
5,0,〃八月柒秋叶初凉-ぐ,0,6,10,0,0,7,0,_
6,0,璟,0,43,2,0,0,178,0,_
7,0,和平精英的a点点o,2,1753,22,1,1,23708,0,_
8,0,晨,84,73,18,10,11,240,1,舍，得。有舍就有得.666_
9,0,筱泗,0,166,4,0,0,118,0,_
10,0,嗯嗯好,2,1550,13,0,4,0,0,_
11,0,南,3,445,3,2,2,1452,0,_
12,0,武晓雪,143,223,33,6,6,17569,1,大学_
13,0,珂珂,419,198,31,416,416,168,0,_
14,0,寻鹿♡,15,67,25,1,1,613,0,_
15,0,還是動心了/:,0,19,4,0,0,368,0,_
16,0,GGBond,0,1990,7,0,2,0,0,_
17,0,宋小果,3,53,1,1,1,6885,0,_
18,0,用户5569530035661,0,148,0,0,0,317,0,_
19,0,IC.,0,168,10,0,0,0,1,Darling you look perfect tonight.围脖:忘了……_
20,0,妞妞🎈,285,718,1158,35,35,1725,1,目之所及 皆是回忆心之所想 皆是过往眼之所看 皆是遗憾_
21,0,丧心病狂,0,378,7,0,1,0,0,_
22,0,苗。。。,0,12,0,0,0,116,0,_
23,0,禧.,0,50,4,0,0,0,1,行至朝雾里，坠入暮云间，与星辉一同为你沉迷_
24,0,潘美佚,9,473,7,4,4,32,0,_
25,0,張 大大😒  ,196,83,64,43,44,103,1,人美 话不多🤔_
26,0,用户8650756563937,0,2713,9,0,0,2437,0,_
27,0,11：11,5388,109,454,13,13,406,0,_
28,0,爱,563,679,652,31,31,313,0,_
29,0,用户224730,0,557,3,0,0,518,0,_
30,0,花千骨,170,554,19,82,82,0,0,_
31,0,쉬엔雪恩0910,56,2615,66,19,19,0,0,_
32,0,sumi,0,64,1,0,0,319,0,_
33,0,田振,0,27,3,0,0,7,1,田振_
34,0,盏茶浅抿,92,251,63,30,30,0,1,谢谢大家当我的粉丝。🌹🌹🌹🌹🌹🌹🌹🌹🌹🌹🌹🍀🍀🍀_
35,0,用户1302812344852,0,137,0,0,0,1001,0,_
36,0,豆豆,96,1091,25,29,29,2531,0,_
37,0,黄石中天软装,35,670,33,11,11,866,0,_
38,0,曼宝,7,678,2,9,9,2749,0,_
39,0,季小暖,34,35,69,3,3,13274,1,全世界都趁我不在时，亏欠了我的男孩。_
40,0,徐金婵,0,4115,19,0,0,352,0,_
41,0,Wi,0,25,1,0,0,29,0,_
42,0,小宇点亮了天,8,974,16,7,7,5945,0,_
43,0,汉堡,0,2968,67,0,0,720,0,_
44,0,fyyyyy,13,248,23,1,1,163,1,填啥总比没有好吧_
45,0,菜.,0,277,41,0,0,19291,0,_
46,0,孤独入客枕311,0,15,4,0,0,63,0,_
47,0,用户3171315298179,0,299,0,0,0,700,0,_
48,0,帅帅哥,2,446,7,3,3,1548,0,_
49,0,用户1063141839086,0,1438,18,0,0,2566,0,_
50,0,暖心小太阳,0,2919,14,0,0,232,0,_
51,0,欣姐,0,66,0,0,0,555,0,_
52,0,柚子Yoki,0,117,11,0,0,959,0,_
53,0,梦初醒，回忆成伤,0,1635,8,0,0,2029,0,_
54,0,Selina,0,316,0,0,0,674,0,_
55,0,柚子女神星空物语,8,1039,24,4,4,1725,0,_
56,0,木木夕,20,1410,21,4,9,7042,0,_
57,0,皮皮的时光机,2,165,1,1,1,160,0,_
58,0,用户7202535459717,0,112,0,0,0,242,0,_
59,0,贾梦茜,29,89,3,19,19,478,0,_
60,0,大瑞💜,3,61,12,0,0,0,0,_
61,0,我的守护神是花🌸神,95,141,32,10,10,314,0,_
62,0,锦奈白,0,74,0,3,3,254,0,_
63,0,亮哥哥.,0,156,68,0,0,18284,1,再被你提起已是连名带姓_
64,0,蜡笔的小丸子,12,45,41,2,6,18,0,_
65,0,妮子,0,4850,50,0,0,10155,0,_
66,0,🎀Lilychou,31,83,6,8,8,307,0,_
67,0,樊佳鑫,0,277,8,0,0,193,0,_
68,0,随意,15,57,4,3,5,256,0,_
69,0,冉冉,0,126,4,0,0,321,0,_
70,0,小安.,17,43,23,1,1,428,1,千玺  谦谦_
71,0,喜杨杨,0,2864,7,0,0,6614,0,_
72,0,抹不掉的♥记忆,3000,770,885,166,172,0,1,未婚_
73,0,过好每一天,68,2897,64,21,22,3963,1,粉司。_
74,0,时差,34,75,13,5,8,730,0,_
75,0,myi gup lahto,1116,246,533,5,5,19,0,_
76,0,用户8189731110745,0,62,22,0,0,240,0,_
77,0,！@@#￥,0,187,1,0,0,181,0,_
78,0,壁咚,5,185,18,0,1,1045,0,_
79,0,HelloMeng 💓,0,41,17,0,0,54,0,_
80,0,北岛,45,105,18,3,3,2219,0,_
81,0,鞠鞠,0,2222,32,0,0,15183,0,_
82,0,我是四叶草,87,3565,263,6,6,5521,1,喜欢的明星：tfboys梦想：相当明星（但是有点不可能）感慨：永远爱他们，现在努力还不迟，加油，一定会成功，加油！！！_
83,0,娜娜大仙女,79,746,5,30,30,461,0,_
84,0,该叫什么呢,6,54,24,0,2,119,1,不知道变可爱这个梦想什么时候实现_
85,0,夏雨初情的好朋友,0,429,5,0,0,2584,0,_
86,0,Tsil-,0,21,0,0,0,0,0,_
87,0,芸兮🌙欣玥,14,2393,67,3,3,8049,0,_
88,0,小宝宝❤❤,63,1345,18,28,28,5848,1,你永远都是我的小宝贝_
89,0,我只爱誓言释言淘图图,9,3216,35,3,17,7057,0,_
90,0,004225l,0,142,0,0,0,0,0,_
91,0,😄😄,57,223,44,7,18,225,1,千石小蚂蚁托管中心_
92,0,1+1小于1,138,155,135,9,10,0,1,妄想立马开始流浪身体或灵魂，有一个已经在路上等有了   相机   电脑   背包我们就去远方  好不好？「我的记录片」……_
93,0,人生如茶,0,4702,13,0,0,0,0,_
94,0,暗淡的玫瑰,0,728,4,0,0,2679,0,_
95,0,小明同学,679,76,76,6,10,1085,1,拿🏀说话_
96,0,陈焱生484,28,779,49,5,5,1912,0,_
97,0,ikun❤️坤坤,0,1863,10,0,0,5080,0,_
98,0,雯雯,12,521,15,4,4,490,1,你的时候你就不能_
99,0,meng-🌹🌹,0,14,0,0,0,0,0,_
100,0,美丽的小姑娘。,0,119,0,0,0,65,0,_
101,0,史鑫茹,0,1450,8,0,0,385,0,_
102,0,希希麻麻,1167,473,105,137,137,6905,0,_
103,0,用户7613400024502,0,48,11,0,0,438,0,_
104,0,小陆要早睡,0,926,11,0,0,2290,0,_
105,0,月月,94,178,8,27,27,464,0,_
106,0,用户4799738003938,0,20,7,0,0,71,0,_
107,0,小北解说迷你世界呀，和皮卡丘一起,214,399,39,60,62,908,1,我没啥可说。_
108,0,Augenstern,0,909,20,0,0,0,0,_
109,0,刘程程,18,271,45,2,2,0,0,_
110,0,nu a salum madu,511,2082,797,23,24,6977,1,Galoi tin tsaw nga na                                                  Ever love❤❤❤_
111,0,用户3132423223029,119,55,12,22,22,96,0,_
112,0,小草,0,1131,7,0,0,1793,0,_
113,0,酱橙汁儿,22,87,15,2,2,6045,0,_
114,0,浩宇,0,82,0,0,0,0,0,_
115,0,用户8815108858866,0,80,0,0,0,132,0,_
116,0,养乐多味的软糖,16,119,20,1,1,12214,0,_
117,0,饭团,0,3040,62,0,0,0,0,_
118,0,佳宝宝,7,127,7,4,4,439,0,_
119,0,清风,0,1337,30,0,1,12046,1,see how  much  i  love  you_
120,0,让世界闪亮起来,128,877,6,63,63,6701,0,_
121,0,aoeiuvw,54,404,20,1,1,0,1,嘻 嘻 嘻_
122,0,zzz✨,14,54,41,3,3,10359,1,戳戳戳   不灵✨咚咚咚   不灵✨咳咳咳   不灵✨_
123,0,lotus seed,0,110,2,0,0,2490,0,_
124,0,✨白芷✨,1,64,3,1,1,57,1,可盐可甜可撒娇！（前提是你没惹着我）_
125,0,灵水晶,6,151,0,10,12,79,0,_
126,0,等一下再走,52,75,21,2,5,1599,1,想重新认识你 从你叫什么名字开始_
127,0,kepsiz,0,9,4,1,1,152,1,chaqchaq qilma achanggha_
128,0,cheese56,68,25,11,19,19,70,0,_
129,0,振英哦,1,17,4,1,1,599,1,🌻_
130,0,不会拍照.,0,230,9,0,0,13228,0,_
131,0,@在吗？大灰狼！936,47,2391,69,26,26,1555,0,_
132,0,向美丽,0,32,1,0,0,107,0,_
133,0,97-,8,145,9,0,0,0,0,_
134,0,快乐快乐,31,202,9,82,82,213,0,_
135,0,已重置,3,21,1,3,3,94,0,_
136,0,梧桐🍁,125744,778,12668,153,310,0,1,乔木梧桐落，万物竞泽生。汉服袍子一枚，五府二群的梧桐我剪的剧情〔不上升真人〕划重点！！！我的视频可以保存，但不可以发到别的平台剪辑不易，谢谢理解「鞠躬」_
137,0,用户2620385349197,0,163,4,0,0,0,0,_
138,0,手机用户93667540786,19,39,16,4,5,58,0,_
139,0,小糊涂🍬,0,596,7,0,0,29961,0,_
140,0,@限流玥玥,1015,2473,94,143,143,19151,1,没有微信QQ     14岁    浑南    冲一100_
141,0,魅影,0,687,0,0,0,17,0,_
142,0,『YOLO』,0,216,7,0,0,0,1,不期而遇的美好。_
143,0,团,0,380,5,0,0,873,0,_
144,0,用户1004066990889,5,101,6,1,1,437,0,_
145,0,用户3022488196777,0,2527,31,0,0,7540,0,_
146,0,泡泡糖小公主👸🏼,708,4645,174,425,427,39003,1,请你猜猜我是谁_
147,0,小甜筒,36,3726,11,22,29,16938,0,_
148,0,做你眼中的星星🍭🍁,0,520,5,0,0,379,0,_
149,0,美少女,4,1685,34,3,3,3590,0,_
150,0,serijk,15,459,24,0,0,0,0,_
151,0,黄柔慧,0,2971,26,0,0,4281,0,_
152,0,Nana~,14,223,11,6,8,61,0,_
153,0,冬野的言.,16,3,4,4,6,0,0,_
154,0,如愿少女1120,230,154,72,17,23,8248,1,我要是再瘦一点就好了。_
155,0,小佳不吃🍉,0,96,0,0,0,0,0,_
156,0,GYQBEIJU,10,1522,9,2,2,1924,0,_
157,0,哆啦 Y 梦,11,124,4,3,3,13514,0,_
158,0,小小姐,0,890,9,0,0,48,0,_
159,0,美丽天空,0,2224,21,0,0,903,0,_
160,0,眼镜,2,484,13,0,1,3145,0,_
161,0,小小小可爱,62,779,22,12,14,806,1,可乐要加冰，爱我要用心农夫山泉有点甜，不爱肉肉有点悬_
162,0,呵呵,4,849,2,0,0,0,0,_
163,0,0701.,115,874,53,0,0,0,0,_
164,0,诺诺,0,71,1,0,0,354,0,_
165,0,哈哈哈哈,90,22,43,6,34,0,1,至此 心猿归林 意马有缰_
166,0,嗯哼嗯哼,740,208,60,44,44,0,1,ʚRɞ_
167,0,橙子,0,3139,23,0,0,22789,0,_
168,0,小眼睛哥哥1,5,989,51,6,10,0,0,_
169,0,桽,0,32,2,0,0,179,0,_
170,0,刘甜,0,395,40,0,0,114,1,爱梓静_
171,0,小白兔奶糖,7,424,2,6,6,124,0,_
172,0,天空之色,0,63,0,0,0,0,0,_
173,0,大老陈儿,0,35,4,1,1,19,1,加油＾０＾~_
174,0,用户1297023726084,355,54,46,53,53,316,0,_
175,0,默默,11178,4236,2567,319,508,15916,1,宁缺毋滥，余生不将就，V❤15148156667_
176,0,小月亮🌙,0,44,0,0,0,47,0,_
177,0,泡泡球,23,384,15,9,9,257,0,_
178,0,高野千鹤,0,934,38,0,0,0,0,_
179,0,Y,17,101,24,0,0,670,0,_
180,0,关于小熊,216,226,19,0,0,0,1,感受不到就是没有_
181,0,明天,0,226,39,0,0,2000,0,_
182,0,用户1928521965359,0,85,1,0,0,3,0,_
183,0,寻水的鱼,27,122,13,28,28,272,1,我相信你正在与我相遇的路上马不停蹄❤️_
184,0,还好吧,0,239,3,0,0,76,0,_
185,0,ﾉ☀,0,11,3,0,0,877,0,_
186,0,微微一笑很倾城,90,167,42,15,16,678,0,_
187,0,浮旧浮梦,482,352,45,77,77,1002,0,_
188,0,Chihiro,0,352,13,0,0,3315,0,_
189,0,爱你如初,0,1379,49,0,1,48,0,_
190,0,忠爱郑先生.,208,91,69,11,11,13173,1,好好学习._
191,0,实干,0,1564,57,0,0,3545,0,_
192,0,飘心,159,855,45,26,26,1021,0,_
193,0,咕噜，,0,568,21,0,0,9416,0,_
194,0,昏昏的小婊贝,72,180,15,21,21,611,1,要瘦到100斤的小胖含我太喜欢吴世勋了，我觉得我上辈子是他的女朋友_
195,0,Doraemon,0,185,1,0,0,1815,0,_
196,0,半夏时光,0,173,0,0,0,304,0,_
197,0,匿名,0,411,5,0,0,19768,0,_
198,0,對沵、動ろ情,0,110,17,0,1,2949,0,_
199,0,🍃,73,1885,115,6,6,5885,0,_
200,0,软糖酱仙女,196,23,29,21,22,794,1,谢谢你的的关顾!😀️_
201,0,@蜜桃果汁🌠,0,871,3,0,0,110,0,_
202,0,嘻,0,50,11,0,1,671,0,_
203,0,兔子头,11,26,1,1,1,1517,0,_
204,0,美丽小姐,13,242,1,4,4,478,1,大家好！_
205,0,小云。,2,411,3,0,2,4195,0,_
206,0,甜甜的，酷酷的，酸酸的,5,354,2,1,1,1087,1,剪辑甜甜的小片段_
207,0,琳狗,0,219,32,0,0,2251,0,_
208,0,wyq🌈,0,51,7,0,0,0,0,_
209,0,中国加油！武汉加油！白衣天使加油！(楠),2,1785,10,1,2,5863,0,_
210,0,Sweet  girl(⑉°з°)-♡,0,37,11,0,0,258,0,_
211,0,迷醉,26,397,4,27,27,302,0,_
212,0,角会哦从v卡 哦好好干 。。,0,2227,41,0,0,17753,0,_
213,0,萝卜炖白菜,83,37,35,6,6,0,1,抖音越玩越嗨，办案脑洞大开_
214,0,Sakura梦,0,229,9,0,0,15342,0,_
215,0,回忆,60,1463,52,11,13,3383,0,_
216,0,用户339524000947,0,9,0,0,0,193,0,_
217,0,小胖胖,34,101,19,9,9,275,0,_
218,0,一只小彤吖～,0,287,2,0,0,0,0,_
219,0,皮卡丘开心ヽ(○^㉨^)ﾉ♪,39,519,4,25,25,2254,0,_
220,0,Sweetheart baby,56,2820,231,3,3,10176,1,甜心宝贝👀围脖：甜猫软萌😽谢谢你的关注_
221,0,用户411392889747,0,949,0,0,0,314,0,_
222,0,赵登媛,0,2522,22,0,0,5939,0,_
223,0,~(˶‾᷄ꈊ‾᷅˵)~,117,40,38,14,14,13,1,相信是成功的起点，坚持是成功的终点！_
224,0,@~@,103,120,49,5,6,2595,0,_
225,0,六月奇迹,81,509,40,10,10,1296,0,_
226,0,涵落·,1,103,18,0,0,0,0,_
227,0,用户9802913041097,11,766,2,7,7,65,0,_
228,0,难赴.,1,33,2405,0,0,0,0,_
229,0,懂你,131,1482,18,21,21,3593,0,_
230,0,蔚蓝,0,193,1,0,0,52,0,_
231,0,已重置,1,284,1,1,1,8,0,_
232,0,安崎.,0,45,8,0,0,2246,1,团偏ROSÉ_
233,0,用户1927220410444,0,1745,8,0,0,1791,0,_
234,0,tsawar ❤❤❤,212,256,106,14,14,2340,0,_
235,0,撞进夏日的晚风,52,1658,52,9,9,3270,0,_
236,0,秦霄贤的白月光（德云lnm）,0,360,8,0,0,141,0,_
237,0,时遇倾城色,0,109,18,0,0,117,0,_
238,0,追星人,23,941,12,5,5,582,0,_
239,0,用户5526085757344,0,1321,11,0,0,3814,0,_
240,0,綺綺不走.,71,167,23,4,5,0,0,_
241,0,用户9331546069329,0,65,6,0,1,223,0,_
242,0,不二情@,1395,256,152,150,151,1124,0,_
243,0,WZY~,4,506,1,2,3,804,1,“I love you.”Not ✨💨_
244,0,花花（ET）😊,0,264,2,0,0,1017,1,我的爱豆是可盐可甜可A的花花爱所有的ET🍧🍧🍧🍧🍧🍧花花今年3岁😄😄_
245,0,初恋星河,0,1399,2,0,0,225,0,_
246,0,(๑><๑）好吃喵！,4,2336,8,4,4,521,0,_
247,0,为梦想而奋斗（灯芯）,184,60,11,9,92,300,1,邓峰造极，无与伦比_
248,0,Bubble/🎐,0,41,14,0,0,0,0,_
249,0,1314,55,1519,49,21,23,171,0,_
250,0,拼博,93,2156,48,62,62,3641,1,人与人之间最舒服的相处就是欣赏彼此的好懂得彼此的苦生活很苦余生不长和相处舒服的人在一起真的很重要有道理_
251,0,杜志展,1,189,2,2,2,647,0,_
252,0,白日梦张,151,386,11,49,49,624,0,_
253,0,烟雨蒙蒙,224,51,34,29,29,2085,0,_
254,0,skp,0,3938,17,0,0,0,0,_
255,0,用户6838598901423,0,524,10,0,0,2035,0,_
256,0,soo余生,0,178,3,0,0,673,0,_
257,0,用户6325361011008,0,9,0,0,0,7,0,_
258,0,吴炜洁,28,810,6,21,21,194,0,_
259,0,dgbf,0,39,0,0,0,1,0,_
260,0,用户4460879543692,58,882,86,32,32,1421,0,_
261,0,昊哥家的小可爱,0,319,7,0,0,2609,0,_
262,0,悦瀛,0,25,4,0,0,0,0,_
263,0,💙大厂💙女孩💙,67,4809,1309,1,1,25380,1,底线:NINEPERCENTUNINE宇宙少女乐华七子_
264,0,仪剪辑,8351,115,1465,18,191,0,1,👆👆👆👆👆👆👆👆👆👆👆✨橱窗有好货                       ✨✨ 剪辑教程   好书，美食   ✨✨您省时省力省💰的VIP    ✨✨来都来了，进来逛逛呗   ✨✨爱抖音，爱剪辑               ✨✨感谢有您，感谢关注       ✨✨从此您们就是我的牵挂   ✨✨关注我有JX 宠您一辈子 ✨✨✨✨✨✨✨✨ ✨  ✨✨_
265,0,木汐,34,32,3,35,36,528,0,_
266,0,手机用户19890603281,0,30,0,0,0,3,0,_
267,0,青城yueling,0,115,1,0,0,101,0,_
268,0,梦兮~樱沫♡,0,309,2,0,0,641,1,来了就点个关注再走呗 ♡ヽ(•̀ω•́ )ゝ_
269,0,小黄同学🌸,3,244,28,1,1,751,1,王耶啵🌸❤❤很帅_
270,0,我的小可爱小猫。💖💖,125,1127,32,45,45,781,1,谁当了我的粉丝就会好运连连🌈⭐_
271,0,l.N,0,348,1,0,0,232,0,_
272,0,泡沫,0,55,9,0,0,647,0,_
273,0,王八,0,863,3,0,0,119,0,_
274,0,十三哥,0,897,12,0,1,47371,0,_
275,0,^_^涵涵^_^,0,187,41,0,0,5145,0,_
276,0,用户6715190422949,0,70,2,1,1,64,1,湖南_
277,0,用户416767946,0,7,0,0,0,38,0,_
278,0,淇,12,2279,32,6,6,0,0,_
279,0,冯雨腾,1,555,3,0,2,1018,0,_
280,0,Re,0,21,1,0,0,0,0,_
281,0,期待,86,2470,39,121,122,4166,0,_
282,0,卞卞🌲年底清货中,43,232,21,8,8,296,0,_
283,0,用户8435375127332,24,792,27,7,7,315,1,子轩小可爱_
284,0,用户7382469912033,0,383,14,0,0,1505,0,_
285,0,奈小五,1,28,5,1,1,228,0,_
286,0,H,0,63,152,0,0,0,0,_
287,0,用户135129652093,0,111,0,0,0,175,0,_
288,0,海绵宝宝🐷。,122,25,30,9,10,0,0,_
289,0,伊诺宝宝、,2611,3184,142,321,321,9790,0,_
290,0,猪猪棒棒糖,17,58,21,4,7,524,1,让我见一面吴亦凡叭_
291,0,辰辰吖❤️❤️,947,202,86,83,83,1023,1,人终究要为自己年少无知买单           这单很贵_
292,0,SHENCHOI,0,149,8,2,2,507,0,_
293,0,用户1405060151248,152,346,40,29,29,925,0,_
294,0,暴走—Yachne.,0,15,96,0,0,0,0,_
295,0,天下无双0214888,2,813,4,1,1,15,1,畅游天下，爱在天涯。_
296,0,@双子座的丧女孩,4,676,12,1,1,1081,0,_
297,0,林林,0,7,0,0,0,6,0,_
298,0,腻味,102,115,19,14,14,11496,0,_
299,0,落雪,0,373,0,0,0,5647,0,_
300,0,任大伟,0,284,41,0,0,178,0,_
301,0,ᵍᵒᵒᵈ ☽,60,301,18,12,37,0,1,7788_
302,0,°♥九街姑娘♡°,1,1613,11,1,1,7149,0,_
303,0,还有多少个十年,3387,337,158,0,0,0,0,_
304,0,Yeolheol,260,87,18,17,18,10830,0,_
305,0,泡沫.,0,121,7,0,0,7912,0,_
306,0,用户3306028884630,0,124,5,0,2,631,0,_
307,0,用户101250,0,327,73,0,0,5946,0,_
308,0,seven김,8,663,39,1,1,1985,0,_
309,0,单身成瘾,0,16,0,0,0,16626,0,_
310,0,王子涵,753,1655,36,364,370,3940,0,_
311,0,用户001978,90,81,25,9,9,155,0,_
312,0,诗琴,0,453,9,0,0,2059,0,_
313,0,💞💞M,0,300,8,0,0,1485,0,_
314,0,贺小艳,0,10,1,0,0,64,1,幽默风趣，搞笑。_
315,0,范范范德彪,8,1103,3,9,14,4356,0,_
316,0,傾,48,740,19,7,8,0,1,._
317,0,用户2653949635259,0,18,0,0,0,27,0,_
318,0,小言影视剪辑,207279,364,12400,18,18,0,1,🚦抖音，记录美好生活！🚦感谢官方！感谢抖音平台！🚦实力宠粉，你们开心就是我的动力！🚦承蒙厚爱，喜欢的朋友➕关注呦💞_
319,0,用户1209042313280,0,45,0,0,0,5,0,_
320,0,拾柒ジ宁,1891,2751,280,34,50,39979,1,护宁翱翔，陪宁成王！往后余生，唯爱摩登！安排！_
321,0,浮生须臾,5,96,11,3,3,468,1,平安喜乐2020_
322,0,余悸🍃,139,126,33,7,7,10204,1,♡我所理解的美好生活是日常忙碌却不盲目❤V:yanye2298102361_
323,0,Ashley,4,159,2,1,1,213,0,_
324,0,艺烊儿,0,283,14,0,0,1082,0,_
325,0,红英,703,312,283,0,0,0,0,_
326,0,粽子六月🍒,0,2021,23,0,0,10145,0,_
327,0,L,0,21,13,0,1,4247,1,直言不违做自己_
328,0,亦菲,0,59,0,0,0,398,0,_
329,0,安逸人生如梦。,45,1971,152,6,6,3141,0,_
330,0,李彤,1,76,2,1,1,282,0,_
331,0,abc,0,147,2,0,0,190,0,_
332,0,第718号心动女嘉宾,0,120,6,0,0,16571,1,李男友～LH_
333,0,。。。。。。,11,735,16,2,2,1338,0,_
334,0,💋张小张,77,401,38,7,7,3089,1,宝贝日常生活_
335,0,沙雕是我👀,0,93,10,0,0,570,1,一直在你身后💕_
336,0,天地猫,0,164,16,0,0,0,0,_
337,0,芳菲,0,4511,158,0,0,86020,0,_
338,0,M,11,29,8,5,6,446,0,_
339,0,今晚满天星,0,174,9,0,0,8831,0,_
340,0,心凡,0,309,1,0,0,408,0,_
341,0,爱困的blink,13,21,3,5,5,372,0,_
342,0,用户9238290427072,0,15,1,0,0,2,0,_
343,0,用户8968269671592,0,97,0,0,0,316,0,_
344,0,故情,16,877,53,0,0,0,0,_
345,0,梓勋,938,164,126,163,167,16973,1,拥有健康的生活，才有更好的未来_
346,0,哈哈呀,0,657,12,0,1,4093,0,_
347,0,心灵的旅程,0,166,5,0,0,299,0,_
348,0,海很蓝却致人溺忘,2,119,5,0,1,1169,0,_
349,0,让那阳光温暖我心,352,12,86,8,8,2847,1,施工员一枚！_
350,0,芥末味的奥利奥,0,225,2,0,0,648,0,_
351,0,皺眉~,0,373,5,0,0,1007,0,_
352,0,77好酸,77,23,401,2,2,16,0,_
353,0,灿妮儿,0,88,19,0,0,2949,0,_
354,0,王佳鹏,70,11,20,2,3,42,1,王佳鹏_
355,0,金🌻🌻,3,248,16,2,2,2407,1,瞅啥呢？   不关注我瞅啥呢。_
356,0,媗啊,23,710,9,0,0,11306,0,_
357,0,无所谓,0,129,19,0,0,127,0,_
358,0,美丽,5,129,3,5,5,410,0,_
359,0,前辈.,264,136,52,11,12,29798,1,回应我._
360,0,爱你🤟2020,156,126,77,8,12,10478,1,欲戴王冠，必承其重_
361,0,迷路,0,37,9,0,0,1,0,_
362,0,✨烨,1534,228,71,37,37,0,1,汉堡🍔    冰邦💓    丞星🍊_
363,0,仔仔wftoil,31,172,20,2,2,22228,1,一个超级无敌可爱的肉仔仔_
364,0,。,0,115,1,0,0,929,0,_
365,0,LIYUAN___,26,290,14,1,1,0,0,_
366,0,摇摇椅,0,1548,8,0,0,3425,0,_
367,0,鸥小鸥OUOU,5714,356,521,82,82,471,1,OO✌_
368,0,快乐黑瞎小齐,1,67,2,5,5,265,0,_
369,0,Naive ghost,5,51,4,2,2,33,1,爱唱歌，篮球，羽毛球_
370,0,許稚,0,106,0,0,0,971,0,_
371,0,你好漂亮,127,285,45,19,20,7770,1,谢谢你的关注_
372,0,梦露很OK,17,158,18,0,0,7049,1,只有自己变得强大了，你说的话才有道理。_
373,0,无声的菁美,26,1140,8,5,5,4653,1,小宝贝们好！🌳本人是大学生👧🏻🌳没美丽的外表🙅🏻🌳我把我的努力来证明自己🙋🏻🌳我有一个很爱大家的心❤️🌳处对象❌🌳喜欢正能量💯🌳关注了就是我HAO朋友👭🌳喜欢我关注加双击👑_
374,0,宸音,0,153,3,0,0,138,1,清晨照射的第一缕光是希望。_
375,0,啊啊啊啊啊啊啊啊桃,136,231,27,2,10,2230,1,偶尔可爱(๑• . •๑)代＋  gou 微（gayget）_
376,0,WLJ,121,122,250,3,3,0,1,喜欢播音主持的女孩💕_
377,0,泪伤,7,596,8,0,2,195,1,之前的话都是无意义的_
378,0,我生日是96.05–25,0,149,70,0,0,428,1,湖南祁阳_
379,0,a亚妈亚脑瓜疼,0,299,2,0,0,0,0,_
380,0,无可奉告,356,152,145,3,4,3884,0,_
381,0,Mamba_,0,99,3,0,0,0,0,_
382,0,用户178436901348,0,342,3,0,0,1067,0,_
383,0,lin,0,1296,12,0,0,1100,0,_
384,0,尘镶,3,78,30,0,1,17316,0,_
385,0,请叫我女王,0,2111,5,0,0,14,0,_
386,0,浅 小夏,151,1557,39,55,55,3561,0,_
387,0,小雨点,0,23,9,0,0,2,0,_
388,0,👑燕子,574,318,216,51,56,0,0,_
389,0,阿信,105,2865,38,18,19,1011,1,王者战纪，你过来啊_
390,0,小黄人,7,12,4,2,2,0,0,_
391,0,Juan💋💋,1050,552,141,81,83,536,1,别让时间陌生了彼此……_
392,0,厌世i,0,292,2,0,0,573,0,_
393,0,囡囡,0,127,0,0,0,471,0,_
394,0,樱桃小丸子。,8,208,6,20,20,2755,0,_
395,0,再娜皮古丽,0,40,1,0,0,114,0,_
396,0,Seven~,0,73,3,0,0,2894,0,_
397,0,用户5792737943493,0,14,0,0,0,8,0,_
398,0,安然,0,301,2,0,0,1859,0,_
399,0,PG。,0,224,6,0,0,0,0,_
400,0,三寸日光,54,568,57,5,8,22779,1,我有多不正经，就有多深情_
401,0,赫拉,0,428,27,0,0,155,0,_
402,0,鹿眸,0,124,3,0,0,130,0,_
403,0,草莓布丁很可怕《👿已黑化👻》,144,551,28,95,95,709,0,_
404,0,雅酷,0,273,25,0,0,27,0,_
405,0,桃奈叶子.,0,545,23,0,0,3677,1,初二学生党一枚💪加油！_
406,0,一只被宠着的橘猫,0,37,0,0,0,170,0,_
407,0,涵涵,0,476,4,0,0,5776,0,_
408,0,小仙女,0,186,0,0,0,0,0,_
409,0,果酱,18,220,7,16,16,973,1,请大家关注我谢谢了，爱你们呦_
410,0,不要烦我,2,153,5,0,0,5970,0,_
411,0,温雯尔雅,182,164,44,34,34,2667,0,_
412,0,惠子墨,26,457,68,3,3,0,0,_
413,0,fgmnggjfdd,0,810,8,0,0,7554,0,_
414,0,yeah baby~,0,195,1,0,0,2598,0,_
415,0,🍕起司甜饼🍕,0,388,13,0,0,0,1,希望你很会做饭，因为我很会吃饭_
416,0,你好,0,540,10,0,0,179,0,_
417,0,ranran,0,45,9,0,0,15343,0,_
418,0,豆豆猪,0,66,0,0,0,3310,0,_
419,0,十九呀😊,979,3458,168,0,0,0,0,_
420,0,Mr.Feng,28,566,126,0,0,0,0,_
421,0,迁就_,0,50,3,0,0,106,0,_
422,0,洛洛的小宝贝,0,19,0,0,0,118,0,_
423,0,胖纸无敌～∽,1,36,2,0,0,0,0,_
424,0,呐呐米🌼,0,504,11,0,0,0,0,_
425,0,不善,3,2453,16,1,1,6616,1,是你嘟哥🙋_
426,0,豆本豆豆奶,0,18,0,0,0,0,0,_
427,0,xxxx_,12,366,26,2,3,5852,0,_
428,0,@早安,0,127,4,0,0,56,0,_
429,0,小雪妹🙊,285,18,59,8,8,0,1,微信:.......................✨ ✨✨✨记得关注……🌚😂来了就不要走了拒绝暧昧😂😂😂_
430,0,2333333,1,456,3,0,0,0,0,_
431,0,A-Ting,117,94,26,27,27,162,1,什么都在涨价，唯有人心最廉价_
432,0,千屹,0,12,12,1,1,96,1,以梦为马，莫负韶华_
433,0,用户929072628806,10,1252,14,11,11,8836,0,_
434,0,.,0,354,10,0,0,0,0,_
435,0,用户7075131814860,0,38,0,0,0,90,0,_
436,0,卓越,232,1476,75,39,40,4131,1,临沂大学_
437,0,瑰,0,40,3,0,0,0,0,_
438,0,pomy,0,571,0,0,0,656,0,_
439,0,或许、有一天,3,3505,21,1,1,11747,0,_
440,0,海瑟薇🌈🌈🌈,6,80,3,0,0,0,0,_
441,0,小婵婵,129,126,69,14,14,381,1,努力上进_
442,0,1368683236,0,623,6,0,0,126,0,_
443,0,H,5,92,5,2,2,26008,0,_
444,0,用户7877098364661,0,15,7,2,3,517,0,_
445,0,令狐近,7,347,7,3,3,976,0,_
446,0,啦啦啦,0,4242,57,0,0,43,0,_
447,0,用户2162866579616,0,137,2,0,0,61,0,_
448,0,小路同学、桔泱•,2146,807,216,117,135,2644,1,将来的你一定会感谢现在努力的自己_
449,0,雪,0,32,5,0,0,22,0,_
450,0,y,16,53,21,1,1,0,0,_
451,0,婉瑶,0,86,12,0,0,0,1,哈哈哈哈哈哈哈哈哈嗝～_
452,0,余生好好尼爱自己,0,11,0,1,1,19,1,🍀 所以多多尼爱自己·在这个奋斗的年纪·好好的挣钱·总比你早早嫁人好的多··_
453,0,小可爱。,1,670,4,1,1,1136,0,_
454,0,秋怡文,3,1051,9,3,3,2143,0,_
455,0,李心,12,2612,478,1,1,1958,0,_
456,0,时光它咬人🍃,0,79,17,0,0,168,1,谢谢关注_
457,0,恸❤️,20,389,15,6,7,5921,0,_
458,0,珠,0,32,3,0,0,41,0,_
459,0,江鑫俣,15,204,36,2,2,3146,0,_
460,0,Je t'aime.,0,385,8,0,0,1940,0,_
461,0,月亮留给兔子吧,0,649,3,0,0,0,0,_
462,0,BLUE,0,249,20,0,0,24581,1,喜欢肖战♥️_
463,0,魚魚魚,1,525,6,1,1,2531,0,_
464,0,龅牙妹（影视剪辑）,4,97,1,0,16,58,1,✨一个人 一个故事 ✨爱生活 爱剪辑✨原创剪辑、励志、正能量✨感谢抖音大大 承蒙厚爱✨关注我 让你从此不剧荒_
465,0,青春,44,2283,52,0,0,0,0,_
466,0,7,0,49,4,0,0,186,0,_
467,0,三分甜🍋,0,18,8,0,0,18,0,_
468,0,Miss 柒一陆,0,633,3,0,0,32760,0,_
469,0,皓天,0,976,8,0,0,1,0,_
470,0,小波～po～👧🏻,11,194,258,0,4,0,0,_
471,0,牵着🐌去散步,636,93,42,477,480,393,1,记录只为留住逝去的时光……_
472,0,小铭,0,781,13,0,0,5815,0,_
473,0,涵涵,2140,1691,122,271,271,7067,1,涵涵_
474,0,狙击手狒狒,0,58,3,0,0,3208,0,_
475,0,兔子,104,335,73,41,41,46,1,活着已经很难了！其他的不是个事了_
476,0,潼晨航,264,707,63,46,46,937,1,我是三娃的妈！一天到晚围着他们转！我希望可爱的孩子们健康快乐成长！_
477,0,winxnx,0,48,1,0,0,19,0,_
478,0,念一,1,196,11,0,1,0,0,_
479,0,似水流年19942,0,239,7,0,0,149,0,_
480,0,小汪汪🐑,120,40,53,25,34,0,1,该用户已经关注了你谢谢你这么美还关注我🥰🌈斯人若彩虹，遇上方知有。🌈❄️🌨☁️🌥🌦⛅️_
481,0,i꧁✨逸✨꧂,560,792,133,70,74,2136,0,_
482,0,手工大师点点,0,926,13,0,0,7697,0,_
483,0,滚,0,314,10,0,0,3282,0,_
484,0,小虎子,3,143,11,0,0,0,0,_
485,0,小萝卜🥕,131,160,72,26,26,443,0,_
486,0,晨曦,1,237,4,1,1,2145,0,_
487,0,54H_,33,63,42,0,0,0,1,China#LEE♾OH♾EXO_
488,0,追光者_Sam少楨,0,1524,12,0,0,2722,0,_
489,0,奇迹暖暖。,140,3703,39,46,46,6278,1,喜欢打羽毛球，喜欢玩呼啦圈，喜欢跳绳。_
490,0,十七,0,38,4,0,0,7692,0,_
491,0,k.k,8,3,48,1,1,29,1,。_
492,0,小可愛,0,44,0,0,0,100,0,_
493,0,用户4336427170708,0,42,0,0,0,71,0,_
494,0,E.N.A.I(･ิϖ･ิ)两不颖,0,287,4,0,0,212,0,_
495,0,Egotistic🌫,0,80,20,0,0,57540,1,丧_
496,0,柒月byt,15,27,10,4,4,128,0,_
497,0,圆脸才是王道,30,112,33,9,9,68,1,圆脸才是王道_
498,0,月亮熄灯了🌙,0,15,1,0,0,0,0,_
499,0,俊彤,0,4339,6,0,1,15253,0,_
500,0,孙漂亮🌸️,454,330,60,89,89,31994,0,_
501,0,我是李娇,0,11,0,0,0,144,0,_
502,0,赵正馨,139,1148,24,25,25,5841,1,喜欢你的笑_
503,0,Zhaoxiaohe🍀,0,305,20,0,0,0,0,_
504,0,我是个哈B,0,22,21,0,0,199,0,_
505,0,💫桓汵_【ｙｙｑｘ】💫,24,315,5,4,4,1032,1,👯‍♀️喜欢跳舞👯‍♀️🔥易烊千玺🔥_
506,0,生活美好,23092,1497,1146,357,358,24352,1,？？。_
507,0,肖大小姐,8,47,1,31,33,29,0,_
508,0,阳阳,1117,1708,234,70,70,1225,1,若不经历沧桑，哪来的云淡风轻_
509,0,小仙女公主,341,1708,45,159,159,22646,0,_
510,0,小茹：🐳,0,398,4,0,0,0,0,_
511,0,之后,0,14,18,0,0,134,1,☺☺_
512,0,四号,0,260,2,0,0,266,0,_
513,0,周洛伊,667,250,70,136,136,481,0,_
514,0,再飞行,0,232,4,0,0,2342,0,_
515,0,爱因斯汤,12963,56,778,22,26,0,1,expectations never made me happy!_
516,0,A.沐十一,0,35,2,0,0,12,1,"Have a bright future, never see each other again. 🍃_"
517,0,爱丽丝,24,281,16,3,3,470,0,_
518,0,颜,4,922,6,2,2,85,1,平平淡淡_
519,0,兄弟难当兄弟难当！,1222,155,109,197,199,2729,0,_
520,0,Liu.,0,3913,41,0,0,0,0,_
521,0,black jack,0,1740,9,0,0,0,0,_
522,0,薇薇一笑,0,6,0,0,0,0,0,_
523,0,火,1,54,1,2,2,49,0,_
524,0,可爱的冰冰,863,431,48,171,171,747,0,_
525,0,change,261,295,58,14,57,22427,1,DYZ_
526,0,Janice,0,37,2,0,0,16,0,_
527,0,jaja,322,1241,124,53,54,2713,0,_
528,0,hhhhhhhhhhh,0,48,0,0,0,96,0,_
529,0,用户4972407167675,2,1363,5,1,1,10698,0,_
530,0,卡路里卡路里,31,53,13,2,4,135,0,_
531,0,X x 曦,0,367,23,0,0,219,1,心中有所牵挂，生命才会坚强！_
532,0,Seven 7  ,22,41,27,0,0,0,0,_
533,0,用户3707485321905,0,141,0,0,0,211,0,_
534,0,双胞胎姐妹,96,515,1,0,0,0,0,_
535,0,快乐的一生与你无关。,127,2524,52,29,35,7931,1,快乐一生_
536,0,TT,10,56,20,2,2,87,0,_
537,0,琑儿,0,628,46888,0,0,187,0,_
538,0,依萌,14,203,7,0,0,3247,0,_
539,0,默默,0,141,0,0,0,163,0,_
540,0,用户7178892126691,5,321,2,2,2,575,0,_
541,0,逸轩,259,93,19,75,76,2541,0,_
542,0,可爱萌妹,95,281,20,0,0,0,0,_
543,0,Lina.,204,227,73,8,12,596,1,努力为大家剪辑精彩视频，喜欢的可以关注我哦。_
544,0,糖掉了,0,34,15,0,0,0,0,_
545,0,愁小多,0,233,32,0,0,0,0,_
546,0,慢慢想,163,3659,29,38,38,4026,0,_
547,0,甜馨,0,7,2,0,0,6,0,_
548,0,利莉,0,46,0,0,0,112,0,_
549,0,原来不入,106,1658,146,4,4,16535,1,我这个人比较不珍惜人。。。。。。❄❄❄❄🍂🍂🍂🍁🍁🍂🍀❄❄❄_
550,0,用户1746973502912,0,66,5,0,0,988,0,_
551,0,mina,0,547,1,0,0,9701,0,_
552,0,奶酪,38,691,12,18,18,175,1,可爱的小姐姐们快来吧！_
553,0,小宝贝丫头,25,262,3,12,12,4453,0,_
554,0,鲸落学姐,413,518,53,32,32,3420,1,这是鲸鱼留给大海最后的温柔_
555,0,用户3511148315835,0,48,6,0,0,140,0,_
556,0,用户4839056311149,0,237,6,0,0,356,0,_
557,0,小松不卖菜,22,702,25,6,7,10925,1,对啊你超凶_
558,0,已重置,5,3166,16,1,1,4104,0,_
559,0,િ😊ી,0,167,8,0,0,0,0,_
560,0,明天更美好🌹🌹,2357,167,226,107,108,2594,1,天天开心，天天快乐_
561,0,夏沫空城澹月华,4,53,18,0,1,40,1,谢谢你的关注_
562,0,怡怡,69,3649,16,30,30,11587,0,_
563,0,先生来晚了。。,2,1345,36,1,1,9862,1,QQ:3386748510_
564,0,易烊千玺真帅气,0,397,2,0,0,281,0,_
565,0,用户1587060637192,0,291,0,0,0,235,0,_
566,0,用户88826672528我爱你一悲子,0,64,6,0,0,39,0,_
567,0,阿易怀中的猫,0,114,3,0,0,6973,0,_
568,0,我忘记了原唱,0,50,0,0,0,158,0,_
569,0,嘉黎,0,67,9,1,1,219,0,_
570,0,6666879,0,430,24,0,0,22,0,_
571,0,星星🌟,2,69,63,1,1,96,0,_
572,0,桃子ovo,676,54,73,0,0,0,0,_
573,0,涵涵😄,38,425,12,8,8,248,0,_
574,0,快乐奋斗,4,2596,32,1,1,8675,0,_
575,0,开心小仙女,28,435,8,9,9,210,1,每天开心才重要。_
576,0,鬼鬼💞💞,0,306,5,0,0,876,0,_
577,0,许兰,147,571,27,11,11,0,0,_
578,0,用户197966049361,0,299,2,0,0,142,0,_
579,0,ROY BOM,0,779,7,0,0,1997,0,_
580,0,爱咩咩,57,2629,12,29,29,3967,0,_
581,0,北港🍂,0,285,1,0,0,4043,0,_
582,0,快乐的一家人,0,384,0,0,0,195,0,_
583,0,靓靓,0,188,8,0,0,20066,0,_
584,0,莓酱酱～,546,4730,179,85,87,533,1,🍓：已有闺蜜🍓：爱豆：迪丽热巴、贾乃亮🍓：十一岁🍓：♀女生🍓：巨蟹座🍓：五年级_
585,0,丁丁,1357,2757,267,216,217,27823,1,PP_
586,0,小兔叽🌟,7,65,12,1,1,43,0,_
587,0,贩卖小文,0,203,103,0,0,2080,1,脑婆:奥奥💜💜💜💜脑公:吻文好感:程年人底线:杨紫，刘耀文小猴紫温柔不代表紫米温柔，吻文温柔不代表满月温柔看到耀文就疯狂艾特我，我不嫌烦🌚集美18了解一下，入楼不亏_
588,0,CHN1,23,223,4,32,32,53,1,2019年羽毛球全英赛女单冠军                                                                        2019年羽毛球世锦赛女单冠军2020年羽毛球奥运会女单冠军2024年巴黎奥运会女双冠军_
589,0,用户5709460288762,0,20,0,0,0,46,0,_
590,0,✨瑞辰✨  ❄️王家老大❄️（已退）,7,1561,79,1,4,1951,1,小可爱们点赞了吗？小可耐，你们的粉丝名叫辰儿！谁想做我妹妹，私信7∽9岁_
591,0,倾晨,41,3111,91,7,7,4350,0,_
592,0,无尘,0,64,3,0,0,80,0,_
593,0,今夜星满天,0,129,4,0,0,4688,0,_
594,0,一只少女米,12814,357,417,23,23,1073,1,个人简介：ARMY ♡ BTS_
595,0,呆萌奶糖,0,74,0,0,0,12,0,_
596,0,用户86930609951,20,88,4,33,33,808,0,_
597,0,星星邮递员.,1,155,10,0,1,0,1,叫我韩陌熙喜欢IU💗金泰亨🌸           不喜勿喷®车银优💓边伯贤✨有事私信认识一下吧！😄_
598,0,用户3034200011883,0,2201,6,0,0,2707,0,_
599,0,蛋糕,0,1327,6,0,0,1391,0,_
600,0,冉冉在升起⚡️🌊️,628,1796,160,47,48,2374,0,_
601,0,👧 肉肉 Baby,389,744,140,24,24,992,1,不叹流年，一念安然。_
602,0,青春不败,5,1922,42,1,1,4024,0,_
603,0,用户9615478609130,0,29,1,0,0,0,0,_
604,0,用户1485277030967,0,31,1,0,0,27,0,_
605,0,九尾狐蓝鹰,359,1072,627,50,50,8727,0,_
606,0,快乐宝贝🌼☘️💕,11,316,7,16,16,97,0,_
607,0,英胖胖,0,14,1,0,0,79,0,_
608,0,田田田,66,101,52,9,9,235,1,来来去去一场梦_
609,0,小龙女,15,1751,35,2,2,9684,0,_
610,0,我叫钱多多,0,1054,16,0,1,1934,0,_
611,0,周瑜大嘟嘟,2,31,4,0,7,777,0,_
612,0,用户4082184087106,4,493,0,1,1,681,0,_
613,0,甜茶,657,1204,109,139,139,2313,1,哈喽！哈喽！我是小布丁呀！！🎉🎉🎀真名就不透漏了！我13岁，女生哦！！我呢暂时先不收徒！！不过没关系！想要问我的话可以私信哦！！让我看看哪位小可爱与我一起分享！(点都点进来了，还不点个关注？嘻嘻)！❤❤❤❤❤❤_
614,0,用户7430584839055,0,2739,27,0,0,4989,0,_
615,0,小糖果。,1,203,13,1,1,101,0,_
616,0,夏舒安,5,179,12,1,1,0,1,世界因你而完美，我因你的到来而感到幸福，噢耶！_
617,0,用户883766749553,0,1247,6,0,0,1740,0,_
618,0,奶条,0,244,1,0,0,9862,0,_
619,0,Aing安妮,1,289,4,4,5,2515,1,人生的路很长_
620,0,圆脸宁宁(●°u°●) 」,4,133,17,1,1,225,1,可可爱爱没有脑袋💓🅰_
621,0,草莓奶片,6176,304,2019,539,540,109,1,我的世界，我就是规矩_
622,0,用户1629215033583,1,82,0,1,1,411,0,_
623,0,微微的牛,0,753,25,0,0,0,0,_
624,0,程砚姐姐,0,159,0,0,0,693,0,_
625,0,Abys.,0,450,7,0,1,651,0,_
626,0,惊涛骇浪,0,35,15,0,0,161,0,_
627,0,用户8427816846950,0,155,0,0,0,102,0,_
628,0,王一博老婆,4,261,18,1,1,1110,0,_
629,0,用户913900459633,14,1235,23,4,4,3960,0,_
630,0,用户42200493593,0,42,3,0,0,6515,0,_
631,0,赵圆圆,71,2616,30,61,61,7273,0,_
632,0,沐子姐姐,128,2442,12,44,48,3411,0,_
633,0,向南。,45,360,35,2,3,346,1,保持热爱 奔赴山海_
634,0,年年~有餘,0,188,8,0,0,1405,0,_
635,0,臭妹妹,0,978,29,0,0,5316,0,_
636,0,糊涂蛋’,0,4999,196,0,0,107889,0,_
637,0,Dongpingfeng,3694,2348,705,153,153,3909,1,董萍凤_
638,0,深海呼吸,144,119,24,45,50,101,0,_
639,0,💙💙凯💙💙,21,1025,18,27,27,0,1,还不快来关注我😜😜😜😜_
640,0,赵雯慧,9,95,3,4,4,134,1,可爱的小女孩_
641,0,韵之湾北京烤鸭,0,381,16,0,0,7353,0,_
642,0,凌果,0,840,6,0,0,1004,0,_
643,0,James,9,507,9,1,1,3999,0,_
644,0,奶酪,46,631,12,12,12,561,0,_
645,0,熊熊睡着了！,0,3240,66,0,0,8,1,淡退🙁_
646,0,嘉,0,735,9,0,0,2155,0,_
647,0,仙女姐姐❤️,57,154,3,41,41,451,0,_
648,0,用户6934000791705,3,237,2,1,1,1630,0,_
649,0,吃鸡120,0,290,1,0,0,274,0,_
650,0,拾染,0,42,0,0,0,109,0,_
651,0,用户5350307644115,0,859,8,2,2,2226,0,_
652,0,。,25,123,9,4,4,814,0,_
653,0,萱萱妹妹,0,6,1,0,0,12,0,_
654,0,用户1651494703078,8,726,7,1,1,946,0,_
655,0,听风说故事,0,551,8,0,0,1588,1,。。_
656,0,用户9717283814146,1,827,0,4,5,1282,0,_
657,0,前女友·,0,108,16,0,0,2641,0,_
658,0,空房子,27,1014,58,1,1,25085,0,_
659,0,苹果～,187,30,25,28,30,2277,1,全职宝妈_
660,0,用户8012927474675,0,14,3,0,0,30,0,_
661,0,啥也不是,6,162,6,2,2,3935,1,我不配😔_
662,0,橘子^o^🍊,0,133,1,0,0,0,0,_
663,0,风铃草,0,75,25,0,1,220,0,_
664,0,用户8283996979661,0,239,2,0,0,44,0,_
665,0,用户5483470278564,0,1641,7,0,0,2112,0,_
666,0,徐娟。,3,757,24,1,1,6850,0,_
667,0,饿的借口,0,596,7,0,0,1487,0,_
668,0,用户948025365222,0,915,0,0,0,5821,0,_
669,0,小彤,0,225,12,0,0,0,0,_
670,0,用户9074303818474,14,2811,5,10,10,5373,0,_
671,0,最可爱的安倪宝贝。,240,4583,77,48,48,12372,0,_
672,0,夏日炎炎😍蜜瓜真甜,2,1062,76,0,1,11371,1,不是11岁而是12岁姓吴_
673,0,@书香门第。,609,546,25,98,98,2086,0,_
674,0,妮姐,11,8,31,1,1,390,1,我不是你们想要的那一个_
675,0,断殇,1,236,2,1,1,3471,0,_
676,0,老人,27,1958,15,15,15,3686,0,_
677,0,无从,0,152,14,0,0,5202,0,_
678,0,墨,0,9,2,0,0,2492,0,_
679,0,sabide世界你不懂,0,69,0,0,0,32,0,_
680,0,用户3166686262328,0,1735,18,2,2,6,0,_
681,0,耶波,0,185,1,0,0,33,0,_
682,0,用户9613897128593,0,71,3,0,0,175,0,_
683,0,守护每一个想守护的人,92,1734,152,17,17,3248,1,13岁，梦想做一位不做作的明星_
684,0,kiku,0,382,17,0,0,540,1,江山不负韩芸汐此生不负鞠婧祎_
685,0,飞侠,0,20,0,0,0,7,0,_
686,0,用户601568243653,16,1093,21,3,8,9691,0,_
687,0,一克拉梦想,0,588,1,0,0,2183,0,_
688,0,。。。。，，hc,0,875,11,0,0,60,0,_
689,0,婉君清风 兮,0,319,0,0,0,618,0,_
690,0,半夏微凉🏩🌹💐🌸🌻,0,735,64,0,0,12700,0,_
691,0,夏沫星尘,0,1929,21,0,1,4350,1,狮子座并不是好欺负的_
692,0,小月亮,109,2270,18,69,69,6788,0,_
693,0,C,0,438,33,0,0,0,0,_
694,0,踩着风火轮的哪吒,0,50,13,0,0,856,1,无语_
695,0,韦家大小姐,6,151,1,2,2,64,0,_
696,0,小鱼儿,7,351,6,8,8,642,0,_
697,0,沦陷汉服,236,49,18,5,10,441,0,_
698,0,艳燃,0,311,18,0,0,445,0,_
699,0,用户8354237332876,0,54,0,0,0,1091,0,_
700,0,子叶,254,1764,82,48,49,16970,0,_
701,0,手机用户77999972106,14,213,25,3,4,388,0,_
702,0,森心,0,3259,22,0,0,685,0,_
703,0,爱美的小灿,5,397,0,12,12,66,0,_
704,0,小公主ya,0,1532,4,0,0,2564,0,_
705,0,vodi,56,388,52,6,9,449,0,_
706,0,年青人,0,27,1,0,0,842,0,_
707,0,無聊的人,0,583,1,0,0,317,0,_
708,0,SNAIL,0,328,43,0,0,261,0,_
709,0,好想,34,4999,59,4,4,13304,0,_
710,0,用户8396567436091,0,73,3,0,0,279,0,_
711,0,和你说过了,130,206,27,6,6,124,1,🤗持续更新，精彩视频🤭互关互注🙏🙏🙏🙏_
712,0,玲玲呀🧸,100,215,20,4,4,447,1,百事  阿誌  宗煜_
713,0,忘羡,5,2224,16,4,5,3037,1,小说迷_
714,0,瑶瑶,45,52,15,8,8,694,0,_
715,0,王一博，肖战,200,2841,161,69,69,2048,0,_
716,0,用户2616578000652,0,258,0,0,0,18,0,_
717,0,用户5166664339141,17,568,8,10,10,176,0,_
718,0,张彬,0,192,16,0,0,6,0,_
719,0,用户5998679315622,0,90,3,0,0,264,0,_
720,0,樱花树下的天秤🌸,81,338,14,12,13,624,0,_
721,0,汪秀秀,0,160,6,0,0,1106,0,_
722,0,岚,29,248,19,2,7,0,1,还没想到。_
723,0,@小柠檬,0,855,50,0,0,17889,1,杨家将杨家将_
724,0,林林,0,71,10,0,0,674,0,_
725,0,浅陌お,28,320,16,2,2,12493,0,_
726,0,王俊凯。,28,2095,28,8,8,814,0,_
727,0,和谐家庭,0,540,2,0,0,118,0,_
728,0,✨✨,350,422,51,67,67,2116,1,哈哈！_
729,0,李蕊,71,2450,68,22,22,4393,1,我是蕊宝贝_
730,0,用户7849711098471,69,33,17,22,22,103,0,_
731,0,三少哥,3,1254,76,4,4,7640,1,谢谢关注_
732,0,琉璃浅唇,0,350,25,0,0,914,1,yh.余生._
733,0,夏陌瑾、,185,224,42,33,33,999,0,_
734,0,词俗,0,90,0,0,1,54,0,_
735,0,杨紫，邓论,79,1973,98,29,30,3495,0,_
736,0,啊搞,90,40,47,20,20,56,1,本来无一物，何处惹尘埃。_
737,0,ペ梦初微凉i﹏,0,168,0,0,0,10,0,_
738,0,Manufcturer,0,22,134,0,0,627,1,你长得很好看但是我讨厌的样子_
739,0,王也柔,104,269,25,12,12,33355,0,_
740,0,佳儿宝贝,0,401,2,0,0,1153,0,_
741,0,尹丹阳,99,1198,27,100,101,2760,0,_
742,0,～。。。,0,435,3,0,0,686,0,_
743,0,田云翔,0,731,6,0,0,273,0,_
744,0,坤坤,37,282,9,16,18,7955,0,_
745,0,小小煜,0,395,2,0,0,162,0,_
746,0,君玉雪,920,1132,119,5,5,0,1,希望有人双击加关注当我的粉丝。_
747,0,Strawberry🍓,0,595,29,0,0,4291,0,_
748,0,用户6805387947916,7,150,1,6,6,174,0,_
749,0,颖颖和亮仔,3363,487,447,153,153,3764,0,_
750,0,用户3100718389308,0,167,2,0,0,0,0,_
751,0,🍬,13,1465,9,1,1,285,0,_
752,0,草莓,14,2893,28,5,5,3674,0,_
753,0,给你宇宙,0,1211,6,0,0,0,0,_
754,0,韩、,15,557,16,2,2,850,1,生活不止眼前的苟且，还有………你说😊😊_
755,0,芦苇微微,0,313,1,3,3,136,0,_
756,0,喻佳怡,135,1313,33,77,78,4723,0,_
757,0,半糖！,0,275,13,0,0,0,0,_
758,0,君拾柒,176,1310,307,14,14,9071,0,_
759,0,xiao燕.,0,3562,19,0,0,0,0,_
760,0,用户5627226869505,94,166,8,45,45,2007,1,不能关注_
761,0,爱相随,6,1178,9,1,1,656,0,_
762,0,cyt小仙男,0,54,18,0,0,1994,0,_
763,0,寡笑,0,4796,20,0,0,0,0,_
764,0,71SEN,0,997,69,0,0,0,0,_
765,0,用户9048636083693,0,5,0,0,0,5,0,_
766,0,遇见小镇姑娘,11,29,2,0,22,296,1,☁感谢抖音 感谢关注🍰☁主更甜剧 原创渣剪💦☁看完整个视频点赞呦 要不双方都会严重限流_
767,0,用户3866191549236,0,40,9,0,0,0,0,_
768,0,300. 0万人,0,63,0,0,0,7,0,_
769,0,言之_劉,0,274,33,0,0,5245,1,✨✨_
770,0,杨祖英☜,16,374,6,3,4,465,0,_
771,0,用户254996707,0,112,3,0,0,85,0,_
772,0,心想事成,0,1932,11,0,0,6282,0,_
773,0,我的小草,30,473,7,36,36,667,0,_
774,0,婷爱云华,188,1179,36,31,31,4936,0,_
775,0,用户2865586416401,0,823,2,0,0,170,0,_
776,0,利芬,0,1334,2,0,0,1046,0,_
777,0,用户5106482156211,7,1381,4,49,49,1913,1,X心雨_
778,0,爱的星座,37,4089,23,14,14,15925,1,爱喝牛奶的小公主。520🐬💝💝💝_
779,0,春风十里，我喜欢你,52,1762,80,14,14,2378,0,_
780,0,软糖酱少女,1,1208,6,1,1,1760,0,_
781,0,小跳跳,873,745,238,144,144,3520,0,_
782,0,马佳康,0,292,23,0,0,103,1,低调，就是最牛掰的炫耀！_
783,0,小爽,80,20,15,14,14,49,0,_
784,0,泡菜鱼🐬🐬🐬,309,120,26,6,6,0,1,2020年加油加油💪_
785,0,James---Lau,0,1708,6,0,0,1716,0,_
786,0,晚霞,0,75,0,0,0,177,0,_
787,0,J、ie,52,189,79,6,6,461,0,_
788,0,喜欢💔疯狂的💚我。,4,3,48,0,1,706,0,_
789,0,石钰清,1509,663,78,294,296,2120,0,_
790,0, love_hy ,283,422,78,22,22,1089,1,笑一笑，十年少…………_
791,0,小唐,24,671,18,7,7,401,1,不忘初心❤️ 越努力 越幸运  👇👇👇V❤️tangjuan416_
792,0,安安呐,0,551,6,0,0,1748,0,_
793,0,…,0,580,3,0,0,1593,0,_
794,0,糖复古风,5,1101,38,1,1,1415,1,大家好，没了。_
795,0,小白衬衫,205,3125,57,87,87,14323,0,_
796,0,樱花之森🌸,56,22,11,18,18,1160,1,记得点赞哦。_
797,0,xmlwyj,324,903,47,46,46,6579,1,我的爱好是喜欢打球_
798,0,小马没空*,0,156,5,0,0,0,0,_
799,0,谢美容,0,1126,36,0,0,590,0,_
800,0,～云,14,201,3,16,16,410,0,_
801,0,放肆才叫青春,0,187,0,0,0,95,0,_
802,0,Sala～,0,112,2,0,0,7,1,hhhhhh_
803,0,，。？,0,589,4,0,0,8812,0,_
804,0,小公举baby,64,1669,49,11,11,4553,0,_
805,0,"(°ー°〃),愣住",0,16,3,0,0,0,0,_
806,0,白露未晞,0,2155,14,0,0,26339,0,_
807,0,旭,451,841,76,38,38,5465,0,_
808,0,爱上下雨,0,220,0,0,0,88,0,_
809,0,话少的孩子,0,550,0,0,0,2223,0,_
810,0,ㅗㅗㅗ,0,71,10,0,0,1729,0,_
811,0,春天的花朵,0,769,8,0,0,1673,0,_
812,0,自我快乐,19,56,10,3,3,1185,1,不在靠近任何人，自己靠近自己让自己强大的快活_
813,0,草莓小仙女,96,1715,36,100,102,1468,0,_
814,0,用户810340552951,0,167,5,0,0,44,0,_
815,0,路人甲乙丙丁,11,44,27,3,3,270,1,从一而终_
816,0,饺子啊啊啊,10,74,9,3,5,335,1,日常_
817,0,懒喵喵°,107,444,49,22,22,90,0,_
818,0,小徐小徐 ☃,1,800,5,1,1,642,1,一个可爱的嘿嘿怪_
819,0,冯玉婷,4,55,5,0,1,0,1,冯玉婷_
820,0,雪儿手机用户59657536136,1634,3509,209,244,245,15136,1,小雪_
821,0,永不言败,329,1446,102,20,21,11268,0,_
822,0,爱雨晰,30,3196,471,1,1,3820,0,_
823,0,梦幻之恋,11,483,8,6,6,1853,0,_
824,0,Aurora~昕🍓,0,533,6,0,0,164,0,_
825,0,唐仁,57,1100,3,45,45,2187,0,_
826,0,記得+-----有我在,52,1390,41,6,6,446,0,_
827,0,用户8400976648691,0,31,1,0,0,126,0,_
828,0,哈哈哈。。,249,81,214,10,11,3894,1,湖北荆州监利县_
829,0,用户1515282228033,0,746,4,0,0,961,0,_
830,0,魔法圣女,0,83,3,0,0,1640,0,_
831,0,用户5833267493950,0,3,0,0,0,0,0,_
832,0,曹昕,0,298,9,0,0,731,0,_
833,0,UNIQ-王二百零一博,0,6,10,0,0,29,1,不负少年心气  为爱博此一生💚💚💚_
834,0,爱欣欣子~,16,16,6,3,3,3552,1,王俊凯❤️虞书欣❤️前程似锦未来可期_
835,0,↣,0,218,15,0,0,581,1,啊姐姐啊_
836,0,爱你哟,2,167,1,11,11,4854,0,_
837,0,想减肥的胖子,102,3116,124,26,26,12911,0,_
838,0,蜡笔小鑫,0,341,20,0,0,8,1,人生不能用来浪费，学得好，活的好!_
839,0,小萱萱,106,342,15,48,48,1468,0,_
840,0,小祖祖宗,0,1535,161,0,0,2075,0,_
841,0,allen晨晨,55,96,100,3,5,19193,1,交友啦_
842,0,冰心,0,130,1,0,0,177,0,_
843,0,high,0,428,1,0,0,161,0,_
844,0,清寒学姐（姐妹帮）（苏家）,176,1090,94,12,13,3993,1,本人18岁💝有妹妹💝✨有师傅✨小心点，别碰我底线！！！我个人脾气不怎么好，不要惹我！！！_
845,0,用户6335550212786,0,602,1,0,0,13,0,_
846,0,💕荧荧💕,10,195,11,3,3,1516,0,_
847,0,用户3615679588253,0,2222,1,0,0,3763,0,_
848,0,缘分让我遇见你,1117,1820,43,214,215,3406,1,谢谢你的关注_
849,0,用户9321020252057,1,52,2,10,10,34,0,_
850,0,用户5023561241216,0,2383,7,0,0,422,0,_
851,0,浅眠,0,1395,0,0,0,8253,0,_
852,0,是静静吖！,31,324,96,3,4,0,1,喜欢安静 羡慕热闹_
853,0,@S,111,550,54,5,6,455,0,_
854,0,你看那是谁,18,2153,25,32,32,2820,0,_
855,0,用户9492811688696,0,2532,8,0,0,228,0,_
856,0,捂风挽笑,1,1887,13,3,3,8120,0,_
857,0,Tik Tok,0,126,0,1,1,204,0,_
858,0,魏啥呀,15,2701,19,1,1,58569,0,_
859,0,用户7630137767665,0,434,18,0,0,1216,0,_
860,0,摘星,0,546,35,0,0,144,0,_
861,0,独行侠,0,24,24,0,0,119,1,@Aaaa朱朱._
862,0,用户4706849414768,0,630,16,0,0,2367,0,_
863,0,晴晴宝贝,4,585,47,8,8,1497,0,_
864,0,仓山纱南,0,228,2,0,0,5,0,_
865,0,SMILE♡,0,476,9,0,0,1577,1,大学生🎓_
866,0,xxf,0,669,0,0,0,0,0,_
867,0,A  Li,37,12,17,8,8,58,0,_
868,0,菲姐*^_^*,0,304,8,0,0,584,0,_
869,0,芦苇微微,0,396,4,0,0,22,0,_
870,0,总有一天,12995,1923,1158,103,104,3989,0,_
871,0,用户398245785532,0,1385,3,0,0,242,1,性别：男，年龄：22_
872,0,未来,33,3638,36,12,13,4544,1,余生不将就_
873,0,啵啵,0,99,28,0,0,124,0,_
874,0,用户154822650753,0,5,0,0,0,53,0,_
875,0,用户6850839185850,55,4208,30,6,6,6383,0,_
876,0,念头,0,39,8,0,0,51,0,_
877,0,Ange丨,25,675,20,7,7,19,0,_
878,0,小女子,106,473,82,11,11,10771,0,_
879,0,姜汶妍,8,2183,43,12,12,8011,0,_
880,0,铭仔,446,973,194,33,35,21412,1,想找个人聊聊天_
881,0,贝贝熊和小鹿鹿,0,60,13,0,0,0,0,_
882,0,嘉人们❤️🌈（任嘉伦）,0,42,28,0,0,1291,0,_
883,0,～嘿嘿,0,77,5,0,0,0,0,_
884,0,完美,0,356,1,0,0,21,0,_
885,0,安康吃鸡,0,102,0,0,0,80,0,_
886,0,古丽,212,209,97,6,6,16661,0,_
887,0,树洞吖,0,33,6,0,0,50,0,_
888,0,🦄-烊烊的葵葵o🧡9⃣️,228360,115,2357,108,120,0,1,zky家管理🌟葵葵zky是葵葵老婆✌️宝贝：易烊千玺 范丞丞❤️_
889,0,有丶优秀,0,42,0,0,0,49,0,_
890,0,儅氹攩凼,0,316,14,0,0,379,1,我就是我不一样的烟火_
891,0,萱宝,17,2292,23,45,45,5748,0,_
892,0,念,67,198,70,15,15,651,1,目前没有签名_
893,0,xxxibgdrgn,8,194,5,1,1,1477,0,_
894,0,用户9940582205008,10,420,6,4,4,1382,0,_
895,0,公主殿下，臣来迟了,0,1353,4,0,0,9561,0,_
896,0,女帝,0,591,19,0,0,2733,1,呵呵_
897,0,日落尔归,0,268,1,0,0,1364,0,_
898,0,der7312,0,58,0,0,0,0,0,_
899,0,凉介,0,13,0,0,0,118,0,_
900,0,是谁⊙ω⊙,0,151,0,0,0,0,0,_
901,0,Archer77_,148,51,14,10,10,196,0,_
902,0,用户4576238006402,0,899,1,0,0,81,0,_
903,0,快乐每一天,1,983,1,1,1,3149,0,_
904,0,佳欣,184,2855,106,64,66,12511,0,_
905,0,工作狂,5,141,1,10,10,727,0,_
906,0,我的梦想是画画好多好多的东西,33,1352,11,15,15,2906,1,#_
907,0,用户7652587116695,14,76,4,13,13,225,0,_
908,0,小皇帝,28,156,91,1,1,1,1,杀球轻点……_
909,0,魏帅,0,249,2,0,0,38,0,_
910,0,🍭🍭🍭TDD🍭🍭🍭,210,78,47,22,22,161,1,HL慧丽皮肤管理_
911,0,@,1,11,1,1,1,9,0,_
912,0,user3958246003052,3,64,2,1,2,30,0,_
913,0,依一家童品,6,60,6,4,4,1868,1,喜欢童品的来_
914,0,锦鲤,0,1475,15,0,0,1446,1,忘羡_
915,0,记得早睡,0,304,2,0,0,17390,0,_
916,0,YANG泉,0,190,49,0,0,591,0,_
917,0,愿我如星君如月，夜夜流光相皎洁。,0,1042,8,0,1,12803,1,魜箬汜钇便瞇魜，情令眼qin便情深_
918,0,用户5958994250479,0,13,3,0,0,106,0,_
919,0,搭戏,0,254,1,0,0,967,0,_
920,0,柯淑萍,1721,4793,292,77,77,5377,0,_
921,0,王小八giao~,17,120,24,2,2,0,1,二哈_
922,0,用户6190728147844,118,2103,45,7,7,5026,1,、_
923,0,用户2574435736501,0,304,1,0,0,107,0,_
924,0,柠檬奶茶,0,789,2,0,0,2014,0,_
925,0,刷视频的皮几,10,56,15,2,2,245,1,钢铁直男_
926,0,蔡意芳,12,127,7,5,5,549,0,_
927,0,所念皆星河。,1547,3518,189,462,466,126091,1,喜欢不一定要得到但依旧还是喜欢_
928,0,北执！,0,3035,21,0,0,6086,0,_
929,0,大慧慧,29,325,38,4,4,438,0,_
930,0,惠,303,195,105,12,13,4193,1,幸福总在风雨后😊我们一起加油＾０＾~_
931,0,任麒宇,0,302,5,0,0,876,0,_
932,0,平安幸福🎅,3,326,4,1,1,819,0,_
933,0,糖果萌萌,0,43,2,0,0,1374,0,_
934,0,蜜🐝来了嗡,677,225,136,58,64,110,1,没心没肺_
935,0,浮夸,127,186,38,6,6,1634,0,_
936,0,YueYue,0,277,42,0,0,54195,0,_
937,0,平淡如水,356,2897,205,18,18,4377,0,_
938,0,小林,0,44,0,0,0,13,0,_
939,0,紫怡,0,1495,23,0,0,5383,0,_
940,0,癮懿,0,26,3,0,0,0,1,宅女熬夜唱歌游戏手机说话直接性格古怪可以交友_
941,0,天蝎佟年,0,612,4,0,0,87,0,_
942,0,小盐影视剪辑,0,79,1,0,0,144,1,🚦抖音，记录美好生活💞🚦感谢抖音平台！感谢官方💞🚦坚持创作高颜值、超燃🔥片段💞🚦用心剪辑，感谢关注，从此不再剧荒🔥_
943,0,钱多多,13,136,33,3,3,0,1,哈哈哈，嘿嘿嘿，吼吼吼，呦呦呦_
944,0,小心疾风来袭,0,236,14,0,0,4020,0,_
945,0,(･ิϖ･ิ)っ,0,1488,16,0,0,2019,0,_
946,0,BLACKEGG,13,785,27,0,4,44597,0,_
947,0,猫猫需要爱,5,119,1,1,1,159,0,_
948,0,希望何方,0,540,5,0,0,1158,0,_
949,0,Joehitims,29,290,20,1,1,0,1,怪风太温柔，像旧时候，像老朋友。_
950,0,紫瞳,3,824,34,1,3,0,1,谢谢你的关注。_
951,0,狗子姐.,1,209,12,2,2,5088,0,_
952,0,额我还没吃饭呢,70,467,80,4,4,6868,0,_
953,0,令狐紫妍,15,1352,21,6,6,42,1,快乐最重要。_
954,0,放飞的霞,0,470,28,0,0,2105,0,_
955,0,纯.,0,43,1,0,0,36,0,_
956,0,小女孩,26,875,4,15,15,493,1,我希望我能有一些小粉丝_
957,0,南浔,0,38,22,0,0,194,0,_
958,0,L，K,0,848,5,0,0,21733,0,_
959,0,李嘻嘻,79,91,52,7,8,126,0,_
960,0,桃尔,22,2676,74,0,47,0,1,👼👼👼👼_
961,0,请叫我霞霞♥,1531,82,176,130,131,3037,0,_
962,0,我是小仙女💕,145,1462,52,1,1,0,1,阿莫和小羊：合作v❤️：asd123566600_
963,0,馨瑶👑,1469,3528,166,15,15,22312,1,武汉加油_
964,0,雨睦烟尘,0,4947,38,0,0,9644,0,_
965,0,维修太阳,0,4,0,0,0,64,0,_
966,0,口,0,521,19,0,0,10073,0,_
967,0,茉莉君影吧,190208,57,11155,12,19,516,1,❤️每日更新电影❤️好电影 每日推荐❤️承蒙厚爱  多多关照_
968,0,未来,0,139,7,0,0,174,0,_
969,0,张木辛,0,67,0,0,0,896,0,_
970,0,北海,0,173,5,0,0,151,1,做自己_
971,0,肤浅%,0,191,1,0,0,103,0,_
972,0,美仙子,939,34,32,119,119,0,0,_
973,0,用户3128729699535,516,751,132,23,24,2144,0,_
974,0,冰雹,21,2405,26,9,15,2027,1,谢谢你的关注，关注的我会互相关注的。（包括赞你所有视频）_
975,0,乌合之众,0,769,38,0,0,0,0,_
976,0,肖战的小飞侠,108,1259,44,19,19,263,0,_
977,0,咿呀,5,242,17,0,0,0,0,_
978,0,gb,119642,25,1659,4,21,0,1,👋🏻啥也不是_
979,0,DImi,0,3193,123,0,2,0,0,_
980,0,二娃爱吃饭,41,157,19,0,1,0,1,💙随心而剪，愿你也喜欢。💙每日更新。_
981,0,小果,0,526,2,0,0,1221,1,音乐迷妹一个学生党_
982,0,萌丫,0,759,3,0,0,302,0,_
983,0,用户6860482303760,190,1158,69,8,8,4055,0,_
984,0,木子莹,0,2795,7,0,0,25179,0,_
985,0,用户5861051951414,0,430,0,0,0,945,0,_
986,0,星空牧羊,69,793,12,9,9,1375,0,_
987,0,落花伊人,1879,236,63,239,239,1240,0,_
988,0,好运多多,3678,112,178,297,297,964,0,_
989,0,有有,0,70,40,0,0,4,0,_
990,0,keying,0,306,2,0,0,3108,0,_
991,0,顾凉兮,0,539,18,0,0,0,0,_
992,0,王美琪123,118,201,27,27,27,1885,0,_
993,0,用户1436133017962,285,102,43,14,14,814,0,_
994,0,用户9873030559366,0,6,1,0,0,17,0,_
995,0,草莓🍓爱心💗,476,648,100,23,24,3166,1,围❤️15921166807_
996,0,姚姚zyx,3641,948,93,35,38,11766,0,_
997,0,ip,0,437,1,0,0,1589,0,_
998,0,略略略,0,340,0,0,0,1614,0,_
999,0,小仙女★,0,131,2,0,0,117,0,_
1000,0,上九天揽月,24,602,27,2,2,3056,0,_
1001,0,你的福尔马林,44,61,14,10,10,1170,0,_
1002,0,✔,0,189,2,0,0,0,0,_
1003,0,Han xuan宝贝,272,756,74,30,31,1638,1,望子成人比望子成材更重要！！！_
1004,0,谷恒条野,31,1005,61,7,7,27,0,_
1005,0,这就是我，一个快乐的小学生♞,40,912,26,20,20,14576,0,_
1006,0,开心哈。,26,3668,41,6,6,12668,0,_
1007,0,小公主,5,335,20,2,2,2,0,_
1008,0,猪猪,691,413,49,146,153,30375,1,只有死人才不会心痛，_
1009,0,chang dương,0,632,1,0,0,1810,0,_
1010,0,LXY,0,185,34,0,0,34807,0,_
1011,0,百合李百合,146,64,39,10,13,2720,0,_
1012,0,&奶茶&,7,2509,31,2,2,18387,1,世界上独女孩纸最甜_
1013,0,奔跑的肥皂,201,250,37,7,49,1017,1,自律即自由_
1014,0,小周不爱喝粥,0,3154,101,0,0,4185,0,_
1015,0,星河不入眼,14,682,6,14,14,240,0,_
1016,0,甄姐,0,549,0,0,0,54,0,_
1017,0,糖糖糖糖,0,263,2,0,0,11,1,甜甜_
1018,0,๑҉,0,181,6,0,0,0,0,_
1019,0,初雪,62,1309,17,32,32,812,0,_
