0,0,暖暖的春天,1807,3084,316,367,367,21362,0,_
1,0,甜甜私房喵,38,104,16,8,8,113,0,_
2,0,商友圈一罗瑛:,8,2789,1184,1,1,2146,1,1980.7_
3,0,夏沫103099,0,405,1,0,0,0,0,_
4,0,是金阳吖(迷你）,564,4854,255,61,61,20369,0,_
5,0,涵,0,3792,11,0,0,2063,0,_
6,0,《你的名字》,6,1814,4,8,8,0,1,你的名字_
7,0,留守人。,2030,2652,123,197,200,4347,1,我的小不点了不起一一_
8,0,我叫BG,15,153,19,14,14,1238,0,_
9,0,熱心市民,0,846,57,0,0,0,0,_
10,0,🌈彩虹🌈,0,392,3,0,0,765,0,_
11,0,Monstar,0,1080,5,0,0,966,0,_
12,0,文文静静,1,150,2,1,1,1922,0,_
13,0,懿曦,0,470,0,0,0,0,0,_
14,0,玛丽苏,10,531,1,19,19,3911,0,_
15,0,尐软馨 o?,1462,4760,151,456,456,0,1,如果你走出了中国，但不要忘记你是中国人。_
16,0,ㄆ,0,932,18,0,0,0,0,_
17,0,橘子味的轩🍊,9,336,20,1,1,0,0,_
18,0,用户8926649764930,260,1010,130,46,49,753,1,丫丫_
19,0,Jiarong'👑,334,990,129,0,0,0,0,_
20,0,你若安好那还得了,0,492,2,0,0,1949,1,快要毕业了，希望下一个学期，还是你们……_
21,0,nana---贾斯汀,9,351,32,2,2,29318,1,爱豆：黄明昊（Justin只爱NINEPERCENT（奶泡森）一个团大厂女孩喜欢若芽绿和蓝色昊瀚星辰，未来可期山外青山楼外楼，我的少年百分九_
22,0,送糖,0,733,37,0,0,0,0,_
23,0,世间美好与你换换相扣,59,511,17,28,31,6472,0,_
24,0,✨Gream✨,103,523,20,14,14,1623,0,_
25,0,阿权,0,2365,236,0,0,57287,1,wx：qgg1172116406_
26,0,如雨,20,124,5,8,8,47,0,_
27,0,小仙女,0,726,3,0,0,11974,0,_
28,0,小苍兰,0,762,21,0,0,22,0,_
29,0,豌豆小姐是只羊,1180,48,54,30,30,135,1,皮在痒_
30,0,且月石旧xback,65,648,63,10,11,0,1,生有热烈，藏与俗常_
31,0,追星少女。,0,94,2,0,0,40,0,_
32,0,小范同学。,85,183,28,15,15,502,0,_
33,0,💝️,109,449,49,2,9,0,0,_
34,0,谢少华,13492,2861,913,246,246,22511,1,71年的🐷_
35,0,sw.江挽苏,63,269,46,7,8,0,1,介里是江挽苏的主页软糖甜甜，有你更甜✨大hao见关注只有一个大号！！！人间理想辛九儿_
36,0,吃货的蕊蕊呀！,122,1179,12,21,21,2071,0,_
37,0,董欣妍,9,802,54,2,2,13787,0,_
38,0,杉杉🍡来了🍱,772,4955,180,78,81,40595,1,🇨🇳_
39,0,恋与梦柔,11,243,1,0,0,0,0,_
40,0,潘潘是个憨憨憨,3480,4960,1868,33,33,34040,1,因秦霄贤入坑，专情于德云社白月光and气泡_
41,0,夜空星辰。,10,1247,7,6,6,3149,1,爱你爱你爱你爱你爱你爱你爱你爱你爱你爱你爱你爱你爱你爱你爱你爱你爱你爱你爱你爱你爱你爱你爱你爱你爱你爱你爱你爱你爱你爱你爱你爱你爱你爱你爱你爱你爱你爱你爱你爱你爱你爱你爱你爱你爱你爱你爱你爱你爱你爱你爱你爱你爱你爱你爱你爱你爱你爱你爱你爱你爱你爱你爱你爱你爱你爱你爱你爱你爱你爱你爱你爱你爱你爱你爱你爱你爱你爱你爱你爱你爱你爱你爱你爱你爱你爱你爱你爱你爱你爱你爱你爱你爱你爱你爱你永远爱你_
42,0,尼古拉斯.赵四儿,12,1422,35,0,0,0,0,_
43,0,豆,14,374,14,2,2,437,0,_
44,0,义,0,519,25,0,0,8538,0,_
45,0,Mr. Zhao,33,2899,42,7,7,65,0,_
46,0,用户9066135614450,14,660,7,2,2,2316,0,_
47,0,@张小恒,0,1839,22,0,0,0,0,_
48,0,用户4207308269393,0,1910,8,0,0,14700,0,_
49,0,小鱼雨玉,3,131,3,0,0,0,0,_
50,0,凌晨三点。,0,284,142,0,0,0,1,粉丝破万 新华字典抄五遍_
51,0,Thorn,0,826,0,1,6,0,0,_
52,0,流云离殇☁️🌈,0,296,0,0,0,2688,1,一个唱歌不大好听，可盐可甜的小姐姐，确定不认识下吗？_
53,0,kk,2,1813,35,0,0,0,0,_
54,0,霆霆,2,1178,19,4,4,0,1,陈伟霆_
55,0,另一个自已,15,152,23,4,4,41,1,我是杨妍菲，外表冷酷内心很热。关注我，超级宠粉的哦！！💋_
56,0,武恋铭玲玉芬,75,3652,108,6,7,1662,1,嘤其鸣矣，求其友声_
57,0,娱乐狱杰,259,1573,24,20,20,3667,1,粉丝到100是梦吗？_
58,0,懵懂的小张,415,4998,222,76,272,38460,1,我是小张，南京商业学院偶像TFBOYS、TF家族、TNT时代少年团单身_
59,0,Me,21,1050,13,0,0,0,0,_
60,0,746.🦄,0,1662,89,0,0,0,0,_
61,0,农三岁的徐大爷,0,1756,70,0,0,947,0,_
62,0,黑大帅,74,1223,41,8,8,2749,0,_
63,0,用户9305120077050,0,60,2,0,0,1181,0,_
64,0,就是好玩,1,142,24,1,1,2537,0,_
65,0,永爱蜜鞠,241,56,104,32,32,1229,1,爱豆鞠婧祎_
66,0,芯芯,0,1762,2,0,0,14925,0,_
67,0,桅杆,27,2018,41,0,0,0,0,_
68,0,打湿的信封,49,4467,339,4,5,32003,1,心灵的清泉溢过了理想的沙滩_
69,0,无聊,34,167,106,8,8,408,0,_
70,0,幸.,0,2897,112,0,0,0,0,_
71,0,贪吃鬼,3,51,22,2,2,1871,0,_
72,0,✨周布丁(周、白、苏家)✨,89,4936,127,9,10,941,1,这✨听说长得好看的人都关注我了里✨不接受伸手党是✨我会定时发福利布✨触漫号：42685D80丁✨触漫名：抱猫软萌的✨宝藏女孩：青柠[芽家]主✨底线：妹妹、姐姐、闺蜜、粉丝页✨不要一次性赞全视频~✨就这样吧!_
73,0,清澈如水,0,384,16,0,0,146,0,_
74,0,星辰,284,1429,98,48,48,15040,1,生活远没有咖啡那么苦涩，关键是喝了它的人怎么去品位。_
75,0,汽修专用工具仪器,23,420,17,30,30,0,1,批发工具，兼职琢磨_
76,0,海之藍🍀,113,1441,24,27,281,1277,1,生活点滴_
77,0,怪性笑人.,367,950,182,3,3,0,1,2020艺考生_
78,0,Mr.Gao.,211,849,118,17,19,14064,0,_
79,0,所爱隔山海,0,1059,13,0,0,505,0,_
80,0,🐒 🐒,8,854,20,2,3,776,0,_
81,0,呆呆的玖仙啊,0,1485,63,0,0,12410,0,_
82,0,1个湯佔政,0,293,4,0,0,0,0,_
83,0,努力的林悠然,0,153,8,0,0,386,0,_
84,0,倾城影视,4113,4687,1376,82,85,73191,1,每日分享好剧一个剪辑爱好者感谢每个观看者你们的观看就是对我的肯定_
85,0,呆萌小甜心14,70,119,44,13,16,0,1,哈喽我是你们人见人不爱花见花不开车见车胎不爆的“沙雕”作者接下来小目标：50大目标：100_
86,0,奶酪~~,574,3365,305,77,77,15880,0,_
87,0,wuil小仙女,2401,4646,381,73,79,0,1,己有闺蜜_
88,0,zein...,0,460,4,0,0,1131,0,_
89,0,以战止戈,5,1296,55,0,1,1976,0,_
90,0,沁染🌚,491,1152,127,67,85,2877,1,我是中立_
91,0,однаждыa,1260,5000,248,16,16,50630,0,_
92,0,夏日时光,1,1524,34,1,4,0,0,_
93,0,拾零柒,0,1887,2,0,0,1130,0,_
94,0,奶茶❤️迪琛,368,296,86,42,42,0,1,💛大家好呀，我叫奶茶💖宝藏女孩:小迪 hani💝宝藏姐姐:云熙姐姐❤️底线一:小迪姐姐💜底线二:hani姐姐_
95,0,心如薄荷天然凉,27,610,15,4,5,0,0,_
96,0,小阿鑫i,4,1573,46,1,1,1101,1,VX:1350937237_
97,0,阿拉根🇺🇸🇫🇷🇮🇹🇬🇧,348,2496,254,71,78,5735,0,_
98,0,小薇的小弟,3,664,7,0,0,0,0,_
99,0,_赴月,5,265,25,0,1,9757,0,_
100,0,怪咖,13,347,26,4,4,705,0,_
101,0,厚德载物,70,2170,71,14,14,15018,1,‘冫_
102,0,爱新觉罗giao,32,1354,46,5,9,35049,1,我生来坚强，谁若伤了你，我便折了他的翅膀。_
103,0,情殇,0,229,8,0,0,184,0,_
104,0,二个小可爱,78,2597,24,43,47,10298,0,_
105,0,🦁小兔🐯,2,719,77,1,1,1761,1,我是雨点和气泡。唯爱吕小雨和孙泽源❤唯爱主播：小霖、飒姐和梓琪小西瓜❤_
106,0,可耐,0,551,5,0,0,2473,0,_
107,0,睿总很nice,0,73,4,0,0,1043,1,Q:1638933112（注明来意）QQ4.30下线96目标80关注我，教你减肥_
108,0,夜夏半凉,4,1026,25,1,1,30363,1,吴石九，叶航成，李海，燕明是人间理想_
109,0,1w+人,212,939,33,5,683,5896,1,回归抖音用于研究抖音的账号_
110,0,奶盖儿♥(已有闺蜜),147,406,52,0,0,0,0,_
111,0,唐灰直蹦,60,154,26,14,14,466,0,_
112,0,紫风(诸葛亮),0,1375,21,0,0,3505,0,_
113,0,长胸毛旳小仙女,10,136,2,35,35,0,0,_
114,0,故事还长i,360,991,55,55,58,10702,0,_
115,0,偲,38,310,40,0,0,0,0,_
116,0,@冰雪少女,846,1536,87,148,150,6193,0,_
117,0,渣男！,0,339,36,0,0,1180,1,没有物质的爱情 就像一盘散沙_
118,0,吃可爱多长大的鸭❤,0,883,16,0,1,17474,0,_
119,0,Z.❤️,128,1260,41,44,46,9083,0,_
120,0,東風吹散英雄夢,1,1519,13,0,0,3428,0,_
121,0,煕,0,506,38,0,0,173,0,_
122,0,用户385757898834,11,1865,19,7,7,33747,0,_
123,0,逗比,0,959,121,0,0,5350,1,哼_
124,0,小机灵鬼儿.,11,115,14,0,0,260,0,_
125,0,小红果,223,358,55,38,38,1495,1,？？？？？_
126,0,@浅末✔年代✘,15,3082,178,1,1,4223,0,_
127,0,明亮的世界,0,266,5,0,0,11,0,_
128,0,术雷,22,2605,34,0,25,8838,0,_
129,0,愛笑的猫，喵～,5,450,18,0,1,0,0,_
130,0,小彤,67,2372,18,42,42,0,0,_
131,0,商友圈～Moruce晓晨🤟🐥,3944,294,1481,17,17,358,1,👉点赞持续更新视频👉上帝给了我双弹钢琴的手，我却拿它弹计算机👉新号🇨🇳🇭🇰🇲🇴🤟🤟🤟_
132,0,用户9515808281862,2,109,5,2,2,100,0,_
133,0,咖啡666,0,763,0,0,0,0,0,_
134,0,萤火虫,0,2863,19,0,0,0,0,_
135,0,你的滕滕_,11,1370,28,0,0,0,0,_
136,0,郑子瑜,0,62,2,3,3,508,1,不要放弃_
137,0,柚子哇☆,8,583,38,7,7,12304,1,最近不会勤更（快开学了）_
138,0,姉さん,0,269,1,0,0,0,0,_
139,0,一个,0,141,0,0,0,4305,0,_
140,0,星河 I'❤️,19,360,9,19,19,410,0,_
141,0,半糖,0,399,65,0,0,1990,0,_
142,0,十殿等君踏,16,615,54,2,2,2869,0,_
143,0,晴天娃娃,0,54,5,0,0,379,0,_
144,0,余生勿扰,50,2626,94,6,7,11617,0,_
145,0,GUN   ［文字控］,20,484,223,2,2,464,1,哥哥已有1个         姐姐已有2个         妹妹无           弟弟无闺蜜：zhengyilin（已有闺蜜）、月芽（芽家）［月创］🍒爱豆：华晨宇_
146,0,天空之泪,21,2556,6,9,9,9204,0,_
147,0,棕色的小熊,5,82,13,0,2,200,0,_
148,0,꧁°~甭管我是谁~°꧂,2,164,185,1,1,33564,1,拜拜_
149,0,(๑><๑）,0,219,4,0,0,0,0,_
150,0,给小葵买旺仔,0,383,2,0,0,9,1,"千军万马是ikun,ikun永远爱坤坤_"
151,0,蜜桃森林❁,3,35,15,2,2,48,0,_
152,0,糖🍬,0,74,6,0,0,661,0,_
153,0,@面小面,281,1151,69,42,43,4575,1,狮子座唱到100分分福利_
154,0,北栀,0,38,17,0,0,83,0,_
155,0,终生挚恋伯纳乌,0,82,1,0,0,1228,0,_
156,0,云中歌,47,148,18,12,12,2856,1,爱自恋的我_
157,0,深海少女心❤,0,110,6,0,0,9,0,_
158,0,蜜桃可可,0,180,45,0,1,268,1,谢谢你的关注丫_
159,0,国家机构,1,339,2,1,1,29,0,_
160,0,小小,12,11,8,1,1,111,1,总有风吹不散的认真_
161,0,小熊糖,4,46,7,0,0,14295,0,_
162,0,执金吾,21,258,6,10,10,139,0,_
163,0,小仙女。小仙女。,10,1199,11,0,0,0,0,_
164,0,柠小檬i,5,288,4,4,4,135,1,爱你们哦_
165,0,唯爱丽颖,4,1619,9,4,4,292,0,_
166,0,记住琪琪🍃.,0,370,70,0,0,10073,0,_
167,0,俊豪,32,718,11,7,7,2569,0,_
168,0,余生漫,0,385,5,0,0,151,0,_
169,0,蜜糖可可（离开学还有两天！！😭😭😭,11,270,7,9,9,84,0,_
170,0,小方便面,10,79,5,2,2,471,0,_
171,0,......,0,655,54,0,0,1172,0,_
172,0,一顆梨子,12249,197,94,10,10,160,0,_
173,0,闪闪的夜空,223,990,44,95,97,588,0,_
174,0,半面遮纱忘忧花。,8,238,2,4,4,61,0,_
175,0,精致的猪猪🐷女孩👧,301,287,19,87,88,0,1,感谢大家的关注_
176,0,倾城之恋,0,112,68,0,0,1258,0,_
177,0,"风定乾坤,月定明",0,49,10,0,0,1299,0,_
178,0,对方正在输入中......,6,1713,415,0,3,8742,1,粉丝到1W抄字典十遍_
179,0,甜面酱味的甜甜圈,16,716,19,3,3,5491,1,该写啥？我的天！凑合着看吧！偶就是偶不一样的烟火🙂我的idol有很多钥匙都有谁？就是…………这就是我的idol本人平常不知道啥时候就发了所以等待是必然的，不要心急哦个人简介就这样Boom    沙卡拉卡✌_
180,0,焦虑的玻璃碴子,4,4729,70,0,0,0,0,_
181,0,心怡,44,2241,9,13,13,22774,1,没有人来找我啊！_
182,0,用户8472903520779,9,172,1,2,2,239,0,_
183,0,冷残影,25,897,54,6,6,0,1,星座：双子座_
184,0,小凯的粉丝,18,249,59,4,4,26,0,_
185,0,天空,183,75,48,13,13,3396,0,_
186,0,甜馨,62,286,91,2,3,10118,1,周熙若_
187,0,奶糖不太甜,0,877,19,0,1,3920,1,她正在关注你哦★_
188,0,糖蜜,393,755,25,223,223,1386,1,一个二年级的女生，有珠珠女孩的日记😁_
189,0,星星⭐️,0,293,22,0,0,0,0,_
190,0,Devil学姐🥑,168,1162,30,30,31,20920,0,_
191,0,朋毛123👪👪,68,2056,668,2,2,883,1,朋毛123👪👪_
192,0,梨花白,0,75,3,0,0,405,1,白茶清风闲来无事，我在等风也等你_
193,0,苏沫儿,74,1452,93,17,19,2165,0,_
194,0,💓,0,178,18,0,0,695,0,_
195,0,打翻了月亮🌙,108,2179,200,8,8,44558,1,从开始到未来，只为王俊凯！_
196,0,胡,0,247,3,0,0,1141,0,_
197,0,vacation,10,150,10,2,2,942,1,求点赞记得戴好口罩哟（安全第一）_
198,0,贩梦少女(冲300),116,815,288,2,2,0,1,生日:9.10不要一次性赞我作品_
199,0,赵客缦胡缨,6,24,10,6,6,5,1,谁能书阁下，白首太玄经_
200,0,蓝泡泡♡,190,517,31,24,24,530,0,_
201,0,Taurus,6,323,17,1,1,127,1,点个关注再走呗_
202,0,@坤,0,1139,10,0,0,158,0,_
203,0,用户胜強废旧物资回收中心,1111,4673,1467,49,63,10867,1,一生无怨无悔_
204,0,快乐一家人,0,1890,6,0,0,1662,0,_
205,0,用户744,1,633,8,0,0,0,0,_
206,0,帝国女孩不会输！！！,0,1751,11,0,0,7201,0,_
207,0,柠檬的小仙女,554,524,41,104,104,521,0,_
208,0,正在输入中……,4,320,460,2,2,9009,0,_
209,0,欢欢,0,2774,72,0,0,814,0,_
210,0,开心果的快乐❤,160,814,35,112,112,5291,0,_
211,0,我的三宝贝❤️,17,4644,25,4,4,18364,0,_
212,0,小甜甜,73,141,534,12,12,2197,1,爱豆：baby、雨琦、晓彤_
213,0,知夏要努力あÐ,301,710,34,101,101,5343,1,👤他正在关注你_
214,0,🥑小苏喂,0,193,10,0,0,100,1,今天好开森。🥑欢迎找我聊天，我很沙雕，无聊找我🍧❤️❤️❤️❤️❤️❤️❤️❤️❤️💛💛💛💛💛💛💛💛💛💜💜💜💜💜💜💜💜💜_
215,0,九笙学姐,1020,4993,181,25,25,53104,0,_
216,0,Cherry 🍒,0,1056,8,0,0,1323,0,_
217,0,萌萌小仙女,2227,154,408,357,358,1257,1,十岁_
218,0,孙艺涵,120,2975,67,31,31,2482,0,_
219,0,月映碧纱,8,1234,26,5,5,1657,1,可爱天真善良的小女孩！！！！！！！！_
220,0,司奥宇,26,1036,20,23,23,850,0,_
221,0,🌟迷你🌙奶茶☀,192,2629,249,11,12,0,1,加油，希望粉丝过百，相信自己可以的300粉丝露脸_
222,0,用户8311851808139,0,622,1,3,3,59,0,_
223,0,两个双蛋黄,72,481,93,18,18,3393,1,没事了，散会！_
224,0,✨最佳绝配✨,100,1029,29,17,17,394,1,你的婧琪婷芸我建了一个群有闺蜜我可是很宠粉的，想进群关注谁骂你来找我_
225,0,仙游县薇沐女装店&,0,142,40,0,0,1053,1,谢谢大家的支持，谢谢 谢谢大家的支持啦，谢谢大家就是好_
226,0,沐昊,0,542,12,0,0,211,1,我会发布更多的视频哦～～～等我哦！😘😘关注我看更多精彩视频哦_
227,0,夕夕吖～,4,956,9,2,2,692,0,_
228,0,洁,0,561,5,2,2,5531,0,_
229,0,帅气的我,3711,70,236,115,115,9991,1,回忆苦思甜的梦_
230,0,白昼可可,0,501,1,0,0,0,0,_
231,0,美庐乳业,0,24,12,0,0,694,0,_
232,0,一枚ikun～,213,490,63,9,11,34515,1,许你一世繁华，伴你璀璨如星_
233,0,木木小卉儿,22,300,16,2,2,274,0,_
234,0,小猴子（杨紫）最努力，最棒,42,1698,49,14,14,18948,1,有对鱼感兴趣的加vx，相互交流，相互学习vx：DXTTNN_
235,0,限定阿言☁️,109,228,70,11,11,959,1,☁️［星光不问赶路人，时光不负有心人］☁️五年级学生☁️杂博，交友☁️timing同名☁️谢谢喜欢☁️为rp联盟_
236,0,社会你欣姐社会帮(涵涵&怡诺&琪琪)后援,22,547,12,11,12,351,1,我师傅，姐姐涵涵勿动_
237,0,源源,0,353,2,0,0,53,0,_
238,0,李优秀,0,2480,2,0,0,1251,0,_
239,0,✨沐笙（瑣）✨,0,650,38,0,0,0,0,_
240,0,锦衣女孩（六元一斤虾🦐）,11294,622,1231,48,52,31641,1,爱豆：任嘉伦  谭松韵追剧：锦衣之下喜欢的角色：陆绎 袁今夏 已经在锦衣里盖了栋别墅（永远不变）_
241,0,隗彦凌,591,4522,131,15,21,56216,0,_
242,0,蒙濛檬朦   ！,42,178,14,10,10,894,1,人生若只如初见_
243,0,起风了,0,4710,6,1,1,5001,0,_
244,0,嘿嘿,0,30,2,0,0,97,0,_
245,0,失忆女孩顾苏苏,0,505,11,0,0,1569,1,做自信的女孩，不向世界低头_
246,0,醉酒思红颜,21,1999,13,0,0,0,0,_
247,0,璇.♡,80,46,13,0,0,0,0,_
248,0,贤菲党（开学缓更）,29,581,43,4,4,0,1,爱情公寓🏙骨灰级粉丝一枚❤️看完爱5，我来重温爱1啦💕永远永远喜欢贤菲这对cp💖很宠粉，但也是有底线的💗每周六更新系列作品注：其他时间有些忙，收集素材，回复私信都有可能的吖敬请关注《胡一菲怼人不带脏字》《胡一菲经典语录》系列初来乍到抖音，请多多关注_
249,0,朝歌,0,3869,65,0,0,31547,0,_
250,0,我叫wy,0,2276,15,0,0,6229,0,_
251,0,柘荣,3,1028,19,5,5,759,0,_
252,0,魔道祖师囍,85,4892,46,9,9,25421,0,_
253,0,初初,3,241,1,2,2,415,0,_
254,0,Barry丁浩然,67,4419,34,19,19,5148,0,_
255,0,「今天小雨转甜」,470,1348,24,0,0,0,0,_
256,0,沐野,0,236,0,0,0,49,1,一个憨憨_
257,0,宸,427,3278,84,148,149,0,0,_
258,0,婉儿,102,1000,39,0,0,0,0,_
259,0,鹿梅,162,3385,238,47,48,7654,0,_
260,0,小米粥。,0,408,13,0,1,105,0,_
261,0,一个人.,0,311,15,0,0,0,0,_
262,0,小🍬🍬糖果🍬,181,219,27,0,0,0,0,_
263,0,0923·嗯嗯嗯,14,4138,37,1,2,360,0,_
264,0,柠檬超甜,3,461,9,0,0,0,0,_
265,0,*泛滥的小思念*～,59,130,15,11,11,513,1,谁关注我，我就关注谁。_
266,0,茉丽A,903,961,131,0,0,0,0,_
267,0,茉青,15,756,15,3,3,1867,0,_
268,0,十秒萌定你！,254,388,31,26,27,1003,1,我想，换个时间，换个地点，换个身份，忘了一切，重新开始。_
269,0,妖小孽,1,818,19,0,0,0,0,_
270,0,萌音草莓,225,1891,27,78,80,4970,0,_
271,0,微光涟漪（漪家总创➕宛家）,42,610,55,2,2,269,1,谁关注我我关注谁谢谢你的关注粉丝5000露脸漪家总创想进的私信姐姐已有妹妹无师傅无徒弟学姐：1106紫染有的勿动无不要随便拉我进群_
272,0,婷欣🐱,429,1805,132,0,0,0,0,_
273,0,ABU,0,658,2,0,0,827,0,_
274,0,小可爱💜💛💚💙💖,236,1082,31,66,66,498,1,武汉加油，中国加油，白衣天使加油，这场战役会胜利的。我们不出门。_
275,0,宗同推,112,4044,58,0,0,0,0,_
276,0,若娴姐,0,342,6,0,0,765,0,_
277,0,静静没睡醒哦😜💤,43,362,12,16,16,523,0,_
278,0,我爱我的湖北,4,1393,9,3,4,3881,0,_
279,0,青青.,0,14,6,0,0,0,1,想不起来简介_
280,0,ᘜ꒰°ᴥ°꒱ᘑ汪,19,396,50,1,1,16943,0,_
281,0,去旅游的姐妹了(｡･ω･｡)ﾉ♡,347,4683,402,81,81,1886,0,_
282,0,◢◢梦幻星空◣◣,33,4089,46,0,0,0,0,_
283,0,奶茶西西,79,362,3,64,64,5971,0,_
284,0,姐我输得起,5,505,148,0,1,2933,1,从开始到未来只为王俊凯，蓝海猖狂，护凯为王_
285,0,妍安走心ing(๑-﹏-๑),1,5000,10,1,1,33350,1,是宿命的悲、还是轮回的痛。那一场盛世流年、我们守着寂寞伤得面目全非。谁把谁的明媚尽收眼底、谁把谁的难过感同身受。_
286,0,瞄柒柒,287,1678,68,101,101,8134,0,_
287,0,dyu0n534yymz,0,0,0,0,0,0,0,_
288,0,用户7396507829642,0,777,2,0,0,500,0,_
289,0,用户3850666129621,0,1005,0,0,0,504,0,_
290,0,吕咏梅,2697,1279,165,101,101,9139,1,平民小女孩不会拍抖音请多多指教_
291,0,紫陌红尘,0,93,8,0,0,282,0,_
292,0,不再期待★,12,2348,38,6,7,14208,0,_
293,0,可可👑👑💍,7,180,12,2,2,407,0,_
294,0,恋与菲雪,548,1203,88,97,97,2035,1,"抱怨身处黑暗,不如提灯前行。_"
295,0,青橘ゞ短衫,2,282,5,2,2,222,0,_
296,0,好菇凉败给好闺蜜,4,821,25,1,1,0,0,_
297,0,小呆喵喵,0,1366,2,0,0,587,0,_
298,0,‘开心,164,763,188,8,8,489,1,谢谢你们的关注和红心_
299,0,汐颜染瞳,0,68,2,0,0,287,0,_
300,0,佳佳,2166,1100,329,158,158,2789,1,宏达家电欢迎光临_
301,0,桃酥三岁了,59,88,26,0,0,716,1,BLACKPINKSL是人间理想❤️_
302,0,独醉南桥,0,1129,3,0,0,236,0,_
303,0,闺蜜情姐妹心,86,283,7,18,18,463,0,_
304,0,东哥,0,408,11,1,1,232,0,_
305,0,花飘零,0,551,26,0,0,4967,0,_
306,0,⚛,0,1761,20,0,0,0,1,⚛_
307,0,夏日气泡水,0,164,2,0,1,23,0,_
308,0,小lucky,0,39,2,0,0,16,1,这是小号哦大号知道的都知道，不知道的都不知道知道这个号的先不要说_
309,0,爱善天使彭群芳,328,1105,63,31,31,1122,0,_
310,0,向日葵的宝宝。,768,1165,86,58,58,38781,0,_
311,0,熙瑶,2,949,47,0,0,863,0,_
312,0,可爱的小铃铛,1187,2634,30,293,294,13271,1,陈伟霆的小粉丝_
313,0,lilililiu,0,248,20,0,1,1914,0,_
314,0,用户462576450,0,2818,8,0,0,1,0,_
315,0,若萱,318,1640,75,26,68,15098,1,。。_
316,0,GTYV,0,277,2,0,0,174,0,_
317,0,美美玲,40,1859,133,3,3,3313,0,_
318,0,Romantic,0,300,19,0,0,0,0,_
319,0,宋小睿【睿家军】,66,40,8,15,15,1958,0,_
320,0,言辞,0,476,1,0,0,24,0,_
321,0,小仙女,22,4451,114,3,3,64,0,_
322,0,性感小妖怪,8,55,27,1,2,0,1,小辣鸡一枚_
323,0,王一博2020,0,329,0,0,0,0,0,_
324,0,郁安,0,4694,23,0,0,0,0,_
325,0,梨落,0,715,25,0,0,522,0,_
326,0,宁宁是个傻白甜,42,2111,13,8,8,0,1,今日开心_
327,0,大侠啦啦啦,0,534,10,0,0,3520,0,_
328,0,芳香,20,81,2,4,6,120,0,_
329,0,颖桃小丸子,310,4987,107,112,112,11986,0,_
330,0,樱桃小迪,92,3463,198,15,15,2387,1,我是樱桃小迪💗我是爱丽丝-热巴的粉丝。💗天南地北，我迪最美。💗吾心向迪，永不分离。💗爱豆:迪丽热巴·迪丽木拉提💗热巴是6700多万爱丽丝心中的宝藏女孩。💗_
331,0,用户2781816575271,0,216,0,0,0,4096,0,_
332,0,懒猪,0,15,0,0,0,9,0,_
333,0,浅夏如梦,0,336,8,0,0,2526,0,_
334,0,👑冰柠❄️爱看雪,44,1010,38,9,12,2417,1,文依瑶_
335,0,方某人,0,2321,32,0,0,4289,1,吴清亮我恨你！_
336,0,不隐瞒的对白 づ[桃花副阁主],105,2811,47,31,31,12470,1,._
337,0,梦希瑶,58,289,2,37,37,6044,0,_
338,0,孙睿含,427,1866,45,184,184,3455,0,_
339,0,小鹿是女友的粉丝💕💕💕💕💕💕,52,2447,290,39,40,7051,1,小鹿是女友粉丝💕💕💕💕💕💕💕💕💕💕💕💕💕💕💕💕💕💕💕💕💕💕💕💕💕💕💕💕_
340,0,南烛（小号）,0,218,27,0,0,0,1,谢谢你的关注_
341,0,荣少🔥,1086,1044,125,0,0,0,0,_
342,0,爱丽丝,7,2504,48,1,1,5319,0,_
343,0,-Fariy✨璃安🎐-,0,3209,6,0,0,2270,0,_
344,0,顾冉迪,1460,4804,277,157,158,41175,1,喜欢热巴和鞠婧祎还有肖战底线:顾冉柔 顾冉曦 顾冉迪 南川_
345,0,慕唐心,1,1483,96,0,0,0,0,_
346,0,用户405298834832,0,2318,10,0,0,18459,0,_
347,0,小公举彤彤,28,1805,59,20,20,10302,0,_
348,0,王小兔,7,1607,53,17,17,581,0,_
349,0,530快乐,8,364,19,4,4,70,0,_
350,0,诗珊珊,9,87,19,0,0,0,0,_
351,0,♛紫米一米三~小琳琳,2041,1006,64,715,716,42652,1,"✨小✨糖果牛奶并不甜🍬我是琳✨饼✨唯有紫米甜甜的🍪紫米琳✨干✨粉丝名:紫米✨琳✨我活泼可爱,仙气飘飘,是个小仙女💖✨琳✨闺蜜是:糯米一米四吖~雪饼一米二~✨小✨冲着皮皮的马桶🚽去的✨仙✨I'm  a  熊孩子奥利给✨女✨我的粉丝我来宠，关注不会迷路_"
352,0,喵染染,0,4998,115,0,0,24412,1,谢谢你的关注_
353,0,肖子怡,4,1327,7,3,3,472,0,_
354,0,冰雪伊人_21365,61,874,81,11,11,1355,0,_
355,0,柠檬味的狗°,0,965,17,0,0,0,1,迪丽热巴表白诗句：是我喜欢你，非常非常喜欢你，如果你喜欢我，你就跟我在一起，如果你不喜欢我，但我会一直人爱你一一我♥♥_
356,0,肖战的小飞侠,25,403,5,1,1,0,0,_
357,0,仙仔.顾佳佳,130,1933,47,31,31,1083,1,南屿她很傻，她喜欢的类明星是:热巴、肖战、鹿晗、杨颖、王一博、菜徐坤。_
358,0,嘉玲,13,306,8,12,12,150,1,旺_
359,0,锦溪小姐姐,0,378,3,0,0,20,0,_
360,0,风和雨（师傅安可可）,0,503,5,0,0,611,0,_
361,0,🐷婆婆,0,835,12,0,0,11666,0,_
362,0,宋蕲航,8,343,13,4,4,1545,0,_
363,0,Jessica,0,147,6,0,0,45,0,_
364,0,孙潇惠,1018,1985,207,264,264,7564,1,❤️_
365,0,梦中少女,2,615,6,1,1,1813,0,_
366,0,zajt丶zz,21,483,34,17,17,363,0,_
367,0,#小奶酪🍦（已退),543,543,169,18,24,977,1,她正在关注➕你哦❕开学已退_
368,0,颖儿杂货铺,342,206,93,29,31,8983,1,谢谢你的关注_
369,0,奶昔（晴）（小号）,354,352,37,52,52,18837,1,被你点赞的朋友圈，叫做甜甜圈！_
370,0,陈诺儿💝💝,44,1310,12,14,14,12637,1,我是陈诺儿，一个活泼可爱的小女孩。关注我，你就会变的更美，更瘦_
371,0,凝宝宝👑,1035,162,45,554,554,0,1,小张小张自有主张❤️希望每天多一点粉丝💖这是我的小号，你可以关注大号，也可以关注小号，大号最近不怎么更了，过段时间会更新大号的作品💕也希望每天发的作品都获得赞💓本人已有闺蜜💝_
372,0,🦁宇宇🐯（🐳）,16,141,12,3,3,293,0,_
373,0,Alone   💗💗,0,51,39,0,0,92,1,当你一个人独自穿过暴风雨_
374,0,用户7350644344491,0,307,3,0,0,337,0,_
375,0,梁煜微,0,693,35,0,0,589,0,_
376,0,秀秀,621,852,263,38,38,0,1,不乱于心 不困于情 不畏将来 不念过往 如此安好_
377,0,帮我打开可乐.,0,691,0,0,0,1922,0,_
378,0,去星星⭐碎觉,45,1114,13,21,21,657,0,_
379,0,张爱祥,165,402,7,44,44,2912,0,_
