0,0,Sunny   day,2,557,9,1,1,3996,0,_
1,0,鹏xx,0,537,10,0,0,52,0,_
2,0,奥利奥加雪碧,0,589,9,0,0,7517,0,_
3,0,浩 孙,0,10,0,0,0,67,0,_
4,0,MisaKa丶,0,65,18,0,0,29,0,_
5,0,卢思萌萌哒,3,572,5,0,11,1646,0,_
6,0,晚安,0,80,1,0,0,154,0,_
7,0,　,0,56,3,0,0,0,0,_
8,0,用户288459639564,0,156,0,0,0,4854,0,_
9,0,满信号,0,402,38,0,0,0,0,_
10,0,末了路,0,84,2,0,0,23475,0,_
11,0,Cynicism°,7,6,43,1,40,490,0,_
12,0,Active,0,1,7,0,0,0,0,_
13,0,Zs,0,696,23,0,5,548,0,_
14,0,水银,764,4656,2252,5,5,0,1,多喝热水！_
15,0,【神秘人：……】,0,1993,11,0,1,16547,0,_
16,0,用户9212236946604,0,57,0,1,1,221,0,_
17,0,猫ღ♡,16,93,25,0,7,906,0,_
18,0,Yhong,0,56,23,0,0,303,0,_
19,0,是缘是情是童真、,39,148,35,6,6,1494,0,_
20,0,三刀流,1,3885,97,0,0,18053,0,_
21,0,辛辛思密达,11,468,26,6,6,12613,0,_
22,0,余地.,0,1095,2,0,0,4650,0,_
23,0,张欢,22,318,24,2,2,1394,0,_
24,0,荒,18,802,62,1,1,22892,1,000mlnmceee3_
25,0,南风几经秋985,2,72,14,1,1,323,0,_
26,0,五音不全,2132,278,117,47,47,4137,0,_
27,0,一枕冷如冰,84,1725,169,5,8,0,1,我们和好吧_
28,0,銠淝,0,670,33,0,0,12209,0,_
29,0,火娃,19,2839,42,2,3,4433,0,_
30,0,糖,0,315,16,1,1,3621,0,_
31,0,z,0,4714,10,0,0,27182,0,_
32,0,用户8680580207802,0,1099,5,0,0,2406,0,_
33,0,遥遥哥哥,428,185,139,28,30,1739,1,天道酬勤_
34,0,梁先生,0,566,21,0,0,6003,0,_
35,0,蓝晶羚电动车423096691,3,1457,51,0,1,8856,0,_
36,0,沉默的我,4,34,12,0,1,4802,0,_
37,0,只凝视着你丶,0,95,9,0,0,50,0,_
38,0,飞跃的心,0,210,13,0,0,717,1,生命在于运动、生活在于历练_
39,0,不堕不取,58,2652,106,10,14,7405,1,送风去，等风归_
40,0,墨染琉璃殇,1,41,6,1,1,225,0,_
41,0,懂的人自然懂,45,591,22,7,9,5239,1,懒得一批，不想动，吃就完事了_
42,0,情.17,0,12,35,0,0,3415,0,_
43,0,用户7511980854793,0,146,1,0,0,654,0,_
44,0,孽白,1,240,3,1,1,697,0,_
45,0,他是个沙雕,0,79,2,0,0,0,1,……_
46,0,丨殤丨,0,26,52,0,0,23960,1,唉！余生请多关照！_
47,0,爱烟思糖。,14,935,161,0,4,18697,1,"“七岁那年抓住一只蝉,以为抓住了整个夏天..'_"
48,0,康-,0,138,0,0,0,2778,0,_
49,0,起个名字特纠结,8,56,31,1,1,837,0,_
50,0,等风来ミ,0,548,20,0,0,5342,0,_
51,0,Zero🤓,2139,1345,138,99,100,13960,1,绵阳市涪城区跃进路1958，1期Zero潮宠 136❤️8433❤️5304_
52,0,奇点,0,569,9,0,0,382,0,_
53,0,瓜瓜,10,4485,108,2,5,2545,1,真香_
54,0,🌈.,0,103,1,0,0,180,0,_
55,0,阿发,125,100,56,9,9,7,1,天道酬勤 厚德载物_
56,0,小杰,8,36,5,2,2,63,0,_
57,0,驴肉火烧很nice,7,3838,86,4,4,2979,1,努力到无能为力，拼搏到感动自己。有意向购买本屋产品的加我微信16638642866_
58,0,我想当帅哥,7,343,159,1,1,36269,0,_
59,0,👽,0,135,9,0,0,2229,0,_
60,0,〆過客°ン〞,8,1131,55,0,0,0,0,_
61,0,用户2776094813268,0,58,0,0,0,0,0,_
62,0,乃一组特,38,269,86,3,7,11274,0,_
63,0,独角戏,0,87,27,0,0,158,0,_
64,0,👀曾经🍀故事,22,43,7,2,2,27,0,_
65,0,边境刘德华,2076,659,251,110,120,30375,0,_
66,0,正在缓冲……,0,627,14,0,0,2803,0,_
67,0,请叫我。。ネф̶ イω,85,141,72,2,5,0,1,317_
68,0,铁蛋,194,116,41,27,29,6119,1,现在走路全是低着头走的不是喜欢玩手机只是装逼犯太多_
69,0,独守一座空城,4,902,7,1,3,33491,0,_
70,0,一览芳雨,827,2598,493,34,54,47455,0,_
71,0,豫,0,10,1,0,0,4,0,_
72,0,一句喜欢,0,353,147,0,0,5241,1,💋情不知所起、一往而情深💞_
73,0,Morbid,0,1390,106,0,0,0,0,_
74,0,年轻少年,0,55,20,0,0,898,0,_
75,0,Vis·,1001,15,316,3,3,1995,1,最温柔也最冷漠._
76,0,苏北丶文若,2,358,5,0,0,0,0,_
77,0,Aloneら独白ぴ,9,165,5,4,6,373,0,_
78,0,精魂魄,0,620,7,0,1,3382,1,找上门女婿不，我去你家_
79,0,小飞,0,292,27,0,0,18832,0,_
80,0,wadyp,5,245,25,1,1,2144,0,_
81,0,阿信爱喝绿茶！,13,2014,80,2,2,11212,1,禽中带骚气～圣中带无～_
82,0,Yoke～～,0,29,4,0,0,471,0,_
83,0,L.,0,47,15,0,0,78,0,_
84,0,氵半ぅ缘仙卐,5,253,21,0,10,3015,0,_
85,0,LQXGXGDFZ,69,48,36,10,10,969,0,_
86,0,花落曲未尽,0,31,0,0,0,4,0,_
87,0,qzuser,1,439,11,1,1,10773,0,_
88,0,夜染云烟,63,2152,47,15,16,15314,0,_
89,0,用户1221622457223,0,150,4,0,0,771,0,_
90,0,不喜人间见白头,25,144,20,3,3,2341,1,越努力，越幸运_
91,0,LeeSinJoKer,38,376,21,20,20,9074,1,打扰了，陌生人！_
92,0,小龚,0,22,11,0,0,4,0,_
93,0,^平 淡%,0,22,11,0,0,23092,0,_
94,0,user6279228471468,0,559,11,0,0,1123,0,_
95,0,桀，,0,212,31,0,0,2435,0,_
96,0,常熟原飞航分部,169,153,19,13,25,213,0,_
97,0,豆小豆,0,662,67,0,0,6184,0,_
98,0,神XX一样的男人,135,153,93,30,30,396,1,终始_
99,0,Zoe公主,409,1108,81,39,39,0,1,记录生活热爱生活_
100,0,　　　　勿悲,112,4947,646,0,138,61024,0,_
101,0,悟净,488,537,179,62,63,7032,1,原来平凡才是唯一的答案_
102,0,加利福尼亚男孩,0,76,19,0,0,14566,0,_
103,0,手机用户68031342823,0,1026,1,0,1,9306,0,_
104,0,7.,0,189,7,0,0,2285,0,_
105,0,诣,0,261,7,0,0,0,0,_
106,0,花花公子,1,452,13,1,1,4690,0,_
107,0,志航嘚嘚,31,1272,40,8,8,292,1,牧马城市_
108,0,你的橘子,0,93,28,0,0,385,0,_
109,0,阿姆斯特朗 翠花老司机,0,411,7,0,0,24149,0,_
110,0,Koko,0,145,11,0,0,8569,0,_
111,0,我爱飙风玫瑰,0,668,2,0,0,476,0,_
112,0,戴丽君,0,111,8,0,0,46,0,_
113,0,用户5806529288696,0,26,0,0,0,135,0,_
114,0,bad boy[看],4,272,9,4,10,576,0,_
115,0,Lh.,27,1106,75,3,5,442,0,_
116,0,瞬间的思情,4,82,17,1,2,581,1,没什么可比性_
117,0,南一,0,144,7,0,0,362,0,_
118,0,九六,1,507,13,0,1,0,0,_
119,0,Noah 　　 ༽,0,188,14,0,1,105,0,_
120,0,GodFZ,0,68,11,0,0,2481,0,_
121,0,随风而逝,8,3781,30,1,1,13674,0,_
122,0,用户7278336983499,0,6,1,0,0,12,0,_
123,0,👀,0,248,41,0,0,0,0,_
124,0,༺༃༒༃༻,6,75,10,4,4,204,0,_
125,0,再见,2,996,36,0,1,39558,0,_
126,0,用户8039780622749,0,276,0,0,0,2079,0,_
127,0,xian一员,40,43,42,3,3,875,0,_
128,0,柊筱枫,0,541,2,0,0,3305,0,_
129,0,巾帼英雄爱五杀,0,291,14,0,0,0,0,_
130,0,曦麟輩,0,3116,25,0,0,19822,0,_
131,0,陌上花开～,0,1052,23,0,0,13510,0,_
132,0,棋棋棋棋棋,0,45,0,0,0,106,0,_
133,0,🐶,6053,61,343,254,255,195,1,我爱党媛_
134,0,某某顺/,0,18,3,0,0,22,0,_
135,0,迷途☆,0,123,5,0,0,2019,0,_
136,0,从前以后,0,98,13,0,0,814,0,_
137,0,You哒,0,203,16,0,0,2273,0,_
138,0,爸爸,12,157,8,2,2,163,0,_
139,0,钱先生,0,22,19,0,0,58,0,_
140,0,干一行行一行一行行行行行一行不行行行不行,66,307,27,0,0,0,0,_
141,0,一只快乐的小农民丶,18,113,21,2,2,1224,0,_
142,0,一觉睡到小时候,0,1644,11,0,0,42335,0,_
143,0,危险请勿靠近,0,73,18,0,0,819,0,_
144,0,哇哦,2,256,12,0,0,0,0,_
145,0,吴毅~,0,130,1,0,0,0,0,_
146,0,用户3255913692814,0,129,1,0,0,5639,0,_
147,0,咔咔西,0,349,3,0,0,53,0,_
148,0,scp-682,0,3290,25,0,0,4288,0,_
149,0,余生暴富,0,7,2,0,14,0,0,_
150,0,王子小小小,66,595,33,11,49,10205,0,_
151,0,天神下凡一锤4,3,949,14,2,3,5195,0,_
152,0,❤️喆哥,0,225,80,0,0,359,1,怪我咯_
153,0,这娃儿有点瓜,0,205,17,0,3,4639,1,忘记一个人比爱上一个人难。_
154,0,Mr孙先生,1484,799,239,81,100,31903,1,一个学拉丁的联盟打野男孩       最后拉丁没学好游戏也没打好_
155,0,格局太小,2,370,39,1,1,2335,1,玩辅助我是认真的_
156,0,陈炫熙宇,1782,420,309,159,160,5949,1,老子有俩个小子。_
157,0,醉猫儿,0,44,14,0,0,806,0,_
158,0,活着太难了,7,182,13,1,2,0,0,_
159,0,骑着洋车亚马路,1121,549,233,129,132,4726,0,_
160,0,♧,17,155,36,4,4,2316,0,_
161,0,静坐常思己过,2,252,45,1,1,3862,0,_
162,0,孤,2,67,4,1,1,16903,0,_
163,0,逗逗乐乐,17,162,19,2,5,3395,0,_
164,0,基德,0,39,3,0,0,34,0,_
165,0,༺Y༒Z༻,1,387,16,0,0,3300,0,_
166,0,用户8693830255368,0,31,1,0,0,165,0,_
167,0,7788,0,929,16,0,0,11301,0,_
168,0,连南,0,197,2,0,0,2853,0,_
169,0,一个小毛桃,0,106,3,0,0,264,0,_
170,0,冥梟振月,0,1094,19,0,0,3819,0,_
171,0,送人玫瑰，手留余香,8,194,50,2,2,299,0,_
172,0,披萨不是馕,2554,1009,493,19,19,2051,1,关心，源于专业。邂逅，源于品质。细节，源于生活。真诚，源于用心。_
173,0,山哥要当肌肉男,0,98,1,0,0,26,0,_
174,0,庭院梧桐锁深秋,119,1087,113,8,8,25657,0,_
175,0,贤小明,0,114,35,0,0,1596,0,_
176,0,德光,0,137,160,0,0,176,1,是缘分让我们今生遇见，感谢你的关注希望你们天天开心，博君一笑，_
177,0,01年的小仙女,0,2765,14,0,0,0,0,_
178,0,秋,0,3,2,0,0,0,1,hi_
179,0,庞二哥,16,554,58,1,2,1258,1,☞願一笙愛①人_
180,0,爾,3,126,17,1,1,8554,1,vx    qq867003922_
181,0,一千减七是多少i,0,19,17,1,1,11616,0,_
182,0,’|，雨天:将至﹏゛,0,735,13,0,0,0,0,_
183,0,且随疾风前行,0,6,1,0,0,19,0,_
184,0,易安居,70,574,14,12,13,43311,0,_
185,0,心悦影影,9,42,1,20,20,81,0,_
186,0,雪花🌾,1,76,7,1,1,229,1,付出太多输得太惨_
187,0,寻路人,2,104,22,0,0,136,0,_
188,0,@豪,0,29,1,0,0,1515,0,_
189,0,白也,76,959,91,13,13,0,0,_
190,0,酒　憾  丶,0,165,4,0,0,742,0,_
191,0,问尨、$∨匚,0,424,3,0,0,6597,0,_
192,0,药丸,30,89,27,5,5,1321,0,_
193,0,A😘意中人,9,136,54,1,5,1405,0,_
194,0,像我这样的人,0,226,2,0,0,2822,0,_
195,0,呆毛,0,440,13,0,0,3359,0,_
196,0,手机用户62130346644,0,188,11,0,0,3572,0,_
197,0,用户9213593010271,0,33,0,0,0,65,0,_
198,0,SCL丶梦碎,0,165,6,0,0,1692,0,_
199,0,今晚啊涛最棒,52,91,27,7,7,156,0,_
200,0,镇江茹海苗木,79,1959,605,6,7,1529,1,176052192115(某信)同号_
201,0,暧昧♡,1,120,70,0,0,33133,0,_
202,0,🍀,6,95,0,0,0,0,0,_
203,0,ℳ๓倩ζั宝℘,22,36,11,2,2,4006,1,小祖宗倩宝宝！！          SQ ❤         2019  03  12❤_
204,0,我是。。。。。,0,205,8,1,1,4721,1,前年，明年，后年一定要好好努力，加油，奥利给！！_
205,0,肥肥~,0,12,16,0,0,120,0,_
206,0,记忆再轻、也轻不过脉搏ゝ,8,1625,41,2,2,8141,0,_
207,0,奋豆儿,0,888,19,0,0,1674,0,_
208,0,诚晨,0,1806,7,0,0,2215,0,_
209,0,用户765694145481,0,47,0,0,0,54,0,_
210,0,hypo,0,7,0,0,0,0,0,_
211,0,陌浪,0,487,19,0,0,867,0,_
212,0,の  无    名,4,38,11,1,1,760,0,_
213,0,-哲,612,594,302,25,25,2861,0,_
214,0,疏远,0,1036,5,0,0,1660,0,_
215,0,融水玖哥哥！,29,935,50,3,4,16403,0,_
216,0,欢欢🌸,5,114,23,1,2,217,1,加油加油V16620937266押🚘_
217,0,😘,0,44,34,0,0,0,0,_
218,0,一直在跑,10,402,31,2,2,11766,0,_
219,0,1289.6w人,0,380,4,0,0,0,0,_
220,0,C—Guetse`,5,173,31,2,2,1240,0,_
221,0,源稚生.,0,426,3,0,0,0,1,._
222,0,日青天,27,1052,31,5,5,1993,0,_
223,0,梦里,0,21,2,0,0,0,1,这个人很懒，什么也没留下。_
224,0,江lovestruckあ嘉文,80,600,150,8,9,11517,1,一个热衷于动漫的90后小生，红楼隔雨相望冷，珠箔飘灯独自归。canvai—shine_
225,0,无花无果无世界111,0,186,26,0,0,158,0,_
226,0,泥沙俱下,6,160,2,1,1,7507,0,_
227,0,无言,0,1266,54,0,0,18850,1,开心每一天_
228,0,月愁,0,33,5,0,2,12,1,卿本佳人，奈何为賊？❤可还否？_
229,0,无昼,0,110,3,0,0,101,0,_
230,0,Xxsy丶,0,352,25,0,0,1349,0,_
231,0,九歌,6,219,10,2,2,938,1,时间会把对你最好的人留在最后面，因为喜欢是一阵风，而爱是细水长流_
232,0,南风吹故人,13,55,11,3,4,3154,0,_
233,0,用户8800116131798,0,18,1,0,0,14,0,_
234,0,我一点都不可口,0,21,6,0,0,1,0,_
235,0,A+鸿运水洗厂,16,121,74,1,1,891,0,_
236,0,A hell on earth,0,4960,123,0,0,25274,0,_
237,0,Geburah丶,0,75,4,0,0,788,0,_
238,0,軍哥,58,96,28,10,10,115,0,_
239,0,🐎🐎🐎,13,332,33,1,1,284,0,_
240,0,迷弟(麒麟),3,1347,36,3,3,2030,1,扩列+Q3065649290养火花_
241,0,若主华夷,0,30,0,0,0,45,0,_
242,0,张智杰,0,68,14,0,0,0,1,喜欢就关注看到了会回_
243,0,渔村丶村主任,0,68,13,0,0,144,0,_
244,0,本能,98,265,113,6,7,15377,1,狭路相逢勇者胜_
245,0,qqq,0,1,3,0,0,3,0,_
246,0,の毒,0,28,1,0,0,100,0,_
247,0,🦌小鹿,4257,36,422,12,12,0,1,有需要商业合作的加❤️：5727 040_
248,0,tong丶umil,0,96,11,0,0,158,0,_
249,0,猪八戒,4849,91,1475,57,65,0,1,生死看淡，不服就好_
250,0,′初夏泪秋蝉。,0,33,0,0,0,50,0,_
251,0,宏杰帅哥宇宙无敌帅,4,1357,50,1,1,7347,0,_
252,0,江水,1,670,11,0,0,4261,1,所有事件的失败        都是由当事人能力不足造成的_
253,0,雨,0,116,6,0,0,2010,0,_
254,0,阿翔很帅,6,1005,12,1,1,878,0,_
255,0,陈小小小小小吉,0,113,6,0,0,641,1,女王所爱，即我所爱_
256,0,余生。,15,12,65,1,4,1740,1,jiale❤️_
257,0,p城阴鬼,0,73,2,0,0,5195,0,_
258,0,风间秀一,0,619,16,0,0,2076,0,_
259,0,rorfgp28,0,342,9,0,0,2757,0,_
260,0,不点赞就抬走,0,28,0,0,0,2040,0,_
261,0,、chinalag,263,31,200,16,18,1096,1,主营各种君子兰、群兰、多头、宽叶兰每天不定时直播、            提前一天通知自家百亩花窖、    欢迎合作、真实有效VX：13478026633_
262,0,不谷,54,499,26,8,8,37738,0,_
263,0,隔壁老王只试驾,3,26,3,2,2,47,0,_
264,0,吃货,0,319,1,0,0,1234,0,_
265,0,最幸福的倒霉蛋,20,349,70,2,14,307,0,_
266,0,西安^_^,0,123,44,0,0,1982,0,_
267,0,你的名字,0,86,0,0,1,6035,0,_
268,0,林深,0,21,0,0,0,48,0,_
269,0,高世杰,0,205,24,0,0,1915,0,_
270,0,还好有你,39,49,33,8,8,385,0,_
271,0,稻谷拉斯,25,486,71,2,2,382,0,_
272,0,幻,0,7,0,0,0,9,0,_
273,0,☔︎☔︎☔︎         迷糊,0,25,12,0,0,914,0,_
274,0,现小迷妹2019,960,359,38,13,40,12094,1,从“现”在出发，直到落幕的终点！@李现ing_
275,0,🌸 桃酥味,41,781,24,27,28,755,1,好好生活。WQ13149999 C3PWNNM_
276,0,爸爸的最爱,234,50,73,28,28,1302,0,_
277,0,奉和,0,1219,3,0,0,0,0,_
278,0,覆水难收,0,84,12,0,0,315,1,2xx  xh_
279,0,ℍ𝕖𝕝𝕝𝕠,5,379,18,2,2,1247,1,♡ͥ ♡ͦ ♡ͮ ♡ͤ (   ⸝⸝⸝⁰⃚⃙̴ ༝ ⁰⃚⃙̴ )  日子有盼头 生活才可爱_
280,0,桀骜,0,42,6,0,2,351,0,_
281,0,ㅤㅤ,0,25,21,0,0,2752,0,_
282,0,補爱,95,66,45,7,7,3707,0,_
283,0,明儿,0,113,4,0,0,649,0,_
284,0,1995，,0,784,14,0,0,252,0,_
285,0,Pokee1,0,423,4,0,0,3921,0,_
286,0,哎呀,0,15,6,0,0,396,0,_
287,0,无名@电音,0,273,12,0,0,493,0,_
288,0,青柠,0,351,5,0,0,11683,0,_
289,0,Mr Yao,0,154,24,0,0,199,1,☺️_
290,0,疯狂的轩轩,209,805,13,0,0,2765,1,。。。_
291,0,夏至未至,0,75,25,0,0,0,0,_
292,0,Tú Đình,0,247,12,0,0,2748,0,_
293,0,用户1674753768536,0,11,0,1,1,52,0,_
294,0,REAL CR⑦,56,458,51,1,2,0,1,足球⚽️_
295,0,༺龘༒龘༻,39,67,12,16,16,119,1,繁花落尽，如梦无痕！_
296,0,啦啦啦啦啦啊,19,198,60,2,7,0,0,_
297,0,我不是鹏鹏,146,279,83,15,85,955,1,过了玩闹的年纪 。。_
298,0,曾经的王,1492,172,219,10,10,3575,1,没个性_
299,0,只为一人守꧔ꦿ.,1,45,4,1,1,107,0,_
300,0,秀儿就是我,0,160,7,0,0,39771,0,_
301,0,她和卡莎一样美！,0,7,0,0,0,4,0,_
302,0,男人就该顶天立地,6,78,14,1,2,0,0,_
303,0,狗zzzzzz,0,437,3,0,0,3686,0,_
304,0,大咪,105,291,91,8,10,1313,0,_
305,0,戴面具的小丑,2,3466,29,0,1,1243,0,_
306,0,飉,0,167,10,0,0,4246,0,_
307,0,铁乌鸦,0,27,10,0,0,20,0,_
308,0,白浩,31,220,24,7,7,5550,1,小白白_
309,0,威力身手轰炸天,0,1069,4,0,0,0,0,_
310,0,ysk,8,204,24,1,1,1105,0,_
311,0,孤辰ღ,360,136,114,40,40,0,0,_
312,0,无丶名,0,37,5,0,0,874,1,生死有命，富贵在天，是穷是富我自己说了算。_
313,0,用户179668794,0,1376,3,0,0,12336,0,_
314,0,ooak,8,206,3,0,0,0,0,_
315,0,Jason.,14,38,14,1,1,128,0,_
316,0,喂，鞋带开了,264,240,61,41,41,3114,1,笑是表情。无关心情。_
317,0,栋栋,0,61,4,0,0,341,0,_
318,0,没用的阿南,0,6,2,0,0,37,0,_
319,0,影陌,0,29,7,0,0,149,0,_
320,0,独,0,77,13,0,0,110,0,_
321,0,用户6979941937506,0,34,3,0,0,680,0,_
322,0,靈.,1,237,3,0,1,5164,0,_
323,0,流殇,6,51,4,2,2,59,0,_
324,0,子夜,55,1021,38,0,0,0,0,_
325,0,南山不会落梅花,0,435,58,0,0,4850,1,往事如风，常伴吾生_
326,0,橙汁哥哥,0,34,40,0,0,17,0,_
327,0,fighting,3,1190,33,0,0,0,0,_
328,0,丙,3,560,32,1,1,18367,0,_
329,0,Value,0,92,4,0,0,205,0,_
330,0,奔跑的马叉虫,17,329,44,4,7,0,1,别说话，快上车！_
331,0,随心而动,2,65,8,2,7,760,1,信徒需要神明，而神明不需要学徒_
332,0,ソ芜夏、不言殇ソ,0,856,53,0,0,611,1,2467556838_
333,0,虎虎来抓人了,2,358,8,2,2,0,1,幸识想做你的榜一_
334,0,星云,0,108,2,0,0,333,0,_
335,0,Dea丶久夢,26,799,25,7,8,8506,0,_
336,0,琪,9,231,47,1,1,176,1,唯一☞琪_
337,0,『孤存』i,9,323,7,2,2,1975,0,_
338,0,星海,42,219,29,13,13,123,1,看我德玛西亚，大宝剑😘😘😘😘_
339,0,腕力 阿飞,0,337,9,0,0,874,0,_
340,0,呃呃呃,0,223,6,0,0,3191,0,_
341,0,p of h,75,94,39,6,6,506,0,_
342,0,云峰,1,201,1,1,9,236,0,_
343,0,嘟嘟,0,562,40,0,0,4262,0,_
344,0,用户2086600321055,1,328,2,2,2,379,0,_
345,0,=你在哪里?,1,45,14,0,0,442,1,简单易写_
346,0,Farrux,99,111,43,20,20,129,1,( ^ – ^ )_
347,0,嘿，无常,1,294,12,0,1,385,0,_
348,0,她听影子说心劫,0,1459,33,0,0,0,0,_
349,0,..(●–●),0,1067,8,0,0,7405,0,_
350,0,"No best, only better",282,56,42,24,25,0,1,我看到你的眼里有星河，而我的眼里却只有你_
351,0,上荣耀好难！,0,60,4,1,1,55,0,_
352,0,翊宝他老子,34,183,21,12,14,16237,0,_
353,0,用户9248117691466,0,17,7,0,0,15,0,_
354,0,C、c༄,4,242,14,0,0,0,0,_
355,0,無極 炁,0,77,34,0,0,0,1,创造没好生活_
356,0,轩之,0,46,1,0,0,16,0,_
357,0,丨麓名灬北念丨,0,865,7,0,0,1509,0,_
358,0,用户7842390002057,0,253,0,0,0,938,0,_
359,0,用户8384676665309,0,394,9,0,0,8789,0,_
360,0,是圆滚滚的西瓜,5,28,6,1,1,2635,0,_
361,0,一米六都是受,0,85,2,0,0,3302,0,_
362,0,128.7w人,263,4828,62,64,64,7863,1,本人天秤座，有事发消息_
363,0,用户2801966847897,0,76,4,0,0,1672,0,_
364,0,👊,0,25,2,0,0,0,0,_
365,0,Ice丶,1,60,6,1,1,0,0,_
366,0,$谈笑风生,166,2063,62,25,26,2698,0,_
367,0,有木有Qiang,46,4870,48,8,15,12009,0,_
368,0,爱小姜哦,0,83,16,0,0,105123,0,_
369,0,笑而不语💋,0,8,1,0,0,91,0,_
370,0,我很好,0,952,45,0,0,2378,0,_
371,0,楠溪李青,15402,34,2593,16,19,13514,1,情怀罢了_
372,0,丫丫的呀,0,270,11,0,0,2208,0,_
373,0,....................,3,266,4,1,1,1785,0,_
374,0,用户8551727010442,0,13,0,0,0,0,0,_
375,0,情感怪兽,0,1653,15,0,0,2717,0,_
376,0,影子一般,29,67,19,19,19,1032,0,_
377,0,漫漫山水路几程，朝朝人心有几夕,0,43,23,0,0,13180,1,该走了，我就不回去了，接下来你自己走吧你一个人要好好的，知道吗？_
378,0,峰,0,42,1,0,0,37,1,。。_
379,0,笙默,0,32,1,0,0,1980,0,_
380,0,用户1776284631084,0,86,0,0,0,25,0,_
381,0,用户2680066557888,36,112,29,1,4,222,0,_
382,0,syml,0,50,2,0,0,536,0,_
383,0,神海,0,284,1,0,1,550,0,_
384,0,yq😄hong 😊,0,505,0,0,0,0,0,_
385,0,ぃSunshine⸜♡︎,3,402,12,2,4,1666,1,娱乐交友😁😁_
386,0,涣散瞳孔ゞ,4,2604,16,3,6,9719,0,_
387,0,王,184,33,55,18,18,38,1,A failed small yak._
388,0,yd,0,19,16,0,0,10,0,_
389,0,Best Match,0,7,0,0,0,0,0,_
390,0,用户6391115709544,0,366,1,0,0,263,0,_
391,0,北້໌ᮨ陌ོ꧔ꦿ,6,1586,72,1,8,85,0,_
392,0,A℡崇州乐山钵钵鸡,26,51,7,4,4,0,1,创业路上有苦有甜…坚持是唯一的出路_
393,0,用户7869754781115,0,22,0,0,0,32,0,_
394,0,相逢何必曾相识,22,99,52,2,3,14,0,_
395,0,老实人,0,89,11,0,0,339,0,_
396,0,杨二狒狒,97,3181,126,0,0,0,0,_
397,0,已重置,0,113,17,0,0,6609,0,_
398,0,死神,0,1405,2,0,0,2387,0,_
399,0,昂首,0,22,7,0,0,348,0,_
400,0,楠宝,0,75,2,0,0,159,0,_
401,0,軟、,38,4038,20,4,4,2994,0,_
402,0,卑微子寒,0,232,2,0,0,1778,0,_
403,0,创业中,174,290,49,26,26,325,0,_
404,0,张小宇,0,12,0,0,0,39,0,_
405,0,兲〃,0,650,1,0,0,33,0,_
406,0,小花哥哥,0,1146,1,0,0,1416,0,_
407,0,z冷风゛,3,123,27,1,1,6308,1,宁肯我负天下人，休教天下人负我。（曹操）_
408,0,但涛,21,86,31,2,2,247,0,_
409,0,我不是李白。,49,258,23,16,16,525,0,_
410,0,化风,0,122,5,0,0,9689,0,_
411,0,love€dreamer,0,284,4,0,0,6245,0,_
412,0,我爱小媳妇,15,261,56,2,2,2826,0,_
413,0,醉清风,2,140,10,1,1,245,1,我不是你大爷，不过过一段时间就是了_
414,0,没有脾气的杰,0,49,5,0,0,2292,0,_
415,0,樱花树下i,0,71,0,0,0,73,0,_
416,0,余生,0,100,2,0,0,37,0,_
417,0,大耳贼小猪猪,0,381,8,0,0,4154,0,_
418,0,少卿,5,148,40,1,1,191,1,狂野的怪兽驰骋在我内心深处。_
419,0,用户6210495060112,0,796,8,0,0,735,0,_
420,0,Arthorn,0,34,5,0,0,448,0,_
421,0,为伊消得人憔悴,0,3214,43,0,0,13309,0,_
422,0,小样,96,380,63,10,12,481,0,_
423,0,微微一笑很倾城。,5869,4012,2795,166,169,6371,1,11_
424,0,༺ཌༀ盧༒爺ༀད༻,34,435,19,5,5,3606,1,得之我幸，失之我命_
425,0,L你的故事应该精彩,8,232,6,0,0,0,0,_
426,0,跟着老鼠一起蹦迪,0,421,13,1,1,1387,1,只想成为你的辅助，如若不然，我便一头钻进山里吃草。十步杀一人，千里送超神！_
427,0,Luck,0,55,73,0,0,2111,0,_
428,0,call,0,92,69,0,0,422,1,然并卵_
429,0,我第二个号,20,57,11,1,59,0,0,_
430,0,王小二,0,192,14,0,0,2821,0,_
431,0,唠唠,35,42,43,8,8,105,0,_
432,0,嘿耶,119,155,68,23,23,196,0,_
433,0,口昌占戈哥欠,44,35,6,13,14,296,0,_
434,0,lovelyboy,24,916,25,2,2,11685,0,_
435,0,余温暖,50,464,33,13,13,1021,1,人生充满各种烦心事说的最多的却是没事总有人教我成长但方式不值得感谢时间戳破了谎言改变了距离看透了人心经历越多的你越会相信那句话无情一点并没有错_
436,0,不完美的小孩,0,527,3,0,0,9902,1,个人简介：……。_
437,0,Tommy,0,1078,3,0,1,2209,0,_
438,0,paper Mr YU,228,1045,81,57,67,3036,1,各自安好_
439,0,kk,0,110,2,0,0,1410,0,_
440,0,手机用户61811327046,1,42,14,0,0,98,0,_
441,0,苏醒,0,307,21,0,25,2251,0,_
442,0,Jimmy,0,48,9,0,0,41,0,_
443,0,故重_,1,36,9,3,3,56,1,"你真的好不注重细节,毁了我多少温柔._"
444,0,南柯一梦,0,34,8,0,0,152,0,_
445,0,无笙,0,113,34,0,1,382,0,_
446,0,user3251028219399,0,59,5,0,0,0,0,_
447,0,待续。,0,37,21,0,0,0,0,_
448,0,1872473537,54,144,51,9,9,626,0,_
449,0,用户8047205879939,0,25,2,0,0,8,0,_
450,0,华野摩托,457,71,22,43,43,27,1,机车界的搬运工，你刚好需要，我正好专业，微 卫星🛰️  ❤️   18261340789_
451,0,你的小刘✈️,80,919,62,5,8,18666,1,爱库里！❤️QQ：3465923722vx：ldx13791647885认识一下！_
452,0,恰似一滴心头血,0,54,6,0,0,1623,0,_
453,0,邓公子,16,47,27,6,6,105,1,龙有逆鳞 人有底线_
454,0,……,0,101,9,0,0,0,0,_
455,0,💋  最美不过皇冠海.,12,14,2,1,1,93,0,_
456,0,透人心、森离九💦,66,255,115,7,10,20,0,_
457,0,三德子(Sandoz),125,59,22,29,30,4810,1,居住在长春10年的韩国大叔@_@喜欢中国爱中国🇨🇳_
458,0,༄ཉིེུ视而不见ཉོ࿐,0,175,57,0,0,27,0,_
459,0,响当当奔波霸,431,2053,1074,5,5,3667,1,生活不止眼前的苟且，还有拍视频和唱歌！_
460,0,用户4395979634499,0,3094,10,0,0,1960,0,_
461,0,李白居易中天,656,202,74,18,18,1032,0,_
462,0,斌,0,80,1,0,0,5334,0,_
463,0,A泉,6,9,6,0,0,22,0,_
464,0,木子扬扬,4,46,27,1,1,523,0,_
465,0,用户2442382801752,0,190,0,0,0,26,0,_
466,0,AIone,67,243,45,8,8,1691,1,写尽千山，落笔是你~_
467,0,Birty,0,700,18,0,0,7698,0,_
468,0,西瓜灬皮,35,28,3,10,10,493,0,_
469,0,伪君子,0,88,2,0,0,295,0,_
470,0,铁血马竞,0,1175,37,0,0,15164,0,_
471,0,硪灬以为丿,0,52,0,0,0,156,0,_
472,0,千机缘,3,462,42,0,0,0,0,_
473,0,叶落秋末,2358,686,182,17,20,7027,0,_
474,0,豆油i😒,0,1441,14,0,0,9112,0,_
475,0,llluuo,0,8,0,0,0,0,0,_
476,0,---,0,62,1111,0,0,1572,1,如果没有特别幸运，那就好好努力💪_
477,0,心宝,0,729,6,0,0,32143,0,_
478,0,果宝,42,1381,27,10,10,7313,0,_
479,0,楓,0,14,2,0,0,185,1,我呸_
480,0,循环,0,86,7,0,0,167,0,_
481,0,范范范范,233,108,32,15,15,226,0,_
482,0,安静的疯子,52,490,121,8,9,0,1,品味人生_
483,0,※华安※,82,68,64,0,0,0,0,_
484,0,凯旋门,1050,291,186,42,42,597,0,_
485,0,ductri74,0,1249,13,0,0,3443,0,_
486,0,用户8088406661713,0,19,0,0,0,170,0,_
487,0,寥寥几句,0,10,0,0,0,70,0,_
488,0,用户2395744686038,0,88,2,0,0,143,0,_
489,0,崩天雷,0,461,13,0,0,401,0,_
490,0,《梦＆她》,0,160,5,0,0,9751,0,_
491,0,我有点秀,673,1181,33,59,59,39320,0,_
492,0,涂腾,343,1499,87,13,13,32539,1,LMXS-0907_
493,0,幻觉,0,51,6,0,1,20,0,_
494,0,圈子不同不必强融,0,6,0,0,0,0,1,圈子不同不必强融_
495,0,张林,0,72,4,0,0,180,0,_
496,0,专业评论20年,131,283,119,21,21,528,0,_
497,0,红烧肉肉,0,122,6,0,0,611,1,大庆金吉喆跆拳道馆致力于青少年跆拳道爱好者的发展和培养，注重孩子的品德、体能、刻苦等方面的培养。相信我们，给您的孩子一个好的未来。_
498,0,徒留伤悲忆旧梦,0,424,9,0,0,148,1,愿得一人心白首不分离_
499,0,Singles,0,13,11,0,0,177,0,_
500,0,回忆,0,4452,101,0,0,16785,0,_
501,0,失忆症,0,49,64,0,1,892,0,_
502,0,天下有我,12,3441,50,1,1,2899,0,_
503,0,Minecraft乄天启『限流之月』,4043,4149,2421,20,21,30787,1,💚定个大目标，5000粉，5000粉录原声💚💛再说一点，我不是大佬                          💛_
504,0,民哥,81,121,91,11,13,2268,0,_
505,0,花开花败总归尘,0,38,7,0,0,15282,1,不和一些有病发生纠葛，你会发现世界其实挺美好的。不是吗？对对对，你说的都对→_→_
506,0,夜喵呜 ~,0,29,1,0,0,797,0,_
507,0,竹清,0,71,2,0,0,141,0,_
508,0,boway,192,129,135,6,6,8949,1,boway 装机_
509,0,旧梦初心,0,286,12,0,0,0,0,_
510,0,风,8,3,15,0,0,3725,0,_
511,0,東東海,0,108,6,0,0,0,1,抱怨时，尝试着去改变_
512,0,雙哶,5,125,20,2,2,4466,0,_
513,0,瓜皮,0,331,8,0,1,37749,0,_
514,0,βα,0,105,3,0,0,248,0,_
515,0,立陶曼企业 刘荣炳,72,103,42,14,14,39,1,生活不能等别人来安排，要自已去争取和奋斗；而不论其结果是喜是悲，但可以慰藉的是，你总不枉在这世界上活了一场   +V    18354922686_
516,0,手机没电了？,0,59,5,0,0,7393,0,_
517,0,归去来兮辞,0,2234,9,0,0,3704,0,_
518,0,随意,0,155,2,0,0,449,0,_
519,0,你关注的人,110,240,49,10,11,1932,0,_
520,0,黄老三,0,439,64,0,0,14221,0,_
521,0,Ao℡╰☆誘惑╮,65,172,33,9,10,1761,0,_
522,0,vyiudes,0,107,1,0,0,1044,0,_
523,0,时光飞逝,18,3929,47,3,3,24977,1,别说我变了，有些事都是拜你所赐_
524,0,用户3693107835931,10,69,4,2,2,135,0,_
525,0,用户8171043005703,0,74,0,0,0,90,0,_
526,0,量子,0,44,0,0,0,20,0,_
527,0,离,68,1962,633,1,5,485,0,_
528,0,我爱臭茜,0,268,9,0,0,697,0,_
529,0,流水无情,1,135,14,0,0,139,0,_
530,0,KYC,20,1725,67,4,4,531,0,_
531,0,血小板,0,2043,9,0,0,0,0,_
532,0,用户6990175990876,0,18,0,0,0,28,0,_
533,0,相伊,4,908,17,0,2,12880,0,_
534,0,孙,60,1386,847,3,3,153,0,_
535,0,繁华落幕,0,91,837,0,0,386,0,_
536,0,筹码,0,1878,14,0,0,1674,0,_
537,0,达爷,0,10,4,0,0,736,0,_
538,0,君不见,0,342,51,0,3,22248,1,QQ:1991405565_
539,0,羽凡,51,41,8,7,7,924,1,行走在欧洲的中国人！_
540,0,徐良,424,181,106,63,63,4260,0,_
541,0,一支天秀的牛奶糖,4,96,3,0,13,131,0,_
542,0,一生平安,26,156,5,6,6,32,0,_
543,0,（毓）,32,9,9,19,91,35,1,相濡以沫不如相忘于江湖_
544,0,道天,0,114,1,0,0,19,0,_
545,0,仅有De坚强,0,165,16,0,0,54,0,_
546,0,用油做炸弹💣,19,44,8,5,5,151,0,_
547,0,用户9446736967620,0,10,0,0,0,1397,0,_
548,0,.4,0,692,4,0,0,3292,0,_
549,0,辣家君、莫含766503167,1,443,1,0,2,2812,0,_
550,0,波仔,320,2634,156,89,90,38468,0,_
551,0,kar tos,3,30,3,1,1,12,0,_
552,0,平安快乐,560,13,36,8,8,889,1,好的关系一定是相互的_
553,0,ㅤㅤㅤㅤ,0,2225,30,0,0,11043,0,_
554,0,直接白给,3,785,8,1,1,1022,0,_
555,0,用户6646586631611,0,5,0,0,0,0,0,_
556,0,错觉,4,1079,9,1,1,11179,0,_
557,0,xiuxiu,20,73,26,8,8,4334,1,爱你不需要解释_
558,0,点燃，那抽不完的寂寞,23,403,29,2,7,1133,0,_
559,0,陌情,0,374,1,0,0,3044,0,_
560,0,专业抬棺,0,1472,10,0,0,10889,0,_
561,0,辉子,463,159,49,22,24,0,1,有一颗热爱汽车的心！喜欢大排自吸，冷门，性能，经典车！以车会友，专注精品，宁缺毋滥。认认真真做事，踏踏实实做人。_
562,0,赵信 、,77,247,21,2,2,0,0,_
563,0,Messiii,0,114,0,0,1,266,0,_
564,0,河南最温柔的男人,1902,103,130,7,8,1943,1,想不到的文案vx15565899139_
565,0,郑景一,0,184,3,0,0,112,1,行为既人品 小众既风格🧸_
566,0,Ace.gl,0,2,0,0,0,11,0,_
567,0,Ty～,0,810,83,0,0,2913,0,_
568,0,罗茨风机|回转风机,191,1889,424,11,20,0,1,三叶罗茨鼓风机/回转风机罗茨真空泵/密集风机  水产养殖增氧机@      污水处理曝气@  面粉，电镀…气力输送罗茨风机维修保养  联系方式:15165082228_
569,0,蔵家军~猫爷,294,2755,963,0,0,0,0,_
570,0,弥猫深巷°,0,180,19,0,0,0,0,_
571,0,呆,0,98,0,0,0,5276,0,_
572,0,用户585881899029,0,83,2,0,0,154,0,_
573,0,..,0,4993,24,0,0,0,0,_
574,0,🍓 草莓🍓 ,0,770,4,0,0,93,0,_
575,0,泷,0,375,2,0,0,1748,0,_
576,0,阿泰尔,2,1786,9,2,2,9507,0,_
577,0,一塌糊涂,0,40,12,0,2,24080,0,_
578,0,爱吃猪蹄儿的老男孩,68,114,51,3,3,32,1,第一次刷抖音_
579,0,空白,44,101,43,9,9,868,1,留不住的，就用力扔远点！_
580,0,難山.易改,8,134,10,2,2,892,0,_
581,0,北风,0,217,6,0,0,3813,0,_
582,0,宝哥？？？？,509,684,1124,9,9,29863,0,_
583,0,雨泽ゾ,43,3237,218,7,7,11079,1,我命由我，不由天_
584,0,用户4292572903952,25,28,5,7,25,117,1,只会听不会唱的五音不全少年_
585,0,V5峰,7,106,10,1,1,2191,0,_
586,0,池文颉,0,107,0,0,0,131,0,_
587,0,Mr.漆,38,1124,71,6,6,2720,1,简介过于个性，无法显示_
588,0,林木森,0,857,5,0,0,5157,0,_
589,0,乡村老表行,17,46,7,13,13,10,1,在城市和乡村之间选择一个合适自己的生活_
590,0,用户4643859573147,0,27,0,0,0,1751,0,_
591,0,⁽⁽ଘ小可爱ଓ⁾⁾,7,3550,23,1,3,25292,0,_
592,0,在不回头,0,49,811,0,0,0,0,_
593,0,RaySoul,0,233,25,0,0,1118,0,_
594,0,专业团队,211,212,46,26,27,492,0,_
595,0,给爷死。,0,79,0,0,0,391,0,_
596,0,渣渣,0,128,3,0,0,795,0,_
597,0,J阿🐬,0,228,93,0,0,1447,1,永 不言败，勤 于热爱！_
598,0,人生♀若只如初见,0,3,0,0,0,4,0,_
599,0,知你所思所想,0,429,3,0,0,390,0,_
600,0,我正好喜欢❤️,4386,675,507,63,75,5914,1,找回7号梦想_
601,0,ofo共享单车,0,1876,6,0,0,26,0,_
602,0,Searoc,2,70,17,1,1,0,0,_
603,0,源,9,36,24,1,1,46,1,🐬🐳🐠_
604,0,Mi manchi,0,58,3,0,0,270,0,_
605,0,蹄朝西的白龙马,0,48,84,0,0,0,0,_
606,0,Satan,0,18,1,0,0,104,0,_
607,0,用户5197472988382,7,119,7,3,3,9263,0,_
608,0,若阳丶,71,28,15,19,28,376,0,_
609,0,周刚旭,0,578,5,0,0,1623,0,_
610,0,꧁小🐟꧂,40,399,14,6,8,18540,0,_
611,0,....,0,699,2,0,0,3037,0,_
612,0,皞,192,589,173,0,0,0,0,_
613,0,143.2W人,0,0,0,0,0,1668,0,_
614,0,长孙浅雪,0,1635,24,0,0,10,0,_
615,0,不出意外的话,0,90,31,0,0,9378,0,_
616,0,河南胜德防水科技有限公司,206,266,138,26,26,295,1,胜德防水专注于房租漏水渗水问题，以质求存，匠心制造，关注我专业解答您的各种防水问题_
617,0,吊打臭妹妹,0,207,6,0,0,163,0,_
618,0,批发+回收17309995557,0,68,8,0,0,31,0,_
619,0,秦小六,0,480,31,0,0,0,0,_
620,0,曼陀奈落时,29,2028,74,1,1,0,0,_
621,0,新秀路亚,189,287,34,15,15,3681,1,一个钟爱路亚，常徘徊在打龟边缘，走头无路时，决定开黑坑，从此不再打龟😂😂😂😂😂_
622,0,遁入空寂,6,255,20,1,2,4917,0,_
623,0,yang💋,0,18,13,0,0,0,0,_
624,0,林,0,245,10,0,0,0,1,😓_
625,0,A薄情,0,3776,31,0,0,42518,0,_
626,0,张思学,0,715,30,0,1,15073,0,_
627,0,hello,0,300,5,0,0,1456,0,_
628,0,訷,0,105,4,0,0,653,0,_
629,0,红鲤鱼与绿鲤鱼，,142,1498,76,21,152,0,1,谈恋爱那么累，每次都谈不好，不如直接结婚吧😄_
630,0,墨.L,0,552,4,0,0,1690,0,_
631,0,大鱼💋小鱼,131,40,22,13,13,226,0,_
632,0,陈八一,427,289,130,10,10,407,1,：我行我素的绘画抖主🎨_
633,0,曾经沧海难为水,4,85,2,2,2,340,0,_
634,0,今夜无眠我在想你,0,297,2,1,1,358,0,_
635,0,qzuser,0,104,3,0,0,604,0,_
636,0,子衿.,0,45,0,0,0,55,0,_
637,0,Q,0,58,30,0,0,193,0,_
638,0,张妥妥,0,183,9,0,0,2276,0,_
639,0,小妖,0,4295,3,0,0,6134,0,_
640,0,点点～,15,39,15,2,3,2872,0,_
641,0,可爱已经准备就绪,0,528,14,0,0,732,0,_
642,0,用户6938700064446,0,49,7,0,0,430,0,_
643,0,RIKIN,0,37,1,0,0,0,0,_
644,0,Glorious,0,96,1,0,0,43,1,止于至善_
645,0,EAIBA,0,565,63,0,0,1529,0,_
646,0,阿繆繆,1,3168,37,0,1,3405,0,_
647,0,铭（13）,3,340,8,1,1,4313,1,🔥：點贊/關注/留言？🔥：愛卡點😂🔥：以上的你都做我會有跟多視頻_
648,0,约定,0,1324,49,0,0,11335,0,_
649,0,雨大爷,0,226,21,0,0,694,0,_
650,0,用户6849346863660,0,1072,22,0,0,3009,0,_
651,0,Mr.丁,140,155,77,14,14,123,1,先施工后付款，验收满意再付款！！！_
652,0,迷途,28,155,18,4,4,1063,1,告诉她，我爱她_
653,0,剧痛,0,126,3,0,0,458,0,_
654,0,☆烟瘾少年☆,0,48,3,1,1,293,0,_
655,0,香港水之初,13,41,3,2,2,665,0,_
656,0,无邪ღ᭄ꦿ࿐,0,1043,3,0,0,4213,0,_
657,0,董嘉辉,48,2405,27,1,1,624,0,_
658,0,江南小飞侠,22,561,5,12,12,0,1,🏀👔图片➕VXzhehuoshiwuyanzhu_
659,0,潮兒,0,39,11,0,0,221,0,_
660,0,V,2,266,20,0,0,0,0,_
661,0,回关教你减脂瘦方,40,384,667,1,5,1731,1,回关教你健康减脂瘦身⚡️⚡️⚡️爱生活爱自己❤️❤️❤️教你怎么吃瘦_
662,0,陈深深,28,1420,27,6,6,904,0,_
663,0,libai3323,203,4034,40,3,3,34479,0,_
664,0,用户1900383148279,0,133,0,0,0,14,0,_
665,0,潇洒二哥,0,185,20,0,0,715,0,_
666,0,嘻哈哈。,0,15,0,0,0,135,0,_
667,0,用户4405761164011,0,196,0,0,0,52,0,_
668,0,Mr。Zhang,39,2456,66,2,2,0,0,_
669,0,大猩猩,0,298,26,0,0,0,0,_
670,0,随便,0,370,23,0,0,4413,0,_
671,0,用户661233809816,0,52,1,0,0,1034,0,_
672,0,联盟埃里克(Eileke),940022,260,14594,157,157,1083,1,LOL不是收藏游戏吗😉游戏玩儿的不咋样皮肤倒是不少🤷‍♂️_
673,0,一只大懒猫呀,0,7,1,0,0,8,1,岁月如风，身随心动_
674,0,吴佳旭,5,764,22,1,1,2661,0,_
675,0,爨,517,117,113,40,107,2975,0,_
676,0,用户76551558378,1,300,2,0,1,380,0,_
677,0,狗娃,1,5,4,0,0,890,1,宁可成魔屠天下！不愿成佛渡世人！_
678,0,啥也不是☺️,0,154,2,0,0,6507,0,_
679,0,1122334,0,161,50,0,0,681,0,_
680,0,晓灬琉璃,0,99,2,0,0,151,0,_
681,0,╭长不出来的树苗づ,4,53,13,1,1,24805,0,_
682,0,我的心、你可曾读懂  ？,1344,14,399,42,42,0,1,你钱包里面的钱怎么卖？_
683,0,Misguided,0,2081,52,0,0,31231,0,_
684,0,quy,0,616,4,0,0,447,0,_
685,0,嚼不动的奶糖,0,507,0,0,0,2226,0,_
686,0,魔王阿义,8,133,0,1,1,244,0,_
687,0,啥名都取不了?duan,0,152,0,0,0,0,0,_
688,0,杠精大队长,23,2003,35,4,6,555,1,奥利给！_
689,0,chung,0,202,58,0,0,6,0,_
690,0,十年饮冰难凉热血,0,1710,35,0,0,2850,1,人情冷暖，世态炎凉_
691,0,吃瓜群众,0,83,1,0,0,278,0,_
692,0,大思易失爱,0,13,10,0,0,0,0,_
693,0,哄夫人睡觉觉,0,236,5,0,0,1333,0,_
694,0,錵開や落幕か,47,388,59,4,10,3669,1,故事简单满是遗憾🥴_
695,0,喜欢改装车的令狐冲,14,858,37,2,2,893,0,_
696,0,lovufg^_^,452,314,97,26,32,12250,0,_
697,0,VCg,2,1633,17,2,2,6540,0,_
698,0,那个男人,4,41,51,1,3,196,0,_
699,0,吴先生👩‍👩‍👧‍👦,4,28,2,5,5,13,1,人的终极目的不是生命的本身，也不是财产本身，而是自由。_
700,0,judy.judy,20,806,31,3,4,29499,0,_
701,0,夜空中最亮的星。,15,1211,40,2,2,13486,0,_
702,0,cindy,0,16,0,0,0,21,0,_
703,0,不信瑶不传瑶,0,635,8,0,0,1959,0,_
704,0,和尚洗頭用飄柔,0,757,6,0,0,2764,0,_
705,0,三清゜,31,516,9,0,1,15139,0,_
706,0,满满正能量i,0,278,4183,0,0,211,1,正能量在喜欢列表里 有正能量也可以踢我一下哦_
707,0,白叶白,0,207,1,0,0,4103,0,_
708,0,哈哈😄,49,2079,23,9,12,4689,0,_
709,0,♚　瘾°,0,818,35,0,0,9488,1,我会逆风盼盼，但我也会小样而生_
710,0,계속사랑,0,1453,6,0,0,15736,0,_
711,0,崽种没名字了,0,281,5,0,0,388,0,_
712,0,Fairy♡,12,758,12,4,4,7511,1,你的晚安可以媲美整个星空♡_
713,0,穆纪瑶,4,154,9,2,2,0,0,_
714,0,Ace(╭☞•́⍛•̀)╭☞,0,510,10,0,0,1013,1,不哭不闹，面带微笑。_
715,0,老大      宝哥,0,202,8,0,0,0,0,_
716,0,＆闪耀(☆_☆),15,887,12,15,15,23164,0,_
717,0,易仔,0,702,19,0,0,112,1,你懂我奇奇怪怪，我懂你可可爱。喜欢就关注一下。每天发有趣的东东🎉✨✨_
718,0,大嘴吃肉,0,51,1,0,0,5947,0,_
719,0,Tlg,0,590,8,0,0,3216,0,_
720,0,恁,0,663,8,0,0,0,0,_
721,0,中国驰名沙雕,0,16,0,0,0,1,0,_
722,0,不要叫我帅哥,9,103,37,2,2,147,0,_
723,0,我命由我,0,326,4,0,0,13132,0,_
724,0,丰月田,0,17,10,0,0,0,0,_
725,0,Spirilla.,0,2081,1,0,0,6347,0,_
726,0,那确实,0,314,4,0,0,1676,0,_
727,0,悱色 劍雨,1,313,2,2,2,334,1,好像把人生翻到最後一頁 看看陪我走到最後的那個人是誰_
728,0,无知,0,445,6,0,0,6157,0,_
729,0,左先生1l,6,72,31,1,1,205,0,_
730,0,阿弟,0,365,1,0,0,418,0,_
731,0,彼岸,0,208,30,0,0,117,0,_
732,0,狐龙独啸,4,78,2,5,5,447,0,_
733,0,沐白.,0,61,8,0,0,1486,0,_
734,0,A青春与你,0,364,14,0,0,2063,0,_
735,0,人间野格,0,421,36,1,1,1155,0,_
736,0,Alone.,0,1205,31,0,0,0,0,_
737,0,等    忍    期,0,10,0,0,0,17,0,_
738,0,倾尽我所有╮,0,2450,6,1,1,36577,0,_
739,0,kennen,0,787,4,0,0,1736,0,_
740,0,爱情无承诺可言,9,1511,4,9,9,1920,0,_
741,0,̶♡̶等̶风̶归̶,0,108,0,0,0,7,0,_
742,0,阿归慕,0,391,1,0,0,992,0,_
743,0,Biubiubiu,0,39,9,0,0,98,0,_
744,0,@~~~~~@,2,201,15,0,3,3139,0,_
745,0,王宇哲,3,4271,29,0,2,6434,0,_
746,0,云裳,19,608,43,1,1,37678,1,愿你三冬暖！愿你春不寒！_
747,0,GozVN,0,54,1,0,0,158,1,Hello I’m from VietNam:3_
748,0,不渡。,0,4940,90,0,0,10171,0,_
749,0,不用，挽留,0,1398,2,0,0,820,0,_
750,0,站点等不说,12,2301,24,0,0,0,0,_
751,0,路边系列,0,300,17,0,0,0,0,_
752,0,红的,0,472,4,0,0,10944,0,_
753,0,L,0,49,2,0,0,637,0,_
754,0,麦克斯啊啊啊,0,31,3,0,0,24,0,_
755,0,随风飘荡自我陶醉,198,64,27,10,10,181,1,能一起开心。咱就一起开心不能一起开心。咱就各自开心。 总之开心就好。_
756,0,光远爱地球,74,1235,126,8,10,15928,1,人民的勤务兵。_
757,0,realiy,0,61,0,0,0,5588,1,该消失时候就消失的彻彻底底_
758,0,2弟,0,46,0,0,0,900,0,_
759,0,w涵,0,819,12,0,0,1840,0,_
760,0,我的.,63,284,42,7,7,2434,1,世界和平_
761,0,用户2405818305360,0,43,1,0,0,265,0,_
762,0,别,0,145,9,0,0,520,0,_
763,0,三叶,0,124,17,0,0,2702,0,_
764,0,-,0,20,9,0,0,6,0,_
765,0,黑猫警长,11,180,85,3,3,1090,0,_
766,0,en,1877,317,90,6,6,3048,0,_
767,0,王路易,9,277,9,5,5,451,0,_
768,0,Mazhiwei,40,21,19,7,7,450,0,_
769,0,小丸子的姐姐,21,60,11,8,8,43,0,_
770,0,拾灬忆,19,84,7,2,2,1162,1,来不及_
771,0,念-,18,1239,30,2,2,16851,0,_
772,0,京东何悦,0,30,53,0,0,143,0,_
773,0,流泪 de 天使,0,94,23,0,0,307,0,_
774,0,廊桥遗梦,0,164,3,0,0,388,0,_
775,0,信仰,0,440,48,0,0,5413,0,_
776,0,墨辰,7,23,13,0,0,0,0,_
777,0,😏,5,10,10,1,1,141,0,_
778,0,神丶筱筱,0,7,1,0,0,3,0,_
779,0,大湿兄,0,166,4,0,0,1019,1,神  生于人心，灭于人性_
780,0,酸 ,52,147,33,7,7,766,0,_
781,0,阿力酱哦,0,1805,8,0,0,2190,0,_
782,0,乱世,13,345,45,1,1,746,0,_
783,0,张倚源,4,181,1,4,4,188,0,_
784,0,南染竹.清风,6,2216,55,2,2,8388,0,_
785,0,导演，我躺哪？,2089,144,160,27,27,0,1,美国人拍戏，范围波及全球，耗资巨大；中国人拍戏，贯穿上下五千年，都是历史；韩国人拍戏，最多不出5环，显得穷酸；日本人拍戏，就在家里，深受全球人喜爱......_
786,0,心动*,0,19,2,0,0,44,0,_
787,0,泽,0,16,14,0,0,23278,0,_
788,0,ThanhDuong,0,487,10,0,0,1602,0,_
789,0,回忆成殇,0,243,20,0,0,20497,1,waiting for love_
790,0,武汉世红承信出国留学咨询有限公司,2,285,44,0,8,2653,1,武汉世红承信是依托香港保诚腾龙团队的一家华中售后保险服务公司，公司经营范围有境外保险，出国留学，海外信托，海外房产的一家咨询公司！_
791,0,心机崽.,0,181,10,0,0,1796,1,ai_
792,0,汀汶,20,316,22,4,4,27143,1,只有你主动我们才能交朋友_
793,0,Takahashi Keizuke,17,19,1,3,3,746,0,_
794,0,🌈吴士奇乄嗷呜～,12,237,123,3,8,0,1,有对象，别撩，不想吃大嘴吧子_
795,0,姜宝宝,249,194,79,22,31,3455,0,_
796,0,拾柒わ,0,265,1,0,0,546,0,_
797,0,你送我的风景！,99,719,96,8,11,11688,0,_
798,0,佳男GG,108,272,64,8,9,64,0,_
799,0,Plut,0,885,15,0,0,773,0,_
800,0,天城~,68,15,22,12,12,59,1,初来乍到，多多关照_
801,0,咸鱼是菜鸡呀,0,1125,14,0,3,4378,0,_
802,0,小普,261,207,246,10,11,3072,0,_
803,0,青🐍蛇,111,187,67,7,7,337,1,害！啥也不是！_
804,0,用户2903176257488,0,87,0,0,0,0,0,_
805,0,善良.,2,181,4,2,2,20843,0,_
806,0,Wound,0,1803,20,0,0,0,0,_
807,0,用户7070543798236,0,1520,1,0,0,1274,0,_
808,0,星空物语,0,534,12,0,0,754,0,_
809,0,用户756125344904,0,995,0,0,0,3269,0,_
810,0,欠宠,0,5001,59,0,0,38917,0,_
811,0,超级喜欢李💖,1,38,3,9,9,34,1,如果快乐太难，那我祝你想哭就哭。_
812,0,蟹小冰,0,83,4,0,0,17,0,_
813,0,星期八的25点61分,26,145,25,3,3,0,1,自我介绍我18_
814,0,张迷弟,0,77,0,0,0,102,0,_
815,0,男男小姑娘,83,9,44,10,11,20,0,_
816,0,cake,0,5,0,0,0,2,0,_
817,0,ㄑ 流年.4ツ水 .,1,158,35,0,2,2241,0,_
818,0,余生还那么长,196,586,233,4,4,2810,1,别忘了，双击加关注哦！_
819,0,果儿,0,128,4,0,0,321,0,_
