0,0,二逼青年欢乐多,20,172,8,0,0,0,0,_
1,0,南城荒芜,0,66,0,0,0,348,0,_
2,0,贩星崽·彤☆,0,1102,30,0,0,30860,0,_
3,0,敏吖.,436,62,106,21,21,0,1,永远记得过去，也永远记得向前走！_
4,0,嗯ヽ(○^㉨^)ﾉ♪,0,1132,3,0,0,1015,0,_
5,0,团子哟,0,1251,10,0,0,345,0,_
6,0,聪聪,0,339,11,0,0,0,0,_
7,0,嘟嘟,14,4288,20,3,3,6429,0,_
8,0,通通女友,152,848,60,0,0,12780,1,自律干净积极向上🎡_
9,0,冯阿哥,245,282,86,78,78,408,1,认真比聪明更重要_
10,0,用户920286,21,300,8,8,9,6335,0,_
11,0,♡~●～●～●biu~,15,323,23,2,2,0,1,(ฅฅ*)♡⋐(ల◕◡◕ల)⋑_
12,0,抓昕昕吧～,1488,66,65,192,194,1238,1,我  闺蜜《抓圆圆吧！余逗逗，仙女漂亮呀！！牛奶🐮雪雪》很开心很快乐@_
13,0,涑.,5,4882,91,0,1,17992,1,一佰零壹._
14,0,爱自己多一点,190,1185,79,14,19,3156,0,_
15,0,啦,2,175,6,1,1,657,0,_
16,0,军阀,0,40,0,0,0,917,0,_
17,0,彤  ☜ sir,0,362,5,0,0,7494,1,感谢抖音官方_
18,0,。不知道怎么办了,0,38,0,0,0,155,0,_
19,0,用户484089759226,0,192,0,0,0,5,0,_
20,0,涛涛涛涛涛涛的我,0,65,3,0,0,27516,0,_
21,0,胭脂泪,0,43,8,0,0,1121,0,_
22,0,hero,0,200,2,0,0,8070,0,_
23,0,张杰的女孩,22,3824,28,11,18,0,0,_
24,0,陸敔軒NeroDeMessie,0,4195,0,0,0,0,0,_
25,0,💖龙果味＾･･＾就是你！💕,124,3815,55,26,27,5565,0,_
26,0,杨柳吖,5,10,3,1,1,1998,1,林彦俊的Evanism~NINEPERCENT爱你们呦~迎接属于你们的时代乌龟壳❤️❤️❤️_
27,0,妞妞是妞妞,0,1152,5,0,1,24,0,_
28,0,ʚ🐰ɞ💕备注胡宸祎,0,495,443,0,0,0,1,🌼✎ℳ๓胡宸祎ꎁ💕ʕ •ᴥ•ʔ୧⍤⃝🧸           正在播放  《关于小熊》                  ━━━━━━───────         3:47      ⇆      ◁      ❚❚      ▷_
29,0,天山雪莲,1864,499,87,305,354,6440,1,交友随缘苦乐随行，糊涂一点海阔天空。朋友开心幸福安康🍎🍎🍎🍎🍎🍎工作顺利吉庆有余🙏🙏🙏_
30,0,夏始夏末夏不离133,0,23,0,0,0,313,0,_
31,0,柠檬精灵,9,766,9,3,4,869,1,我是一个独立的女生哦！_
32,0,宇哥,24,142,63,0,0,0,0,_
33,0,爱看三体的张少,0,402,52,0,0,25,0,_
34,0,柠檬℃,0,221,0,0,0,1405,0,_
35,0,꧁南༒九ྀ꧂,29,739,24,2,4,29285,0,_
36,0,彩虹✨,0,394,2,0,0,0,0,_
37,0,曹工仔,0,291,78,0,0,0,0,_
38,0,借染ljk,0,964,36,0,0,2608,1,和平精英风云战队 副队长林枫_
39,0,☞钟情大哥♡☜,0,988,42,0,0,0,0,_
40,0,寒雪（拒聊）,10709,1600,1051,267,278,21273,1,重生的我对生活要学会善待自己，所有的种子，破土而出的时候，不会去多想，遇到的是风雨，还是阳光 ...它只知道：向上，向上，再向上，最终开花结果！所以：我也要像种那样……不愿迈开前行的脚步，就无法到达最美的远方；不敢放下眼前的安逸，终究无法得到永久的安稳。唯有一步步走出自我的小天地，去开拓人生的大舞台，我们才能活得出彩。_
41,0,迷你世界~~星河&深梦,34,60,9,13,13,440,0,_
42,0,香香,0,275,15,0,0,459,0,_
43,0,初冬°,0,41,6,0,0,0,0,_
44,0,醉了你就仰天笑,172,1299,78,13,214,5651,1,想笑就笑吧！！！_
45,0,铁血狮王,83,500,50,16,123,3342,1,城市之光赛罗奥特曼_
46,0,无语,0,946,3,0,0,1984,0,_
47,0,久绊,18,36,9,2,2,3016,0,_
48,0,Lily姐姐,17,784,20,4,4,3417,1,情不敢至深，恐大梦一场。卦不敢算尽，畏天道无常。_
49,0,嘻嘻,0,901,2,0,0,1672,0,_
50,0,💅夏末🌹🌻🍎,2948,4832,487,0,0,0,0,_
51,0,389w人,0,678,12,0,0,11679,0,_
52,0,是汐汐吶.,0,28,2,0,0,138,0,_
53,0,可爱的土拨鼠,3,946,8,3,3,451,0,_
54,0,快乐星球.,0,46,0,0,0,54,0,_
55,0,马泽瑞FCL工作室,6,1307,18,3,3,2343,0,_
56,0,浅夏安然,651,1325,59,18,103,5117,1,😘挚爱猴紫一个。_
57,0,用户5265663444375,0,172,0,0,0,520,0,_
58,0,快乐的亿万富翁,1536,89,169,16,16,906,1,你不会吸取教训 你不要命_
59,0,辰ya,306,4721,285,13,13,0,1,一位和平精英新人请大家多多关照这里是九指辰ya要与我一起玩的，私信我，我不是很强但我也不弱300粉报姓500粉删迷你700粉开启挑战(你说我做，只限和平)1000露脸好了，拜拜_
60,0,苏晓勤,0,1132,28,0,0,11411,0,_
61,0,小章鱼,0,1618,6,0,0,18499,0,_
62,0,微微一笑,1,1046,18,1,1,7400,0,_
63,0,听雨祭梦℡,0,2646,24,0,0,17384,0,_
64,0,,0,619,4,1,3,3896,0,_
65,0,劉依依0323,0,4095,6,0,0,2115,0,_
66,0,用户5995609415328,0,773,0,3,3,1641,0,_
67,0,丑剧,76,35,45,5,5,408,0,_
68,0,ৡৢﺴﻬ慕ღ兮ﺴﻬৡ,0,918,24,0,0,2862,0,_
69,0,痴儿张骥骥,31,471,14,7,8,5386,1,在对的生活中，找对了自己爱的人。_
70,0,鶴歸雲🍂,7,236,12,2,2,3737,0,_
71,0,DJX.,134,55,89,3,3,0,1,曾经志在四方少年羡慕南飞的雁._
72,0,悲 觀 主 義 者,37,3581,9,16,16,10677,1,Ms. Lin .殷 戈_
73,0,陌璃阁的猫头鹰(｡･ω･｡)ﾉ♡,85,182,6,5,5,5417,1,发射一颗糖，每天都甜～(￣▽￣～)~_
74,0,子逊,4,490,9,1,1,5700,0,_
75,0,随风,0,109,0,0,0,7,0,_
76,0,呼@_@吸,814,2200,119,75,75,0,1,之恒如月_
77,0,minecraft凉音~,2,747,3,3,3,206,0,_
78,0,🦄healer🦄,0,2480,14,0,0,3894,0,_
79,0,屎屎,12,141,22,1,1,0,1,By my self._
80,0,我好哇塞@!,0,3508,43,0,0,23573,1,悄悄的我吃了，正如我悄悄地胖，我睡了个懒觉，却带来一片脂肪。_
81,0,用户4629694425972,0,210,1,0,0,1019,0,_
82,0,吥厸吥厸！,17,125,20,6,6,185,0,_
83,0,久了，久了#就旧了／,0,723,49,0,0,4500,0,_
84,0,湖人总冠军🏆🏆,0,2292,51,0,0,0,0,_
85,0,小轩轩,0,979,4,0,1,1167,0,_
86,0,孤浪382（已黑化）,67,2098,23,0,0,0,0,_
87,0,Ca. cr. Trova,0,226,63,0,0,81,0,_
88,0,夜空,0,84,4,0,0,1127,0,_
89,0,王泽鑫,7,138,10,3,3,5372,1,喜欢玩王牌战士和穿越火线王者荣耀_
90,0,欢乐驿站,53,883,179,14,14,1018,0,_
91,0,Delete.,49,1073,25,4,4,39509,1,..._
92,0,*H☆*★Grl*,0,262,31,0,0,1848,0,_
93,0,Devil from heaven.,0,61,0,0,0,3228,0,_
94,0,用户7638510039813,2,1392,10,0,2,1665,0,_
95,0,伊宝,0,332,12,0,0,11456,0,_
96,0,夢想少年,0,2296,24,0,0,30371,0,_
97,0,佛公子,1777,233,374,93,93,1684,1,用我三生烟火换你一世迷离_
98,0,躁郁,22,5000,40,2,2,8617,1,身高185，体重185不是胖子，爱篮球🏀，喜欢库里，一🐶_
99,0,还述,38,44,25,6,6,9437,0,_
100,0,挽回一切,2,726,16,0,2,1288,0,_
101,0,卤蛋晖,0,78,1,0,0,4071,0,_
102,0,德云女孩张九龄,0,53,0,0,0,647,0,_
103,0,用户5356976589699,0,26,2,0,0,2948,0,_
104,0,人上人,0,221,1,0,0,4807,0,_
105,0,—W,2780,595,393,199,201,0,1,生活，一半烟火，一半清欢幸福，一半争取，一半随缘人生，一半清醒，一半释然_
106,0,锦奶💅南曦（苏宇莺）,2038,3178,1626,8,8,8299,1,一生一世一嘉人，此生不负任嘉伦。_
107,0,"时光不染,回忆不淡",2579,3215,2332,1,1,8593,1,让一个女人成熟，不是她的年龄，而是她的经历。v13797648672_
108,0,仙有点困,189,1047,114,18,18,2793,1,做人如果没有梦想，那和咸鱼有什么两样？_
109,0,绿油油的三叶草(PVZ家族👀)加玖家,618,1344,132,110,110,8876,1,马琛轩_
110,0,杨清梅,0,1002,4,0,0,186,0,_
111,0,团子🍡,19,223,51,4,6,28641,0,_
112,0,可爱宝贝,0,849,6,0,0,854,0,_
113,0,闺英闱秀,0,265,3,0,0,548,0,_
114,0,洪荒少女（立大白）《芽家》,261,2210,60,43,43,15774,1,只爱……闺蜜……朋友聪聪玩樱花🌸玩迷你迷你号：891949090金牛座5月5曰生日大名王佳怡我没有爱过自己呀！也没有爱过别人。_
115,0,皮卡丘-初夏,3,395,9,1,1,1893,1,我为我伤心是_
116,0,银川霖越水产店,8134,270,2002,308,310,0,1,得之坦然 失之泰然_
117,0,夜华，白浅,184,699,31,80,80,5632,0,_
118,0,快乐一生,11895,4983,3614,149,149,2043,0,_
119,0,已耗尽温柔💔,199,227,87,30,41,927,1,可能从你身上让我知道啥叫个伤好吧，放手放过自己今后……😂😂😂我怕再出不来了💔💔💔💔_
120,0,一笑泯恩仇,246,113,108,41,41,1610,1,若雨霏霏终满我心_
121,0,已重置,3,322,43,1,2,104,0,_
122,0,家和万事兴,10,176,6,3,3,502,0,_
123,0,heixiaohuo,2,223,19,1,1,1,1,王少峰_
124,0,淡淡,894,115,171,95,130,0,1,😄_
125,0,手机用户58573777553,0,1703,9,0,0,3093,0,_
126,0,Krystal0720,7,206,4,1,1,1725,0,_
127,0,你最珍贵,48,30,22,8,8,144,1,真诚相待 认真生活_
128,0,Marzo,5,1208,34,3,3,468,1,钢琴演奏硕士_
129,0,练习，,82,179,30,0,0,0,0,_
130,0,唐嫣的小迷弟,0,475,48,0,0,1402,1,人海里寻找你_
131,0,🌸,87,34,33,19,19,8792,1,Big sun_
132,0,🌻十八,0,6,0,0,0,0,0,_
133,0,丛林狼,3,29,23,3,3,116,0,_
134,0,用户5421803947938,4,29,27,1,1,35,0,_
135,0,😒😒😒😒,254,120,45,0,0,0,0,_
136,0,加蓝的巧克力,0,94,2,0,0,35,0,_
137,0,Y.一缕阳光入心。,276,45,48,2,2,29,0,_
138,0,平遥【短视频编导】,89,68,72,2,177,380,1,再难也要坚持，再好也要淡泊，再差也要自信。_
139,0,不辜负每一场相遇,93,392,18,21,22,21965,0,_
140,0,Moon,0,89,2,0,0,0,0,_
141,0,G辉,0,369,4,0,0,11,0,_
142,0,未来优品,5588,108,688,21,21,0,1,💋亲爱的，你真漂亮！关注我，来给我撑撑场面吧！💋亲爱的，你身材真好！来我直播间，漂亮的衣服我已经给你准备好了！(每晚八点直播)💋亲爱的这是售后V❤️L13403694558_
143,0,ALLEN🚀🇨🇳🇨🇳,4,186,9,1,1,59,0,_
144,0,末路,0,26,20,0,2,617,0,_
145,0,Mr、Liang,0,94,14,0,0,68,0,_
146,0,萍,961,287,95,63,64,23845,0,_
147,0,发伍🌚,0,126,2,0,0,6,0,_
148,0,user8062782204966,43,56,9,6,6,658,0,_
149,0,劝你善良,0,552,12,0,0,0,0,_
150,0,用户7080431005469,0,1112,0,0,0,2185,0,_
151,0,彤宝,665,1046,273,243,243,1957,1,宝宝最棒_
152,0,@2479～,0,3,31,0,1,818,0,_
153,0,↣菜菜 💞,203,102,94,39,39,420,1,如有有幸与你白头，定不负你此生温柔……这话……_
154,0,霞^0^,94,574,44,19,19,861,1,努力做一个温暖的人，不骄不躁时时刻刻成为最好的自己，才能配得上最好的一切_
155,0,￠冰ω蝶爱ベ,14,157,57,1,1,34,1,轻倚时光的路口，静看花开。_
156,0,不想长大的任神经👻,0,59,1,0,0,39,0,_
157,0,学做饭,0,1559,44,0,0,267,0,_
158,0,用户8960213163408,0,819,3,0,0,2,0,_
159,0,牧鲜食材汇,0,217,45,0,0,0,0,_
160,0,局外人💚,0,57,6,0,0,0,0,_
161,0,用户9216064769799,0,16,0,0,0,49,0,_
162,0,天下无敌,6,27,2,9,9,383,0,_
163,0,曦曦妈妈,0,998,7,0,0,2334,0,_
164,0,C,12,226,45,6,6,2029,0,_
165,0,识云情,2,29,4,0,0,0,0,_
166,0,无言~卡卡,12,3044,44,1,1,20293,1,迷你MC我站中立🙃🙃🙏给我一个关注一个赞🙏想找个师傅，教我有意愿者加我迷你号：368764364_
167,0,Luo Chule,33,573,11,18,18,9957,0,_
168,0,YHaiYuan_,0,12,6,0,0,19,1,酸酸甜甜的放肆情人_
169,0,北港初晴う,48,1688,41,8,8,5148,0,_
170,0,用户1690922663217,0,12,1,0,0,0,0,_
171,0,💋孤芳自赏,2766,599,242,42,43,2466,1,🔥生活，谁不是一边泪流满面🔥一边咬牙坚持🔥你会遇到一些很难熬的瞬间🔥但在日后的某一刻🔥当你再次回忆起那段经历时🔥或许也会发出“不过如此”的感叹。🔥希望每一个在外打拼的你都能好好照顾自己。🔥希望你沮丧过后还有勇气向更远的未来出发。_
172,0,宝贝hie,0,39,6,0,0,98,0,_
173,0,大磊哥,0,149,53,0,0,664,0,_
174,0,🙈🙈疯一样的女子,244,96,55,29,30,3334,0,_
175,0,农民薄博,27,251,91,3,11,362,0,_
176,0,An👄👄👄,2084,312,2170,20,20,351,1,女人不要培养一个省钱的脑子           而是培养一个赚钱的胆子_
177,0,娟,215,103,28,118,119,12105,0,_
178,0,Blue tear,22,99,22,8,8,457,1,20岁后，哪有什么非爱不可的男人，自己好好过日子，过得开心不就好了吗？_
179,0,小豆包,0,145,8,0,0,0,0,_
180,0,无梦,0,4,0,0,0,28,0,_
181,0,小柔,0,139,12,0,0,228,0,_
182,0,快乐娜宝,2942,166,192,119,119,3034,1,我就是我，不一样的胖妹子！_
183,0,小泽怎么办,48,670,137,3,3,0,0,_
184,0,我滴个三呐ж,0,864,38,0,0,0,0,_
185,0,用户83234031728,0,14,14,0,0,46,0,_
186,0,Analie,0,1120,1,0,0,28,0,_
187,0,香草,554,347,136,14,14,2144,0,_
188,0,用户5536614468409,0,50,8,0,0,362,0,_
189,0,月上梅,8,1819,13,1,1,269,0,_
190,0,请叫我小马哥,215,267,87,34,61,1180,0,_
191,0,微笑是我仅剩的骄傲,73,168,51,7,7,1064,0,_
192,0,💋,226,72,58,22,22,263,0,_
193,0,心无界  行无疆,182,789,111,22,27,986,0,_
194,0,用户5165499365039,1,1093,5,1,1,60,0,_
195,0,艾莉家的小蒂尼,0,5,0,0,0,10,1,艾莉_
196,0,金豆,652,108,39,23,23,0,1,最怕和自己在乎的人慢慢变远变淡，变陌生的过程，真的是发自内心的疼。_
197,0,無顏麵覠,42,135,41,3,4,1906,1,说多了都是泪……_
198,0,🧜‍♀️……,11,20,13,2,2,6,0,_
199,0,用户3732371582620,6,2087,11,4,4,3464,1,袁玉瑞。_
200,0,阿静静静,8,64,28,0,10,2162,0,_
201,0,鹏哥,40,261,64,8,8,2533,0,_
202,0,用户38129589276,0,9,6,0,0,31,0,_
203,0,Mr.     薄荷,0,940,45,0,0,200,0,_
204,0,用户6465453805454,0,2109,13,0,0,18703,0,_
205,0,银川蓝胖子,18,12,23,4,6,0,1,虽然我很胖，但我可以旋转😄😄_
206,0,用户6362130650882,0,1546,3,0,0,121,0,_
207,0,淡雅,0,233,12,0,0,0,0,_
208,0,桃灼,18,1000,42,0,0,46707,0,_
209,0,戒/我不屑,223,270,63,24,24,557,0,_
210,0,Z.财,0,338,25,0,0,2237,0,_
211,0,Y✨,12,111,26,1,1,2946,0,_
212,0,岁月静好~,0,793,14,0,0,0,0,_
213,0,用户6736670022626,0,3,0,0,0,4,0,_
214,0,天目@hei,0,30,33,0,0,223,0,_
215,0,张兆佳和张蓝汐,123,830,28,23,24,1050,0,_
216,0,苟丽梅,36,831,51,3,3,3532,0,_
217,0,殷三岁,0,14,0,0,0,127,0,_
218,0,粥粥爱帅哥.🔱,705,60,168,15,15,1790,1,你问我有多爱你 大概就是 再遇见你一百次   也会沦陷一百次._
219,0,用户3380703483771,0,458,73,0,0,0,0,_
220,0,煜凡,0,882,23,0,0,816,0,_
221,0,若水,6,332,21,1,1,15309,1,我偏要毁了你的青山 断了你这绿水 我要你死 要你不得超生_
222,0,@  阿峰 🔚,20,93,14,2,2,4158,0,_
223,0,🍁,128,31,44,18,19,0,1,晚安这个词 好像变成了一种礼貌 睡不睡谁知道呢 反正话题是终止了_
224,0,半夏微凉,0,977,35,0,0,123,0,_
225,0,草莓甜心,131,289,34,23,23,1098,0,_
226,0,爆炸可爱,1996,148,252,112,113,0,1,比你好一万倍_
227,0,玉仁,711,616,102,189,191,1485,1,是山下地头的酸枣。心里红而酸甜。_
228,0,一个强壮的boy,5,298,5,0,0,0,0,_
229,0,什小喵,16,676,11,1,1,0,1,我在努力做着喜欢自己_
230,0,新👯新👯,0,902,10,0,0,1646,0,_
231,0,女学生老公,15,3,17,0,0,0,0,_
232,0,下一站，转角,15,93,24,2,3,225,0,_
233,0,感冒不吃消炎药,242,349,1290,9,10,0,1,佛系_
234,0,珍珠加满,4124,75,214,29,30,110,1,认真过夏天_
235,0,🐒,0,164,95,0,0,1587,0,_
236,0,沉默,13,42,31,1,1,0,0,_
237,0,无此人,106,160,53,7,7,8686,1,2479803237_
238,0,青木.,0,44,2,0,0,0,0,_
239,0,千年雪妖,31,336,77,7,7,3337,0,_
240,0,筱晨懿姿,32,57,15,11,11,89,0,_
241,0,植物女子,9,82,26,1,2,295,0,_
242,0,格林,140,239,17,26,27,81,0,_
243,0,一身正气,0,27,3,0,0,68,0,_
244,0,雨田,16,73,9,0,0,0,0,_
245,0,落烬不让撩,593,734,114,66,67,8921,0,_
246,0,用户600934344657,0,47,5,0,0,0,0,_
247,0,可爱超人强，笨蛋光头强,70,868,68,12,12,255,0,_
248,0,凯特。,15,404,6,12,12,379,0,_
249,0,山川,0,10,8,0,0,4038,0,_
250,0,橙子🍊,78,177,56,3,3,2936,1,QQ，3074586151_
251,0,托尼,0,1041,1,0,0,709,0,_
252,0,梅,2330,310,199,0,0,0,0,_
253,0,芬芬,7445,1213,363,436,539,0,1,现在初始体重148斤目标：瘦到120，请给我一点点鼓励吧☺️以后每天都会记录📝我的减肥过程🤨🤨_
254,0,吴家那根苗,446,434,92,53,57,1642,1,爱臭美爱运动爱撒娇爱疯玩就是不爱弹古筝的苗_
255,0,just、相依,71,23,59,10,23,8500,1,人生就是一次次幸福的相聚，夹杂着一次次的悲伤的分离，我不是在最好的时光遇到了你，而是遇到了你，才有这最好的时光_
256,0,皮卡皮卡皮卡丘。,45,1120,7,18,18,4867,0,_
257,0,少帥,60,58,40,8,8,0,1,汗血挥洒忠诚_
258,0,不：,0,298,0,0,0,57,0,_
259,0,八一年茅台,1245,3324,170,0,0,0,0,_
260,0,来来来,0,58,2,0,0,272,0,_
261,0,💏爱情海💏,18,3076,16,7,7,638,0,_
262,0,甜心baby^_^,7,320,14,1,1,29425,0,_
263,0,emmm,1,237,21,0,1,3175,0,_
264,0,@蘇馬惏,0,34,15,0,0,24061,0,_
265,0,时年。,281,519,2100,2,2,0,1,文能挂机骂队友武能千里送人头_
266,0,方片T先生,2,956,37,0,3,1599,0,_
267,0,璐璐宝,1361,106,82,147,150,0,1,这里是了璐璐宝的主页🌺🌷好朋友，安安，琪琪，煜煜，朱朱。月月🌹破壳日，2010.10.27🌻口号，山秀峰奇，多彩两溪🌸闺蜜:@琪琪宝_
268,0,一元游戏,15,37,2,7,7,1299,1,本人是一位小学生_
269,0,🌸好🌙圆,0,1951,20,0,0,2760,0,_
270,0,.。,38,31,24,0,0,0,0,_
271,0,小八月,717,622,197,75,75,1001,0,_
272,0,李 太白,1,65,2,1,1,567,1,新号，之前的号已注销_
273,0,微焦日记,126,162,15,139,139,14,0,_
274,0,😅夹心儿大鞭炮🤪,0,245,8,0,0,5463,0,_
275,0,🍿    蓝凯,84,1859,76,9,9,0,1,自律来自自卑的生活_
276,0,长谷部乔,6,180,2,8,8,4360,1,luminocity_
277,0,子非鱼，焉知鱼之乐,0,95,2,0,1,1640,0,_
278,0,王立,39,1277,8,0,0,0,0,_
279,0,南笙姑娘,84,330,101,2,2,9872,1,相思赋予谁  小辫儿张云雷人生那么长  想嫁杨九郎～_
280,0,甜甜甜甜甜sweet,77,403,31,18,18,12959,0,_
281,0,“蹦恰蹦恰蹦恰恰”,4222,263,238,239,240,2938,1,走自己开心的路 逗大家开心的音😄_
282,0,灵魂行者,11,3206,52,0,0,6749,1,无论喜悦还是酸楚，所有旅途，皆是礼物。_
283,0,蓝天白云你,8,232,10,0,0,15905,1,你想要开心 世界也会美妙_
284,0,晓红红,0,140,12,0,0,1014,0,_
285,0,星星藏进眼睛里,2,52,2,2,2,0,1,终身浪漫_
286,0,小小康,0,75,10,0,0,0,0,_
287,0,山河远阔,2,113,15,0,1,1678,1,太阳当空照_
288,0,念着倒才瓜傻,0,223,8,0,0,147,0,_
289,0,wk🌻、,33,85,87,1,1,550,1,❄️🌻、_
290,0,热巴宝贝,27,415,15,15,15,2630,0,_
291,0,且听风吟,1,125,12,0,0,11152,1,世界上最动听的情话不是“我爱你”和“在一起”，而是在我最脆弱的时候，你说“有我在_
292,0,酒窝没酒,13,674,30,1,1,425,0,_
293,0,fiffly,29,3065,82,1,1,4396,0,_
294,0,DC无梦,0,1544,16,0,0,742,0,_
295,0,用户2294293157543,0,3,0,0,0,1,0,_
296,0,庆幸,46,286,14,12,14,6617,0,_
297,0,浮生从山,2735,59,203,40,42,3307,1,招网📷啦  有兴趣的私信我滴滴我接受广告推图_
298,0,梻爺,0,2,5,0,0,0,0,_
299,0,神仙姐姐🌸,0,313,28,0,0,3951,1,啾咪啾咪_
300,0,Angle,9,352,16,3,3,3999,0,_
301,0,万皑,3,281,12,1,1,1211,0,_
302,0,«٩(*´ ꒳ `*)۶»,17,168,2,0,0,0,0,_
303,0,Mz假睫毛,11,70,1,2,2,2553,0,_
304,0,天上天下八方四海好好吃饭君,13,660,23,2,2,13121,0,_
305,0,這、樣の你,0,1189,14,0,0,0,0,_
306,0,南来北往,421,114,89,44,61,0,1,大家好我来自宁夏希望通过抖音平台认识更多志同道合的小伙伴共同努力，创造辉煌喜欢旅游，喜欢结交新朋友_
307,0,无人问及,0,844,7,0,0,6729,0,_
308,0,白鹤,3,502,3,0,0,0,0,_
309,0,典爱明,512,458,54,86,86,9588,0,_
310,0,丶段情,26,185,43,5,5,5200,1,也不咋滴。_
311,0,赵飞雄,6,3322,16,3,3,232,1,男♂_
312,0,花枝春野,0,120,19,0,0,0,0,_
313,0,花开半夏,10,102,6,3,5,1202,1,宇宙山河浪漫，人间的温暖都值得我前进_
314,0,何夏,651,652,125,94,94,779,0,_
315,0,去年夏天の樱づ,1,80,6,0,1,139,0,_
316,0,用户7687728597959,0,100,1,0,0,17680,0,_
317,0,༄༊࿆   ོྂཾ࿆ ོྂཾ࿆࿐胡大帅,48,184,23,11,11,852,1,不打扰  是我最后爱你的方式  兜兜转转  得不到的还是得不到_
318,0,不乖小哥哥,304,147,15,15,15,799,1,🌈想学短视频编辑的私信咨询_
319,0,立,0,257,0,0,0,471,0,_
320,0,喂喂呵呵,0,451,16,0,0,3258,0,_
321,0,，,0,207,1,0,0,242,0,_
322,0,薛顾琰,0,441,2,0,0,0,0,_
323,0,三妹子,642,505,46,115,116,95,0,_
324,0,..,564,42,122,21,21,799,0,_
325,0,你的花花公子,0,263,1,0,0,388,0,_
326,0,Aquarius.,16,26,28,7,7,79,1,好好生活，慢慢相遇._
327,0,小酸 灬,284,173,78,3,3,963,0,_
328,0,爱开挂的小智,0,257,1,0,0,897,0,_
329,0,用户8518557800732,0,469,0,0,0,1660,0,_
330,0,慧娟 杨,0,82,1,2,2,764,0,_
331,0,蒙山,63,3172,22,20,20,1108,0,_
332,0,国服最强韩信,0,983,17,0,0,5085,0,_
333,0,我口袋里有糖,265,115,35,2,9,3242,1,请你对你的爱人忠诚_
334,0,Megwi.,4,54,21,0,0,0,0,_
335,0,杰克,2,1519,29,7,7,367,0,_
336,0,宁夏中宁枸杞,78,986,137,8,9,0,1,无染色无硫磺熏制无亚钠腌制的放心枸杞_
337,0,贪吃的小雪,15,454,11,9,9,32310,1,我叫龙伤，是一名普通学生。_
338,0,夜路,0,513,5,0,0,229,1,星光闪烁，你是人间烟火。罗裙轻舞，为你颠倒世间。_
339,0,Y.,0,310,25,0,0,0,0,_
340,0,不放肆！！,399,931,225,26,28,5308,0,_
341,0,™,4,79,10,0,0,2721,0,_
342,0,栀少女,1,9,3,1,1,101,0,_
343,0,小朋友管理员,19,115,77,6,6,3843,1,相信美好的事情即将发生 心若向阳花自开，人若向暖清风徐来。_
344,0,Arvin,5,158,47,1,2,511,1,感谢陪伴_
345,0,南玖,0,302,15,0,0,16808,0,_
346,0,用户8675182147638,0,847,7,0,0,1717,0,_
347,0,778877,0,251,12,0,1,381,0,_
348,0,再遇太难      !,0,1022,11,0,0,6860,0,_
349,0,用户6088093140432,0,68,5,0,0,488,0,_
350,0,拉面师餐饮,195,314,122,33,35,584,1,理想主义者，每天都在努力！_
351,0,龙龙,0,165,6,0,0,11116,0,_
352,0,吴美女152,0,294,8,0,0,4226,0,_
353,0,猫儿的幸福生活,104,432,48,24,24,1580,1,一个平凡人的平凡时光_
354,0,初心,2571,369,299,57,58,1384,1,青春只有一场 ，用镜头留下每一次成长。_
355,0,z,0,22,3,1,1,35,0,_
356,0,大饼念～,35,246,54,6,6,8570,0,_
357,0,👀,0,242,8,0,0,133,0,_
358,0,爱人i,147,524,69,14,14,0,0,_
359,0,今生有你,262,197,62,12,12,785,0,_
360,0,༼大圣༽,31,32,68,0,0,0,0,_
361,0,布龙湖草原温泉旅游区,17,123,61,1,1,309,0,_
362,0,來日方長,43,51,69,8,8,353,0,_
363,0,凤凰,0,98,39,0,0,483,0,_
364,0,鹏鹏呀,602,5,291,12,12,3781,1,....._
365,0,浪的飞起,0,441,20,0,0,107,0,_
366,0,小糖果,710,153,74,0,0,0,0,_
367,0,😜不懂😜,14,496,25,7,7,1895,0,_
368,0,宁夏聚鑫达汽车销售有限公司,519,670,364,22,23,4013,1,只做精品小汽车🚗🚗🚗合作一次  终身朋友_
369,0,♡.,7,1037,115,0,0,35336,0,_
370,0,阿当的白日梦蓝,822,979,73,23,23,0,1,一路向北 摩托车  养狗_
371,0,绅士,258,147,145,18,21,1099,1,不为失败找借口       只为成功找方法_
372,0,用户2309509864291,0,31,0,0,0,322,0,_
373,0,光,42,346,39,3,3,213,0,_
374,0,Urara,203,250,38,1,4,10297,0,_
375,0,猫猫。,412,395,130,38,40,239,1,想要温存永生 只需嘴角上扬_
376,0,用户5328432220210,144,4069,237,25,25,634,0,_
377,0,阿文,13,26,11,4,4,81,0,_
378,0,Martin,275,65,77,35,35,121,1,机车_
379,0,i曦,16,2866,33,1,1,10510,0,_
380,0,星宿,0,30,10,0,0,593,0,_
381,0,夏果果果果果儿,179,93,89,12,13,1509,1,终其一生_
382,0,🍀,1,63,55,1,1,187,1,晚点遇见你，余生都是你_
383,0,萌萌的小兔子,58,321,25,4,4,109,1,如果运气不好，那就试试勇气！不要辜负自己受过的苦难，温柔善良又努力的你，一定会得到梦寐以求的所有美好。_
384,0,晓妍,122,88,24,0,0,0,0,_
385,0,ym,0,79,16,0,0,50,0,_
386,0,@知道世界,7,41,4,4,4,47,0,_
387,0,不忘初心,32,257,26,6,6,1820,0,_
388,0,用户9924378859694,0,351,1,0,0,2,0,_
389,0,柳晓庆,300,522,139,22,22,1125,0,_
390,0,峰哥,182,579,341,15,15,37,0,_
391,0,涛💋云,0,11,1,0,0,26,0,_
392,0,陆伟Joey,1,85,4,1,1,5,0,_
393,0,马文武,170,654,100,2,8,0,1,peace and cool_
394,0,Lanannnn,13,201,37,0,5,0,0,_
395,0,用户9070963838742,0,42,1,0,0,69,0,_
396,0,小葫芦的麻麻1218,6,33,4,0,39,14,0,_
397,0,依依不舍,5539,475,479,0,0,0,0,_
398,0,用户1143812173357,0,139,14,0,0,51,0,_
399,0,小张😶,213,965,66,8,13,1490,0,_
400,0,用户9730959038346,0,3639,13,0,0,4341,0,_
401,0,王可爱🔥,1805,110,157,7,7,0,1,你曾拥有最美的爱情💓听过最美的旋律🎶_
402,0,芝宁小姐姐,33,330,23,9,9,416,0,_
403,0,用户2358273817082,12,597,18,2,2,298,0,_
404,0,小孩子,0,1446,21,0,0,8490,1,怪怪的_
405,0,AG灬原子彡.,0,1224,15,0,0,3277,0,_
406,0,落墨,0,26,0,0,0,10,0,_
407,0,瑶团圆,79,14,18,20,20,649,0,_
408,0,嗯🍃,0,166,11,2,2,858,0,_
409,0,尘客,18,106,12,6,7,0,1,花有重开日   人无再少年_
410,0,莉,5,1357,59,1,1,1350,0,_
411,0,雨涵【木易那个杨】,178,988,58,61,62,20336,0,_
412,0,馬小沫,52,285,59,5,6,0,1,一个卖床垫的小伙子_
413,0,吴玥瑶,0,182,21,0,0,626,0,_
414,0,汉克斯,0,91,24,0,0,4532,0,_
415,0,韩燕子,16880,3089,1957,2608,2613,90708,1,帮助她人就是帮自己。我是吉林市人在福建泉州市，水利局退休。无偿献血金奖。人生没有那么简单。83年幼教职业高中毕业，92年成人会计中专毕业，96年福大管理工程。90年歌剧团学习声乐，93年参加歌手大赛。最后一次是2017年广播电视台歌手大赛。未雨绸缪，天道酬勤。谢谢你的关注。欢迎大家来福建省泉州市旅游。感谢抖音平台。_
416,0,瞬間丶煙花,12,149,26,2,2,704,0,_
417,0,燕子,124,229,148,17,17,7619,1,无论一件事情有多么的令人伤痛，都会很快就被下一件事情的烦恼所覆盖。人活着，不需要祈求掌声和同情，当时候到了，这一切都必将是属于你的。_
418,0,用户4793486078889,0,351,2,0,0,52,0,_
419,0,明月光,264,1299,260,0,0,0,0,_
420,0,萌吖儿,0,2,0,0,0,3,0,_
421,0,Passerby,0,5,123,0,0,9,0,_
422,0,^_^无语^ω^,1,94,3,0,2,1543,0,_
423,0,燕💞,0,186,116,0,0,7816,0,_
424,0,用户1009658269036,0,7,1,0,0,86,0,_
425,0,姐@要拽到你害怕😨,43,238,34,0,0,0,0,_
426,0,用户7444287509054,50,320,33,5,5,849,0,_
427,0,易,121,355,187,5,5,211,0,_
428,0,南屿*,858,4907,185,38,39,0,1,时间很短，天涯很远。今后的一山一水，一朝一夕，安静的去走完-.-_
429,0,857,13,1065,6,2,2,3430,0,_
430,0,YOUTH,0,623,72,0,0,3119,0,_
431,0,琳宝娜,0,5001,6,0,0,6503,0,_
432,0,鲨寿,0,101,0,0,0,2674,0,_
433,0,已重置,43,2562,18,15,15,5461,1,销售壁挂炉热水器烟机灶具，改装维修水电暖……清洗地暖，暖气片_
434,0,宝貴uncel,338,66,56,23,23,3800,1,人总是把最好的东西糟蹋完，才感叹人生若只如初见💔_
435,0,~come naturally~,0,30,4,0,5,64,0,_
436,0,噢噢,19,340,20,1,1,2942,0,_
437,0,用户2455965422429,0,24,1,0,0,40,0,_
438,0,加冰不及我心,285,176,80,0,0,0,0,_
439,0,Qeen,0,34,6,0,0,56,0,_
440,0,Q-y,0,20,31,0,0,197,1,Q_
441,0,DecTiff_Ri,0,15,0,0,0,23,0,_
442,0,Number-912,869,1653,215,47,51,41545,1,手握油门神火令！此生不忘机车命！加油！兄弟！_
443,0,花蕊欧尼,57,329,32,2,3,8856,1,除了我别人都不合适你_
444,0,か,0,35,1,0,0,95,0,_
445,0,🌕🌔🌓🌒🌑🌚,0,492,35,0,0,326,0,_
446,0,🐰种花家的兔子🐰,0,119,5,0,0,0,0,_
447,0,ytnteR,0,771,3,0,0,2136,0,_
448,0,博闻塑胶地板,184,394,113,12,13,3603,1,主要靠塑胶地板，环氧地坪，球场跑道，人造草坪，施工，生产，混口饭吃，五湖四海的兄弟，多多捧场_
449,0,芬,101,1200,30,17,69,4887,0,_
450,0,云,193,1762,51,4,498,65837,0,_
451,0,不爱跳舞,757,337,234,35,35,50483,1,敌不动我不动 敌若动 我糊涂糊涂动_
452,0,瑾瑜宝宝,0,1287,6,0,1,139,0,_
453,0,用户940318917651,0,5,0,0,0,88,0,_
454,0,Devil,0,56,26,0,1,979,0,_
455,0,马莉,37,465,42,3,3,6902,0,_
456,0,大C小姐,0,277,0,0,1,2590,0,_
457,0,散步的鱼,39,1192,140,1,1,18331,0,_
458,0,vv,0,39,2,0,0,2352,0,_
459,0,Neargo,49,334,82,16,16,1684,1,不要对一个人太好，因为你终于有一天会发现，时间久了，那个人是会习惯的_
460,0,♛飞向天空的蝴蝶♛,2,411,12,0,2,614,1,泡泡没有泡泡QQ:1652258865_
461,0,朱哥,70,182,142,3,7,1213,0,_
462,0,💍 Turned,1181,294,78,0,0,0,0,_
463,0,柠檬草💒,234,230,14,44,74,547,1,🛀   随遇而安   🚶📷_
464,0,🐨晚睡啵啵叽,3,35,1,1,1,0,1,🌟喜欢星之卡比我们就是集美！_
465,0,白羊座～007,313,476,134,15,21,4494,0,_
466,0,Evildoer,118,689,41,29,30,1397,0,_
467,0,A.--欢子,14,228,37,6,7,906,1,信欢哥一路小平坡_
468,0,loveyou十月,19,370,26,5,5,59,1,喜欢美食🍱️、喜欢唱歌🎤_
469,0,大眼睛👀,406,210,47,0,0,0,0,_
470,0,北国彦祖,0,137,19,0,0,0,0,_
471,0,蜜桃果酱,98,992,16,16,16,3152,1,QQQ🌹_
472,0,哈哈哈,0,126,5,0,0,152,0,_
473,0,用户3288649844294,0,304,0,0,0,929,0,_
474,0,用户1160351437109,34763,2148,784,1457,1460,43209,0,_
475,0,用户770766,0,88,2,0,0,19,0,_
476,0,宁夏浩誉远苗木刘文平,13768,2932,1389,264,309,23353,1,清醒是罪👍糊涂是福🙏健康快乐是一切，做诚信苗木人👌18695104465微信同号_
477,0,用户7613460984236,1238,1992,190,72,72,1344,0,_
478,0,SK8-涛仔,5,85,5,1,1,369,1,板仔一枚_
479,0,祺祺,9,235,18,1,1,438,0,_
480,0,花9u朵,1919,76,267,86,86,498,1,不爱拉倒，人总要酷一点_
481,0,你若安好，便是晴天,5,481,19,2,2,1803,0,_
482,0,遇见@,0,6,0,0,0,25,0,_
483,0,任逍遥天地悠悠,154,1543,92,24,50,0,0,_
484,0,🌸伊诺小姐姐🌸,0,109,44,0,0,393,1,做一个善良的人比什么都重要，就是干！_
485,0,孤★星,4,828,59,0,5,1871,0,_
486,0,山海,19,70,107,4,7,19053,1,可可_
487,0,宁夏户外直播爱在远方,44,208,46,2,2,328,1,喜欢唱歌_
488,0,用户5009318956084,0,417,0,0,0,0,0,_
489,0,采茶女用户5855201152867,2365,2548,552,130,133,1037,0,_
490,0,有理想.,205,105,46,31,31,1013,1,还是做自己的好。_
491,0,小蓉,883,505,107,59,64,24760,1,心中有方向，就有了奋斗的目标_
492,0,酒泯,0,166,21,0,0,113374,0,_
493,0,吓我一跳,0,1682,51,0,0,0,0,_
494,0,Go  time,12,433,10,2,13,979,1,无愧于心  无悔于行_
495,0,Komorebi.,0,61,6,0,0,15,0,_
496,0,52,49,520,24,0,0,0,0,_
497,0,金元宝,1,190,0,1,2,690,0,_
498,0,用户2175587307589,0,783,5,0,0,3014,0,_
499,0,苏安儿girl,30,251,14,5,12,23197,0,_
500,0,世界🌍星空💄,0,319,4,0,0,31,0,_
501,0,硪的幸福有你一半,212,47,98,55,56,2668,1,做好自己，管他谁是谁_
502,0,有你,16,188,7,13,23,2745,0,_
503,0,风中雨荷,0,371,38,0,0,0,0,_
504,0,梦东[反迷你],6,995,66,0,0,0,0,_
505,0,bling,33,826,53,7,7,38792,1,这是一个签名👈_
506,0,蓝眼睛荼蘼,317,445,1571,28,32,3977,1,没兴趣了，那就试着去感兴趣_
507,0,地主的狗,8,665,6,0,0,0,0,_
508,0,1474886966,9,171,8,0,6,2828,0,_
509,0,吃榴莲不吐榴莲皮,0,119,8,0,0,0,0,_
510,0,用户8484588242407,0,420,1,1,1,1575,0,_
511,0,黄水晶,0,207,9,0,0,2216,0,_
512,0,😇,186,3685,156,1,1,21716,0,_
513,0,用户7467923614843,0,1580,8,0,0,12177,1,退休老教师_
514,0,不说要钱,23,4053,26,8,8,8505,0,_
515,0,愿馨艳舞,0,680,9,0,0,233,0,_
516,0,123小熊软糖掉了啦,0,133,2,0,0,672,0,_
517,0,桃子气泡酒🍑,8,250,9,2,2,3862,1,凡是过往，皆有序章_
518,0,热情沙漠3046,15,918,38,2,2,359,1,没有那个冬天不能逾越，也没有那个春天不会来临，万事顺其自然_
519,0,如夏青春,0,114,4,0,0,244,1,做自己简单点_
520,0,用户1004141787457,0,3504,42,0,0,646,0,_
521,0,陈烁宇,13,2766,16,17,17,4627,0,_
522,0,伊人已无畏,523,1328,762,28,28,0,1,🍉感谢抖音平台推送🍓分享各种有趣温馨影视作品🍒喜欢记得关注🍇宝贝们我回来了！🍀希望四叶草带给你我幸运！_
523,0,我偷塔养你🍁,1290,517,170,106,109,0,0,_
524,0,你的左眼💚,1147,90,127,33,33,1565,1,俗人_
525,0,凝碧月,0,1111,10,0,0,3737,0,_
526,0,铁柱妹妹,602,214,55,6,11,2921,0,_
527,0,酷帅的老奶奶,1,904,8,1,1,422,1,银川景博学校一（6）班郭心睿_
528,0,习惯简简单单,356,770,166,35,36,22070,0,_
529,0,灬丿昔_年丶,4,59,72,0,0,0,0,_
530,0,忘不了的痛,0,4561,223,0,0,19,1,就把这首歌 送给虚伪的自己吧_
531,0,贝壳,25,137,67,1,1,771,0,_
532,0,C小C,30,134,30,6,8,0,1,2021届播音生~环球佳音~_
533,0,用户6726875118589,0,12,0,0,0,18,0,_
534,0,胖叮,0,1597,19,0,0,2126,0,_
535,0,人间自有真情在,97,67,116,4,8,2384,1,想做什么就去做什么，别给自己留遗憾v：452879083_
536,0,晨猪 🐽,86,1745,111,6,7,25534,0,_
537,0,阿小黄,7,305,19,3,3,6219,0,_
538,0,树洞先生,112,49,12,23,23,5558,0,_
539,0,五年级的学生党(反家长),33,3195,25,18,19,1458,0,_
540,0,滥好人🐨,15,75,15,0,0,0,0,_
541,0,用户9822496842127,0,2375,15,0,0,4033,0,_
542,0,⚡️,624,632,132,37,39,24009,1,不做第一个谁，只做第一个我_
543,0,用户3438130341085,0,364,4,0,0,0,0,_
544,0,"huaitao,🌴",0,203,10,0,0,1774,0,_
545,0,爱过,20,1339,20,5,5,268,1,这辈子最对不起的就是自己！_
546,0,恐高的婉儿,0,134,0,0,0,39,0,_
547,0,我想要你,0,236,11,0,0,3083,0,_
548,0,黎殇,0,448,1,0,0,3663,0,_
549,0,皮卡皮卡丘,0,93,1,0,0,141,0,_
550,0,宇文非攻,1,187,3,0,4,209,0,_
551,0,潘潘潘,0,108,0,0,0,0,0,_
552,0,万年青,133,454,94,20,20,1615,1,永无止境_
553,0,EliauK°,20,48,43,5,5,93,1,能自己扛的绝不声张，因为矫情的样子太丑。_
554,0,帅哥就是我,57,337,17,19,20,0,0,_
555,0,✨ོꦿ鲸落এ᭄゛,55,1657,58,18,18,16907,1,❤️非常喜欢热巴💗💗💗💗💗💗_
556,0,鱼玄机,3,118,11,0,4,4485,1,你都如何回忆我，带着笑或是很沉默…_
557,0,WYZZ,0,120,13,0,0,8604,0,_
558,0,Pink璇璇✨,5,181,1,5,6,273,0,_
559,0,不吃冰激凌,0,7,1,0,0,27,0,_
560,0,W,0,119,9,0,0,5604,0,_
561,0,燕子,20,1984,16,6,6,341,0,_
562,0,Stranger.,0,85,48,0,0,2943,1,一个人_
563,0,Jing Luo,0,2854,31,0,0,2659,0,_
564,0,小肥脸蛋子_,115,84,22,3,3,67,1,一个有趣的脸蛋富翁💜B站同名：小肥脸蛋子💜_
565,0,嘟嘟🙈,0,2203,37,0,0,0,0,_
566,0,用户640286910,0,102,3,0,0,1193,0,_
567,0,小男,209,1391,33,47,52,9591,1,原本南行的人不会陪你一路向北_
568,0,南希🌾,0,427,52,0,0,757,1,感谢你和我一起祸害苍生_
569,0,堕落恶魔👿,0,818,16,0,0,11824,0,_
570,0,渡疯,53,1042,58,5,5,11623,0,_
571,0,.桎梏,42,92,29,4,5,18478,1,鲁比·洛斯_
572,0,凉柚,6,1063,24,0,0,0,0,_
573,0,馬＆。,0,369,6,0,0,571,0,_
574,0,丧尸奶瓶,0,233,9,0,0,15,0,_
575,0,🌵,141,459,66,3,4,17595,1,嘿！_
576,0,柠萌🌸,43,24,23,6,19,3543,1,关注我，关注我❤️_
577,0,鹿染Baby,431,852,22,80,81,0,1,向前面迈步你就会看到满眼星辰本人只有一个号_
578,0,用户1803337500560,0,15,0,0,0,395,0,_
579,0,焦糖奶盖,26,110,15,8,15,0,1,钢厂小霸王_
580,0,用户890071723548,0,918,1,0,0,258,0,_
581,0,cwyasyc,49,808,16,19,19,1279,0,_
582,0,Saturn,0,4390,94,0,0,6707,0,_
583,0,Blandness,14,92,23,0,0,0,1,“_
584,0,🤡xxxxx1,0,38,0,0,0,193,0,_
585,0,无名氏·A,2,644,3,0,0,0,0,_
586,0,钟离踏郁,0,2732,11,0,0,8181,0,_
587,0,巴勒奔儿,1,150,55,0,1,498,0,_
588,0,AK47,3,357,1,1,1,12192,0,_
589,0,莱昂纳多•,41,259,30,7,7,0,0,_
590,0,洋芋,0,2547,25,0,0,2940,0,_
591,0,杨氏(开学暂退),44,885,61,2,3,3580,1,我我我我我    爱爱爱爱爱    你你你你你我                    爱    你      你我我我我我            爱    你      你        我    爱爱爱爱爱    你      你        我    爱            你      你我我我我我    爱爱爱爱爱    你你你你你_
592,0,鍩  `唁℡,0,2038,70,0,0,174999,0,_
593,0,用户2500695545397,33,839,11,22,23,1866,1,😘😘😘😘😘_
594,0,千世,1417,2700,672,43,44,1784,1,天道下济而光明，地道卑而上行…_
595,0,你不用知道我是谁,0,80,5,0,0,182,0,_
596,0,karry青♥,0,646,11,0,0,451,1,我是女王♛凯鹿玺我都爱♥_
597,0,jcgf,0,340,16,0,0,15907,0,_
598,0,调皮三姐妹】月家,29,3113,35,48,48,4044,1,是月家的。_
599,0,天天跟时间赛跑的扑gai作者,77,170,23,13,13,0,1,温柔清醒知进退，努力上进且优秀_
600,0,赵趙同学,84,313,45,7,7,986,1,蔚来汽车银川首席产品专家小赵_
601,0,她,0,451,29,0,0,7157,1,哈哈哈哈哈哈哈哈哈哈_
602,0,好，,0,130,2,0,0,208,1,👿👿_
603,0,万事如意,532,1857,50,499,499,0,1,我只想做好我自己，留下美好的每一天，怎么开心怎么活，请不要给我乱评论，闲言碎语的请走开，沫子免谈据决私聊，谢谢。_
604,0,小杰不ai辽,216,5,70,6,6,4907,1,👉不定时更新吉他视频👉学吉他只是因为热爱👉如果有要吉他谱的可以关注我一下👉没有对象，可交友，不处关系。QQ：3267939594vx:d18209572697感谢你的关注💗_
605,0,纯甘蔗手工红糖,135,410,74,12,12,16,0,_
606,0,来了啦咯啦咯啦咯,0,5,0,0,0,1,0,_
607,0,李馨馨👧,442,3245,259,134,134,5000,0,_
608,0,用户5635774425478,1,1277,8,1,1,5351,0,_
609,0,果未云,0,421,7,0,0,0,0,_
610,0,陈年往事,411,1000,62,83,85,10195,0,_
611,0,୧⍤⃝🍓,0,42,0,0,0,0,0,_
612,0,向阳而生.,0,39,4,0,0,188,0,_
613,0,✨涵同学✨请坐好,225,186,53,34,34,0,1,-欢迎关注✨涵同学✨-粉丝名:饺子-100粉有福利🎁-是个00后   2.12生日 -看看是谁这么优秀关注了我我超极宠粉_
614,0,张温柔,0,86,12,0,0,15695,0,_
615,0,🌼,2,1106,30,0,0,8719,1,……_
616,0,小可爱糖沫沫,33,276,35,0,0,0,0,_
617,0,月瘦二十斤,648,282,41,0,0,0,0,_
618,0,东 成西 就,58,24,88,15,19,133,0,_
619,0,用户5828687687362,41,26,31,8,8,23,0,_
620,0,小咳咳,163,202,101,8,11,49549,0,_
621,0,欧尼,150,37,39,11,11,16591,0,_
622,0,春天总会来,6,426,7,3,3,2658,0,_
623,0,谷雨_251934334,1466,1278,133,112,113,40038,0,_
624,0,生活不止眼前的苟且,12,178,69,2,8,2171,1,除了孤独和死撑，你没别的出路_
625,0,代代,95,76,9,11,11,0,0,_
626,0,燚,0,159,5,0,0,6495,0,_
627,0,冰柠檬,0,1056,36,1,1,2610,1,89一直在路上越努力越幸运_
628,0,半醉半醒半浮生,22,189,36,4,4,1111,0,_
629,0,用户1863053545894,0,587,8,0,0,1936,0,_
630,0,二姐夫---本,0,22,21,0,0,0,0,_
631,0,开心～,0,15,0,0,0,415,0,_
632,0,回忆着回忆不起的回忆,0,141,53,0,0,894,1,不知道写什么…_
633,0,@重庆火锅底料厂家👍,1188,809,163,54,54,374,1,因为喜欢 所以热爱  重庆正宗老火锅底料  贴牌  代加工  欢迎大家一起来交流  探讨！！_
634,0,♧李憨憨🤛,40,162,17,3,4,478,0,_
635,0,YU@n 公子,276,115,44,15,15,2180,1,人生建议：keep it real_
636,0,橘日尧的小日常,40,4138,43,6,17,5198,1,从日常生活中寻找温柔和快乐_
637,0,屿海,0,8,1,0,0,14,0,_
638,0,美丫头,74,55,32,7,7,0,1,么么哒_
639,0,🍋 艺朵,700,144,140,49,53,349,0,_
640,0,杂溺,71,18,30,2,2,75,1,五年实体服装店_
641,0,娜宝   💋,1044,48,146,38,39,0,0,_
642,0,杨三岁🍼🍭🍦,4479,176,407,188,195,4608,1,❤️请记住我的名字， 还有我带给你的故事， V❤️932427100_
643,0,原南京路火车站潮汕九斗搬到水悦龙湾新阳派,123,204,52,28,33,167,1,原南京路火车站潮汕九斗饮食店_
644,0,晶晶味儿,152,40,30,30,30,494,1,么么哒_
645,0,用户8801147072500,0,87,1,0,0,3,0,_
646,0,Hkkvtukm,0,69,0,0,0,0,0,_
647,0,倩小姐♡,232,141,34,27,27,7450,1,你也曾妄想抓住十几岁时的爱情吧_
648,0,张帅,147,357,222,17,17,3446,1,当自己累的时候，就转身看看身边在努力的人。_
649,0,深蓝,19,25,20,0,0,0,0,_
650,0,琉璃苣杨,61,609,65,3,4,117,1,一个爱做梦的人_
651,0,岁月如歌,32,276,89,2,2,212,1,喜欢吃家乡辣酱的味道，因为那里有我浓浓的爱～希望大家也能够喜欢！_
652,0,米米&豆豆麻麻,92,138,34,24,24,2645,0,_
653,0,荼靡,722,538,90,64,65,10577,1,愿你成长，愿你落落大方，枯木逢春，不负重望。_
654,0,用户779991142421,99,475,95,9,9,555,0,_
655,0,-          LN,232,67,77,15,15,962,1,在知识的海洋里，我居然成了一条淡水鱼_
656,0,微℃,33,201,40,5,5,131,0,_
657,0,争人,86,23,51,12,12,33,1,摧锋于正锐，挽澜于极危。_
658,0,同在,0,95,13,0,1,34,0,_
659,0,°毒语,17,264,43,2,2,713,0,_
660,0,English绅士,0,142,2,0,0,0,0,_
661,0,一直,152,581,35,21,21,0,1,笑一笑吧_
662,0,李大温柔,0,158,10,0,0,0,0,_
663,0,独酌伊人泪￡,66,73,33,5,5,327,1,你若安好，，我不打扰_
664,0,杨学东,1151,1606,342,163,164,0,1,房建总承包、钢结构项目设计制作安装；路桥模板制作；钢构件热镀锌。18709680888_
665,0,（悟）（念）,505,2118,163,111,111,20896,1,未曾清贫难成人， 不经打击老天真。自古英雄出炼狱， 从来富贵入凡尘。逢人且说三分话， 未可全抛一片心。鸦有反哺之孝，     羊有跪乳之恩。岂能尽如人意，     但求无愧于心。13995482434v_
666,0,MꦿAdmanএ᭄JoKer,0,42,14,0,0,1276,1,像个疯子一样的丑爷。_
667,0,傲娇郝小胖,3,73,8,0,3,465,1,每天都期待好运的降临！❤_
668,0,荔枝崽崽,1619,225,464,46,49,0,1,wbo:荔枝崽崽要做一个温柔可爱的女孩子啊～_
669,0,用户2167091337640,0,1377,1,0,0,4079,0,_
670,0,Ray_ma,141,242,74,8,15,172,0,_
671,0,别气馁、,26,207,47,5,7,5858,1,一个人最大的破产是绝望，最大的资产是希望_
672,0,有你们真好,37,704,74,2,2,558,0,_
673,0,勇哥,0,1229,57,0,1,15668,1,社会我勇哥_
674,0,用户169557818526,0,368,8,0,0,43,0,_
675,0,打豆豆的叔叔,4,230,64,1,1,49,0,_
676,0,玖,108,1470,47,14,15,13512,1,。。。_
677,0,用户2124382091863,5,39,4,1,1,201,0,_
678,0,@@行者@@,3,23,5,0,0,0,0,_
679,0,小颖,279,385,95,23,29,719,0,_
680,0,我才是小孩子,0,53,1,0,0,32,0,_
681,0,❤❤,10,153,17,3,3,37,0,_
682,0,赵小能,24,801,23,0,0,0,0,_
683,0,曹,126,400,133,39,39,771,1,深厨城联盟平台，铁坚厨具共享工厂宗旨：帮助每一位用户省钱任务：为用户争取更好的价钱服务：提供一站式的服务主营产品：厨房设备，洗碗机，蒸汽机，蒸包炉，油炸炉，翻面炉，电磁炉……联系电话：13652416558_
684,0,我叫张七七,84,19,32,8,8,437,1,我想说……我想说我会爱你多一点点_
685,0,伟子,13,326,33,1,10,607,0,_
686,0,小眼哥哥_🐊,68,55,13,8,8,18,1,🌈 认真生活._
687,0,用户701585489403,0,43,2,0,0,55,0,_
688,0,碎料,0,17,0,0,0,3,0,_
689,0,橘子跳🍊,0,455,9,0,0,0,0,_
690,0,用户4003445916002,3,16,3,3,3,151,0,_
691,0,用户7123369733517,0,36,1,0,0,22,0,_
692,0,用户4228739900116,0,37,0,0,0,72,0,_
693,0,藕片儿,0,155,1,0,0,3091,0,_
694,0,奔波霸,0,75,7,0,0,905,0,_
695,0,灵魂中转站,275,348,98,24,25,690,0,_
696,0,我是你永远得不到的爸爸,8,325,19,1,1,632,1,十_
697,0,？我爱你,0,25,2,0,0,199,0,_
698,0,阿Q啊,0,208,5,0,0,0,0,_
699,0,鲸落🐳,0,2,0,0,0,4,0,_
700,0,Eric,0,344,2,0,0,0,0,_
701,0,用户279115,4,102,13,1,1,1051,0,_
702,0,用户5280284287711,0,233,4,0,0,0,0,_
703,0,⚡ Пүрэвдорж,1,3827,2772,0,0,0,0,_
704,0,用户3793515279461,0,77,1,0,0,6,0,_
705,0,susa ,0,440,50,0,0,121,0,_
706,0,〔り俄的未来俄做主,26,83,19,6,7,42,0,_
707,0,万焱凉季孤人醉,1,2,2,0,4,335,0,_
708,0,Hero of the galaxy,0,45,7,0,0,240,0,_
709,0,上海星辽贸易斐域斐食品,730,4790,777,58,58,0,1,思一方故土，念一份乡味_
710,0,毛葫噜噜花眼眼,0,975,11,0,0,502,0,_
711,0,Rov」,5,152,26,1,1,133,0,_
712,0,【荷兰米菲】昊昊妈妈,88,191,28,33,33,479,0,_
713,0,落.,36,230,22,3,3,0,1,希望所有的珍惜不是在失去后才懂得🍁_
714,0,食在荷韵,218,498,81,19,27,1446,1,学会珍惜 真诚_
715,0,用户1177017685701,0,8,24,0,0,3,0,_
716,0,晓,577,360,177,7,7,384,0,_
717,0,银川SPT~刘辉,112,44,61,3,3,171,0,_
718,0,淡写一个永恒╰,10,35,28,2,2,1958,1,《  我很庆幸 与你相遇 》_
719,0,黯然,80,1774,89,10,53,8484,1,生活之苦，苦于执着；人生之难，难于放下。你在意什么，什么就会折磨你。你计较什么，什么就会困扰你。_
720,0,琳大大很酷,365,4351,118,35,36,40808,1,不看路人，不换爱人_
721,0,💋丽儿💋🌸,1932,879,299,138,139,0,1,一寸土、一年木、一花一树一贪图_
722,0,女孩子嘛.,1,36,13,0,0,180,0,_
723,0,Smile°归零,0,5,10,0,0,0,0,_
724,0,刘小乐,5,135,21,1,1,228,0,_
725,0,迷你世界格格。,0,1985,39,0,0,6415,0,_
726,0,往事城南又三年,0,1701,20,0,0,0,1,世间皆冷，唯求心安_
727,0,无VS双,2,4686,109,0,0,5555,0,_
728,0,小鱼儿🐠,77,64,53,7,9,0,1,快乐其实很简单！_
729,0,用户4694133763087,6,120,3,0,0,0,0,_
730,0,用户8098673990306,0,56,4,0,0,158,0,_
731,0,无畏か,28,52,23,2,2,1075,0,_
732,0,语墨,33,72,27,5,5,219,1,🐟墨墨_
733,0,秋影重重,34,317,27,4,4,41,0,_
734,0,逆镜破乾空,111,288,93,6,6,664,0,_
735,0,众森,21,234,50,5,5,0,0,_
736,0,小乖1211653892,7614,1254,808,450,482,3707,1,开心快乐就好_
737,0,用户3071769763270,0,581,7,0,0,93,0,_
738,0,俊亦,100,272,142,4,14,1324,1,罢了_
739,0,亮哥,26,674,361,1,1,3642,0,_
740,0,怎样,0,39,1,0,0,5,0,_
741,0,钢铁侠,34,1712,20,8,8,3977,0,_
742,0,帝王血,21,586,52,3,3,208,1,像疯子一样行走_
743,0,星辰呀🥳,0,178,0,0,0,361,1,一生新成，一生星辰_
744,0,我还是起个名字吧,1,392,2,1,1,738,0,_
745,0,thc,0,556,15,0,0,0,0,_
746,0,冬去春来花又开201712,164,846,136,33,33,19967,1,我是家庭主妇爱好广泛_
747,0,芭比婆娘田安琪,8,18,8,3,3,7,1,宇宙未知快乐发射器._
748,0,用户136271849285,0,91,11,0,0,169,0,_
749,0,ACHO,0,190,36,0,0,4267,0,_
750,0,小宝贝,2732,347,299,140,142,3440,0,_
751,0,汉堡包。,0,2583,8,0,0,6608,1,@胖琪_
752,0,可爱的小仙女😜,1,1135,0,0,0,0,0,_
753,0,XX,168,136,26,6,6,222,1,，_
754,0,木木木,0,1180,12,0,0,0,0,_
755,0,装呆萌翻全场,689,185,53,0,0,0,0,_
756,0,SG星光,23,255,10,3,3,1295,0,_
757,0,什么,3,202,9,1,1,544,0,_
758,0,杨子,125,278,60,22,22,450,0,_
759,0,蓝色玻璃心,15392,1289,1407,140,273,2076,1,曾经最美！_
760,0,《《我是狼女》》……我怕谁,382,119,43,76,76,4834,0,_
761,0,《玉蔷薇》,97,536,45,4,4,659,0,_
762,0,Delete✌🏼️,81,68,35,7,7,19477,1,哈哈哈_
763,0,用户44249793,60,2534,50,3,3,5742,0,_
764,0,lanlan5629,1440,1906,155,182,182,11640,0,_
765,0,Shmily_,939,32,128,21,21,9979,1,记录生活._
766,0,灵子4419,10,139,25,0,0,0,0,_
767,0,塑料姐妹的粉丝呀！,0,2966,42,0,2,24790,1,要做我粉丝吗？_
768,0,丽女,349,59,62,52,52,891,0,_
769,0,我题库UK,0,393,2,0,0,14,0,_
770,0,用户73270888831,0,378,7,1,1,189,0,_
771,0,起风了,17,122,56,1,1,115,1,假如一切没发生，你不会再等，我们都决定做个陌生人_
772,0,yan然,21,1619,38,8,14,0,0,_
773,0,真实,565,813,75,63,63,1114,1,平凡的世界_
774,0,yo.,3,884,40,1,1,1509,1,不过去怎么会有以后！_
775,0,叁生先生,11,54,4,1,1,849,0,_
776,0,高级脸打造,24,26,17,12,12,690,1,最了不起的不是拥有天生丽质而是通过改变把自己一切都变好的人_
777,0,赵晨星,12,543,8,4,4,831,0,_
778,0,舊意,45,253,27,5,5,1984,0,_
779,0,馨悦♥,2,63,1,1,1,2334,1,不甘在现实社会落后_
780,0,有你便是晴天(๑><๑）,537,2281,887,16,16,2093,1,坚持就是胜利，不忘初心，表里如一_
781,0,慕斯呀~,7,412,3,5,5,520,0,_
782,0,处女座♍️,1706,3334,260,189,189,10875,0,_
783,0,_拾荒者,24,184,42,0,0,0,0,_
784,0,用户4212498281511,18,325,9,10,10,646,0,_
785,0,九离,24,896,67,3,3,939,0,_
786,0,无敌美少女,79,2106,15,23,23,10506,1,对不起大家有更新要暑假的。_
787,0,昨日的我与今日的你,1234,250,331,16,17,0,1,昨日的我与今日的你_
788,0,用户443848937830,0,305,1,0,0,406,0,_
789,0,昵称已重置,0,54,2,0,0,584,0,_
790,0,虚幻的浪漫,0,4208,14,0,0,7408,0,_
791,0,欧楚儿,0,2561,55,0,0,3,0,_
792,0,孤影,0,137,2,0,0,85,1,努力了，才会看到想要的彩虹！_
793,0,Leider.,8,624,11,1,1,0,0,_
794,0,An ningG🕶,56,587,27,8,8,706,1,自我介绍：沙雕网友_
795,0,王小心姐姐的小群群,1,153,0,1,1,72,0,_
796,0,小昊,320,3095,94,61,61,4420,1,韩信_
797,0,邱若楠,7,1325,54,4,4,502,0,_
798,0,用户4813379641099,0,2898,61,0,0,2206,0,_
799,0,用户水蜜桃,30,2275,70,3,3,2723,0,_
800,0,@小髙同学,0,380,23,0,0,0,0,_
801,0,我叫小王（30粉）冲鸭,457,2553,25,187,187,1183,1,三生三世枕上书_
802,0,用户1966895110500,8,1045,2,2,2,1538,0,_
803,0,兔子,6,437,15,0,0,0,0,_
804,0,你的选择1314,2496,171,247,135,190,0,1,好人一生平安_
805,0,222.,0,84,5,0,0,1964,0,_
806,0,精致的渣女,0,806,0,0,0,0,0,_
807,0,→king←,12,205,41,2,2,2928,0,_
808,0,樱桃奶球,0,180,1,0,0,409,0,_
809,0,小柠檬,0,118,5,0,0,94,0,_
810,0,哦豁哟,0,123,0,0,0,305,0,_
811,0,牛波,0,171,21,0,0,4,0,_
812,0,用户732352635216,135,3201,97,17,17,3755,0,_
813,0,一个普普通通的小男孩👦,1,171,5,0,0,0,0,_
814,0,李小白的吖,98,79,42,10,10,144,0,_
815,0,我叫佩奇,29,375,5,0,0,0,0,_
816,0,偷星,0,46,0,0,0,96,0,_
817,0,用户9550817824542,0,334,2,0,0,799,0,_
818,0,Kayle,304,40,170,10,10,74,0,_
819,0,用户8199021705978,0,828,6,0,0,411,0,_
820,0,果果宝宝,0,424,5,0,0,16,0,_
821,0,马三爷,55,43,13,10,10,180,0,_
822,0,A莉,2182,156,145,201,214,0,1,是事都不是事_
823,0,爱吃面包的大怪兽💋,33,134,20,1,4,0,1,我渴望的我们_
824,0,🍓晴天,870,1431,119,69,69,9990,1,"🔆 放晴🌞🌞🌞〰Wait  for your, everyday 🆙🆒💮唯心：mm459757862🌼身边不经意的美好🦄🦄_"
825,0,大明,0,34,5,0,0,2,0,_
826,0,艾可乐,108,180,57,11,14,1861,0,_
827,0,自不教，父之过，10后黑化我的错,0,90,4,0,0,209,1,在下正是是黑化们的爸爸，我不小心让那些鳖孙出去祸害你们了，对不起_
828,0,现在进行时,13,150,19,15,16,9365,0,_
829,0,玛卡巴卡,9,454,6,6,6,10266,0,_
830,0,小猫咪,0,1024,3,0,0,158,0,_
831,0,三个和尚,132,1324,43,21,22,9741,1,粉丝到1W当这你们的面向一个人表白(你们选)_
832,0,＊,9,83,27,10,10,203,1,嗯…_
833,0,寒假工最帅,6,1785,19,3,4,4148,0,_
834,0,深爱是个瘦子,6,1,7,0,3,166,1,嘻嘻(♡˙︶˙♡)_
835,0,李子墨,20,61,0,0,0,0,0,_
836,0,。，,0,1820,19,0,0,0,0,_
837,0,往北,0,18,20,0,0,0,0,_
838,0,邓邓. honey,273,335,50,21,21,16674,1,好听的话不必记太久_
839,0,,65,218,62,2,15,38613,0,_
840,0,ⅴiⅴⅰ蓝莓酱💜,0,177,5,0,0,741,1,💕豆:鞠婧袆，丁禹兮💕花:丁香🌸桃🌸💕零食:奶茶，奥利奥，薯片，棉花糖💕姐妹:@泡沫💕火锅💕水果:山竹，蓝莓，车厘子，黑提，芒果💕颜色:💙♥💕季节:春季💕运动:跑步，游泳💕大然💕me~✨_
841,0,小美美媚,3,192,10,2,2,3683,0,_
842,0,💓盖乐,26,3250,43,5,5,41938,0,_
843,0,dybf3euewonr,0,3242,13,0,0,9328,0,_
844,0,月亮代表我的心❤️,46,2735,82,7,7,5958,0,_
845,0,羡慕,3,286,4,1,1,5490,0,_
846,0,用户5443937409515,0,422,3,1,1,2812,0,_
847,0,520么么哒,5,503,9,1,1,1158,1,嘿嘿，朋友你好呀很开心认识你哦今天心情不错😊_
848,0,蒋姐,1625,2595,964,60,60,3967,0,_
849,0,k1559885,0,0,0,0,0,0,0,_
850,0,我的世界，女王《以黑化》,0,885,63,0,0,3927,1,女王在此，已黑化，虽然黑化了，但我心里还想着粉丝们的小心心，谢谢，我暂时在6月1日发作品，所以说女王再见✋我有一个可爱的闺蜜，他叫我是芬芬呀，真可爱_
851,0,花朵(楠家)(桃家)(肖家),2209,4931,517,296,297,8907,1,姓名:小狐狸年龄:你猜年级:你猜星座:魔歇座姓格:活泼爱豆女:迪丽热巴、杨紫、杨幂爱豆男:王源、王俊凯本人是一只身狗🐶不处任何东西_
852,0,用户3380067735491,0,4,0,0,0,16,0,_
853,0,爱豆123,15,110,4,0,23,251,0,_
854,0,天赐,0,1263,250,0,1,1708,1,知行合一！天道酬勤！_
855,0,一只粪青,1783,247,349,187,189,1615,1,来了就别走了啊 💓 ˙Ⱉ˙ฅ ～_
856,0,肌肉男养成记,56,543,23,9,10,652,1,一个爱玩吃鸡的小朋友_
857,0,抬头不再孤单,0,92,2,0,0,1166,0,_
858,0,反迷你,2,514,12,22,22,1596,0,_
859,0,🔱每一天🔱,0,13,0,0,0,0,0,_
860,0,用户2114794915108,0,3849,30,0,0,6273,0,_
861,0,ZDZYDK,13,320,70,0,0,0,0,_
862,0,😊,403,303,46,15,15,0,1,努力努力变得更加优秀！_
863,0,玫发现优质小店,243,83,1707,6,6,0,1,分享好的食品给大家❤️_
864,0,小微大众,19,53,19,3,3,125,1,小微大众·惠动生活谢谢你的支持让我们走的更远能为你带来更多优质特惠爆品V：azk911_
865,0,小琳,0,1054,6,1,1,0,0,_
866,0,薛,70,91,18,15,15,638,0,_
867,0,❤,58,530,36,10,10,0,0,_
868,0,小青年丶,0,15,2,0,0,99,0,_
869,0,🧚‍♀️ 昊漂亮吖℡,446,76,71,53,55,527,1,命里有时终须有，命里无时莫强求_
870,0,用户4185623717224,0,98,0,0,0,17,0,_
871,0,张玉荣,101,2626,7,0,0,0,0,_
872,0,文龙老哥,203,188,38,48,48,454,0,_
873,0,看清前面的路，踏实向前。,104,602,57,14,14,585,1,前方的路一步一个脚印，踏实向前走。_
874,0,《僵尸先生》,40,267,18,15,16,168,0,_
875,0,缘分,4382,3089,462,186,186,25065,1,真心_
876,0,余悸,0,1,0,0,0,0,1,不是我讲究，而是哥不将就！_
877,0,Wang👑四小姐,8,44,41,0,0,28,0,_
878,0,梦系诺坎普,70,283,33,10,11,195,0,_
879,0,装修教授,927,30,153,8,8,220,1,感谢关注一起学习装修知识_
880,0,心之所念,215,130,60,8,8,458,1,世上本无事，庸人自扰之_
881,0,Kerry,26,301,56,19,19,337,0,_
882,0,dyuebf62dxy4,1,259,7,1,2,227,0,_
883,0,追逐…就差一步,0,158,16,0,0,515,0,_
884,0,jojo,0,1403,1,0,0,766,0,_
885,0,❁七七❁,753,350,180,0,0,0,0,_
886,0,、天道酬勤,2,466,23,0,0,0,0,_
887,0,瓜哥,0,45,1,0,0,15,0,_
888,0,励志正能量,140,370,47,9,10,740,1,"有了坚持不一定成功;但没有坚持,就注定失败.对于成功,坚持的塑造必不可少!_"
889,0,老杨,0,342,69,0,0,0,0,_
890,0,麦兜兜、,1067,406,114,126,140,3308,1,人生很长，要心地善良❤_
891,0,你的眼睛那抹蓝,3,155,26,1,1,0,0,_
892,0,@Q二十六,2164,631,262,269,320,9959,1,就当风没吹过，我没来过，你TM说的真轻松…_
893,0,Ak ,0,680,2,0,0,13353,0,_
894,0,ykkinf,0,33,2,0,0,52,0,_
895,0,流云_251884130,0,1505,6,0,0,0,0,_
896,0,马华力,0,1762,61,0,0,0,0,_
897,0,用户8805130410028,0,1,2,0,0,0,0,_
898,0,滠,0,4918,23,0,0,15298,0,_
899,0,1578547119,8526,5000,757,2616,2626,7397,0,_
900,0,超级叽叽叽叽拒绝,0,5001,21,0,0,9965,0,_
901,0,小角色,2,281,39,1,1,1126,0,_
902,0,放牛着蚊子叮。,0,15,0,0,0,93,0,_
903,0,杰爱远,5,487,11,0,9,122,1,路漫漫其修远兮，吾将上下而求索！_
904,0,使劲喝白开水,68,102,21,17,19,531,1,希望这是愉快的一年，没有狗血的剧情，没有崎岖的波折，平平淡淡，顺顺当当，快乐。_
905,0,H🍊,35,164,53,1,1,0,0,_
906,0,🐱_Suvd,5541,634,1073,98,118,3149,1,先看清我 再喜欢我_
907,0,知足常乐美,0,21,19,0,0,12,0,_
908,0,心气和平,0,2759,10,1,1,5757,0,_
909,0,泡芙🦷,16,24,10,0,0,0,0,_
910,0,余温,10,31,13,3,3,48,0,_
911,0,平凡的世界,6238,765,278,87,88,19258,1,做就完事_
912,0,用户7822132293503,517,613,209,40,50,256,1,只羡忘羡不羡仙，说是天天就天天？_
913,0,百里只为守约,0,512,3,0,0,4387,1,以前的百里只为守约之前那个号被盗了从新开始我真的没有骗你们😭😭_
914,0,高乐,0,18,18,0,1,84,0,_
915,0,晓晓,32,378,90,4,4,814,1,人生如戏，戏如人生_
916,0,✨怡宝是个憨憨呐~✨,101,3451,195,15,15,5214,0,_
917,0,如此一生。,95,539,31,0,0,0,0,_
918,0,百无一用是:舒生:),1,358,24,0,1,461,0,_
919,0,Sun   Flower♀,46,54,29,9,9,1526,1,减肥 这辈子都不可能减肥的_
920,0,风吹叶落,3,1237,93,0,4,1312,0,_
921,0,傲天,595,1125,974,9,9,913,0,_
922,0,你是我的眼,2318,1166,440,208,213,2488,1,微18209679777_
923,0,文刀,30,199,57,6,6,778,1,娱乐自己_
924,0,生不畏死⇔何以惧之,0,63,8,0,0,950,0,_
925,0,是佳不是嘉🌝,723,203,164,23,25,5572,1,🤭关注哦_
926,0,XYH,0,1774,7,0,0,21295,0,_
927,0,璐璐呀,2,126,10,0,0,0,0,_
928,0,joker是小丑先生,5,68,7,4,17,263,1,小楼一夜听春雨๑乛v乛๑_
929,0,🍡Angel🍡,18,262,11,5,5,4872,0,_
930,0,黑咖啡,18,119,71,0,27,126,0,_
931,0,不忘初心,0,319,5,0,0,92,0,_
932,0,Bella,0,130,16,0,0,787,0,_
933,0,丶IDoser,7,197,59,1,1,1153,0,_
934,0,热爱美食的小吃货。,334,565,43,76,76,0,0,_
935,0,绵绵爸爸,20,107,6,7,7,119,1,记录生活，分享快乐！_
936,0,飞翔的猪,93,391,35,15,20,508,0,_
937,0,童话娱乐空间,5310,185,508,112,114,277,1,K歌、美食、欢唱一站搞定！_
938,0,繁体的張,0,55,33,0,0,85,1,死生契阔，与子成说。执子之手，与子偕老！_
939,0,-。-,42,135,22,14,48,2472,0,_
940,0,李哥,19,47,25,1,2,12584,0,_
941,0,近我者甜,1650,145,232,0,0,0,0,_
942,0,贼辰最爱针针扎,4,60,7,1,1,90,1,一直菜鸡记录慢慢变强的Vloger（偶尔更新沙雕吉他短视频）嘿嘿嘿～_
943,0,你猜,18,407,7,7,7,491,0,_
944,0,太阳神  勉(和平精英),4,34,17,1,1,67,1,玩手机，畅快的玩。_
945,0,悲,0,140,21,0,0,0,0,_
946,0,王君涛 | 围城 跳给你看,803,107,233,31,31,0,1,亲吻河川  春去春又来翻过绿洲  无边且无岸抵住那些不入眼的羡慕嫉妒才能见到所期待的世界和平_
947,0,小猫🐱,76,203,101,18,18,381,0,_
948,0,oo,5,11,8,0,0,10,0,_
949,0,也就那样了726,46,1538,92,3,5,2602,0,_
950,0,王小胖,0,392,3,0,0,66,0,_
951,0,硬汉天下,1,743,172,0,1,455,0,_
952,0,猫小妖🐱,30,2587,55,7,7,0,0,_
953,0,mengying,301,25,49,54,54,768,1,寻觅心灵港湾💗_
954,0,嘉人❤️芦苇,25,860,76,4,8,5722,1,知人知面不知心_
955,0,傲娇你莹,11,1081,17,2,2,1896,0,_
956,0,小航海,11,82,7,4,4,739,0,_
957,0,用户5715409718108,0,13,5,0,0,81,0,_
958,0,头号男友,853,472,168,61,61,0,1,沉睡的狮子苏醒后依然是王_
959,0,蕊蕊,0,194,0,0,0,5270,0,_
960,0,陆俊鹏小哥哥。,1507,63,1324,9,15,1051,1,永远年轻，永远爱笑，永远热泪盈眶，善待他人。🤣🤣🤣_
961,0,牛油果苏打水🥑🥑,0,96,0,0,0,439,0,_
962,0,用户4811891360034,0,37,2,0,0,80,0,_
963,0,米奇女孩❤️❤️,0,2681,144,0,0,19903,1,米奇女孩❤️❤️_
964,0,用户8702189572728,0,578,0,0,0,662,1,我是一地小可爱_
965,0,南颜执糖,346,1113,69,100,100,621,1,无话不谈_
966,0,干,0,519,21,0,0,0,0,_
967,0,张大🦷,0,270,1,0,0,0,0,_
968,0,( ｰ̀εｰ́ ),0,123,3,0,0,621,0,_
969,0,马春梅,0,65,12,0,0,466,0,_
970,0,用户348332157477,0,130,0,0,0,4,0,_
971,0,双耳机,0,21,29,0,0,14,0,_
972,0,不是柠檬，和来心酸,0,104,1,0,0,88,0,_
973,0,-龏靄輗～,25,244,14,5,5,3172,1,我所厌恶的不是爱情，而是那等待，猜测，道歉和伤害，以及那无法兑现的承诺。别总是来日方长，这世上回首之间的都是人走茶凉，他的嘴终会吻上别人的唇，把给过你的没给过你的全给另外一个人。_
974,0,小飞侠（道友）,1,301,15,1,1,1129,0,_
975,0,黑森林の院长,145277,2695,4609,3,4,58135,1,没错，我就是那个老六_
976,0,月光·疾風,14,140,5,10,10,54,1,韩信初学者，正在潜心修炼夺命十三枪ᕙ(•̤᷆ ॒ ູ॒•̤᷇)ᕘ_
977,0,用户795653,0,1053,17,0,0,1690,0,_
978,0,Yolo.,0,305,7,0,0,10558,1,简单干净._
979,0,世俗.,12,252,22,2,2,813,0,_
980,0,Ronaldo隆,41,2371,54,10,10,20575,1,你好，感谢你的关注！_
981,0,LTBye,0,501,10,0,0,950,0,_
982,0,渡,0,12,2,0,0,323,0,_
983,0,人曰曳白,0,216,3,0,0,4269,0,_
984,0,康舒佩尔才的公主的公主,61,614,35,15,15,801,0,_
985,0,MIN_,0,147,35,0,0,1771,1,𝙔𝙤𝙪 𝙖𝙧𝙚 𝙜𝙤𝙤𝙙 𝙚𝙣𝙤𝙪𝙜𝙝_
986,0,带气儿哒芬达🥤,233,523,78,43,43,1850,0,_
987,0,@_@🌸🌼,863,580,331,42,44,1331,0,_
988,0,止安,0,11,12,0,0,0,0,_
989,0,沃利贝尔说电影,0,79,0,0,0,66,0,_
990,0,小羊小奶糕,10,50,3,0,0,0,0,_
991,0,風$,0,353,3,0,0,1012,0,_
992,0,林间初闻其声.,8,580,26,0,16,2784,1,归来仍是少年.嘿嘿～_
993,0,星期天,0,39,13,0,0,0,0,_
994,0,小仙女，思思,88,4006,29,31,31,7581,1,性别:女岁数:10星座:金牛座_
995,0,鹅,583,483,155,0,0,0,0,_
996,0,꧁༺忆༒茗༻꧂,0,71,0,0,0,29,0,_
997,0,陈娇,22,1124,20,3,4,2330,0,_
998,0,RMB,33,134,50,1,2,370,1,one piece_
999,0,❀糖光,0,230,14,0,0,0,1,成为自己的太阳，无需凭借别人的光_
1000,0,Marlboro,28,214,39,0,0,0,0,_
1001,0,就这样吧,204,147,100,28,33,203,1,极乐净土龙茗路弄一弄旅途是_
1002,0,A Better day💫,0,286,8,0,0,0,1,未来美好的岁月里 不辜负也不将就🐾_
1003,0,旧人旧事,10,338,17,0,0,0,0,_
1004,0,吃鸡战队,10,4359,22,3,3,6347,0,_
1005,0,一缕阳光11,0,223,9,0,1,2396,0,_
1006,0,不知小甜甜,748,741,517,27,27,5929,1,最美丽的风景在32楼最顺手的工具是小刀最美味的饮料是农药最真挚的友谊是三人友谊！！！_
1007,0,雪山上的一块冰,11,351,3,31,31,27230,0,_
1008,0,我的闺蜜是个神话,0,876,12,0,0,5087,0,_
1009,0,海清,0,288,60,0,0,30443,0,_
1010,0,深爱不及久伴#,187,713,100,18,19,44374,1,凡事对得起自己的良心就行，有些人以后不用联系就好_
1011,0,小新🍭🍡,0,1147,33,0,1,2119,1,吹灭读书灯，一身都是月。_
1012,0,用户6728226417868,0,2534,2,0,0,713,0,_
1013,0,小俞🐠同志,42,833,33,4,4,1767,1,姓别:女 别名:小俞同志有一个可爱的小妹子_
1014,0,可爱的诺诺🦄🦄,18,428,3,9,9,3918,0,_
1015,0,倾欢梦忧,22,42,30,0,0,0,0,_
1016,0,葵葵喉结超诱惑,2,85,9,1,2,6044,0,_
1017,0,用户8496397609173,0,769,10,0,0,1094,0,_
1018,0,千寻1,122,3500,60,16,16,16693,0,_
1019,0,唐朝,0,485,3,0,0,460,0,_
1020,0,用户342578557174,0,12,0,0,0,6,0,_
1021,0,右手倒影,0,89,3,0,0,1082,0,_
1022,0,💗,38,38,27,9,9,267,1,比心陪玩：95263346_
1023,0,殷玉春,429,1611,285,39,39,2007,0,_
1024,0,春归来,0,1688,14,0,0,155,0,_
1025,0,Mr. 白,653,933,293,6,9,1585,1,喜欢篮球🏀也玩游戏爱交朋友认识一下？_
1026,0,用户3344590865041,0,4994,95,0,0,6561,0,_
1027,0,喜欢奶泡森的ET,2,983,14,0,2,2220,1,超喜欢NINEPERCENT华晨宇吼吼吼～😂😂（💙NINEPERCENT出道两周年快乐！💙）_
1028,0,五五开,0,201,1,0,0,0,0,_
1029,0,褚万丽（专业颈椎调理）,0,294,12,0,0,74,0,_
1030,0,有点甜🍀----💚,20,516,79,6,6,2921,1,无论你在于不在，我会永远爱你！💕_
1031,0,哈哈,1,1767,6,0,0,0,0,_
1032,0,酷仔,201,145,42,54,55,562,0,_
1033,0,心飞扬,0,87,27,0,0,432,0,_
1034,0,泡泡酸果屋°ღ,81,43,25,12,12,2394,1,愿生活，当下如水，未来如诗，当然，始终如你。_
1035,0,博博,13,1167,7,20,21,467,1,我三岁了，可我什么什么都会，都懂，你可不用太好奇哦，关注我就知道啦！哈😊_
1036,0,凤儿511,29,3714,73,5,5,5474,0,_
1037,0,乐乐呐,332,91,63,13,15,0,1,我要去看遍世间万物你来，我们一起走你不来，我自己走_
1038,0,帅,0,626,3,0,0,706,0,_
1039,0,小艺小艺关机,21,911,36,7,7,965,0,_
1040,0,赫柏美学,266,295,134,4,7,368,1,He.Be.美学纯韩式造型皮肤学院_
1041,0,☀熊孩纸👈,0,2415,69,0,0,12,0,_
1042,0,30秒语录的粉丝,0,3303,148,0,0,0,1,狮子能秒杀老虎_
1043,0,小灰灰,0,766,11,0,0,18879,0,_
1044,0,用户3785338177572,0,1092,4,0,0,1623,0,_
1045,0,舞,0,37,167,0,0,28673,0,_
1046,0,Candy✨蓝莓（开学了😭）,39,919,40,11,11,2720,1,迷你号：917984420底线：闺蜜玩樱花 迷你 主更樱花粉丝500粉原声唱歌🎤粉丝1000粉接受粉丝投稿粉丝2000粉拍剧粉丝3000粉露脸已有闺蜜没了 看什么看🌚超级宠粉_
1047,0,何天猫,26,992,34,3,4,13073,0,_
1048,0,crazy波仔仔,0,3364,14,0,0,57890,1,做最靓的仔，青春无极限_
1049,0,༺ۣۖ初ۣۖ༒ۣ夏ۣۖ༻,20,1672,9,9,9,9748,0,_
1050,0,宋先生的梦兮,0,4232,41,0,0,20058,1,扑.倒.宋.先.生.是.此.生.目.标.人.间.理.想.宋.先.生.钏.哥.是.命.吴.亦.凡._
1051,0,海洋,0,160,67,0,1,272,0,_
1052,0,摩羯座女生,491,1914,51,84,90,2319,1,？？？？？？？？？？？？？？？？？？？？？？？？？？？？？？？？？？？？？？？？？？？？？？？？？？？？？🎄🎄🎄🎄🎄🎄🎄🎄🎄🎄🎄🎄🎄🎄🎍🎆🎆🎆🎆🎆🎆🎆🎆🎆🎆🎃🎃🎃🎃🎃🎃🎃🎉🎉🎉🎃🎉🎃🎃🎉🎃🎉🎃🎉🎃🎉🎃🎉🎃🎉🎃🎉🎃🎉🎃🎉🎃🎉🎃🎉🎃🎉🎎🎎🎎🎎🎎🎎👑👑👑👑👑👑👑👑👑👑👑🎓🎓🎓🎓🎓🎓🎓🎓🎓🎄🎄🎄🎄🎄🎃?_
1053,0,旁观喵,8,62,4,1,1,2040,0,_
1054,0,一只红色的青蛙☀,18,895,26,13,26,2552,1,跟我一起传播正能量吧，啊哈哈_
1055,0,重装上阵玩家,0,555,2,0,0,760,0,_
1056,0,非鱼.c,0,1747,12,0,0,0,0,_
1057,0,巴黎左岸,485,443,110,114,115,4541,1,我是努力的小瞳宝，开心，健康的长大。_
1058,0,廾匚,0,202,71,0,0,49215,1,我只想做一个快乐的垃圾 然后...好好活着  不安慰 往死哭_
1059,0,吃鸡都是,49,5000,25,11,11,6428,0,_
1060,0,爱你哟,17,585,8,0,0,0,0,_
1061,0,用户276328,197,1039,49,21,21,921,0,_
1062,0,爱你的我,58,1077,96,3,3,704,1,我喜欢跳舞、唱歌、拍照、我喜欢吃芒果、草莓、我今年12岁了！我有2个闺蜜马英英、马雪琴、我会永远爱你们的！_
1063,0,谁的声音,6,20,4,1,1,22,0,_
1064,0,来了老弟,204,972,116,0,0,0,0,_
1065,0,姿绽廷美（宁夏）美容护肤有限公司,3996,1457,642,338,338,6863,0,_
1066,0,cy 0328,0,40,20,0,0,1848,1,小机灵鬼💗_
1067,0,哥伦比亚的倒影🐨（开学暂退）,541,431,32,0,0,0,0,_
1068,0,scp180,18,2396,28,33,35,0,0,_
1069,0,浪鱼阿三,2,148,21,1,1,87,1,永远向着远方独行的浪子_
1070,0,奔驰的五花肉,0,2492,0,0,0,0,0,_
1071,0,石雅轩,7,1528,13,6,8,6260,0,_
1072,0,暖+,9,500,204,3,3,522,1,成长是超越昨天的自己_
1073,0,走遍天下游戏小说为侣,30,4999,69,12,12,22622,0,_
1074,0,地狱的魔鬼,0,3334,68,0,0,1313,0,_
1075,0,用户5982477003951,0,15,0,0,0,150,0,_
1076,0,用户5232791453399,0,450,1,0,0,2063,0,_
1077,0,我是个der,0,313,3,0,1,1560,1,不畏将来，不念过往，秉持心气，何惧远方_
1078,0,阳光佳欣,19,1352,14,6,6,729,1,余生过好每一天_
1079,0,妳的环宝儿☞M,120,819,42,44,46,2127,1,赚钱之道很多，但是找不到赚钱的种子，便成不了事业家😏😏😏_
1080,0,岁月安然,323,350,191,9,10,4647,1,愿你有人暖心，有衣暖身！_
1081,0,肖兔兔,1323,5000,399,150,151,16182,0,_
1082,0,千玺他婆娘,114,344,43,23,23,33484,1,灼灼红海三千里，不负韶华不负玺vx：yxy021106🐧：1979195426_
1083,0,双鱼座贝贝,0,352,2,1,1,1626,0,_
1084,0,王可可❤️,8,192,36,1,1,264,0,_
1085,0,渣,0,195,32,0,0,867,1,你。对你！滚！！！！_
1086,0,狗子,2,550,7,0,0,0,0,_
1087,0,小黄黄,102173,98,13384,33,46,0,1,小小休息下网易☁️电台：小黄黄的朋友圈围脖：吃掉小黄_
1088,0,♚雪团,0,235,17,0,0,1876,0,_
1089,0,弄,191,1548,85,19,19,18395,0,_
1090,0,凨,1815,241,159,72,72,10029,1,90后宝妈一枚_
1091,0,༄超ོྂཾ࿆༊࿆神࿆ྂ࿐,64,1797,24,0,0,0,0,_
1092,0,球高,331,2293,38,101,102,0,1,我是球高，一个能给大家带来欢笑的小孩!_
1093,0,西瓜,15,203,18,1,4,112,0,_
1094,0,裤兜揣着棒棒糖,5,188,4,0,0,684,0,_
1095,0,启聪不吃香菜😂,123,139,53,2,2,0,1,让自己变得更优秀          这样才能遇到优秀的人🤔(双鱼)_
1096,0,Allure.♚,0,70,3,0,0,427,0,_
1097,0,HELLO,0,1330,11,0,0,966,0,_
1098,0,开心宝贝,6,202,4,1,1,613,0,_
1099,0,1038259749,2,3157,19,1,1,0,0,_
1100,0,臭猪猪田鹏远,16,45,21,1,1,11,1,臭猪猪🐷_
1101,0,つ微凉徒眸意浅挚半,0,266,7,1,1,4690,0,_
1102,0,bady～布丁,44,164,19,28,28,117,0,_
1103,0,豆干一哥,60,16,22,3,3,565,1,一枚80后重庆做豆干的大叔分享豆制品制作工艺，传递快乐记录美好生活，传播正能量感谢抖音平台，给我机会认识最好的你们。                                                                                        希望与你一起探索人生百态_
1104,0,沙雕一个,4,1935,17,3,3,3179,0,_
1105,0,芽家和凌家德云社学姐(渣女),268,3270,734,0,0,0,0,_
1106,0,悠扬,8,1081,7,20,21,0,0,_
1107,0,谁伴我闯荡（芽家）,614,840,115,34,34,2476,1,终是一坛天子笑，此生不悔入魔道！你赞我一个作品，我回你三个赞。你关注了我，我会让你以最短的时间内看到我最快的关注。女闺蜜:@画舫姻中浅cp:@我伴你闯荡粉丝5000露脸粉丝1万的时候唱歌不要一次性赞我所有作品，否则拉黑。笑对人生_
1108,0,Mrs-婀晟。,15,190,40,2,2,0,0,_
1109,0,🐷,0,2098,19,0,0,15965,1,🤪肖烟四起，为战而来🤨_
1110,0,用户5723136340849,8,29,12,1,1,101,0,_
1111,0,天天啊,8,12,50,0,0,1283,0,_
1112,0,星空兔儿😘,610,217,111,64,65,0,1,姓名:最后一个字:萱年龄:11年级:五粉丝:105好友:0作品:49赞:419星座:双鱼座生肖:牛养过的动物:柯基我们做朋友吗，我宠你吖🥰_
1113,0,我在,8,18,11,0,0,240,1,不曾与你分享的时间，我在进步。_
1114,0,初梦-,67,826,101,3,3,12481,1,视频有些不是很优秀，希望不要喷我，谢谢50粉露锁骨哈哈哈150粉露腹肌(虽然现在没有但我会加油练的)200粉听真声(很好听的)_
1115,0,啥也没有的偷偷是只喵,19,131,4,10,11,647,1,视频的小猫猫叫刘点偷_
1116,0,黄俊祥,57034,302,5984,0,0,0,0,_
1117,0,马哥,0,3080,90,0,0,4353,0,_
1118,0,神明的少女啦啦,0,20,1,0,0,25,0,_
1119,0,。。。。。😉,0,98,7,0,0,902,0,_
1120,0,🍂,0,38,1,0,0,0,0,_
1121,0,慎独铁律,0,109,5,0,0,16,0,_
1122,0,男神    精病,0,246,41,0,0,363,0,_
1123,0,用户5365036129552,88,37,13,20,20,144,0,_
1124,0,苦果,0,3,0,0,0,0,0,_
1125,0,MC-鐊,25,43,48,3,3,243,1,Party MC一枚现驻场银川ALIEN·C_
1126,0,用户7033779398273,0,243,1,0,0,268,0,_
1127,0,D大喜,370,84,592,7,7,3622,1,卫🧡DAXI_222_
1128,0,星空Hope,0,269,7,0,0,53,0,_
1129,0,嗨皮，嗨皮@,63,272,56,12,12,228,1,最嗨皮的水上娱乐项目！最大的室内戏水乐园，5月30日钜惠开园，更多信息加微ax710746636_
1130,0,小太岁,19,56,26,1,25,17,0,_
1131,0,幸福有礼,25,543,213,3,5,1729,1,能够为您推荐一份好礼物，让我倍感幸福！_
1132,0,蓝荷,713,1195,150,34,34,4338,0,_
1133,0,用户9090225390838,0,444,15,0,0,151,0,_
1134,0,用户1911309004139,47,151,53,2,2,407,0,_
1135,0,开坦克的喵貮爺,0,85,19,0,0,175,1,愿得一人心，免得老相亲。_
1136,0,散场的拥抱,55,237,71,9,14,324,0,_
1137,0,小可爱的小乖乖,167,155,62,15,20,384,0,_
1138,0,丿丶龍,2,25,9,1,1,130,0,_
1139,0,花影,343,552,80,29,156,3295,0,_
1140,0,DAMN.,56,46,36,0,0,0,0,_
1141,0,用户3483900538701,3,33,2,1,1,24,0,_
1142,0,小风,15,168,91,3,3,147,0,_
1143,0,慯馨_,59,221,37,1,1,72,0,_
1144,0,雨夜,307,109,208,6,6,354,0,_
1145,0,无尽战刃,48,18,13,0,17,305,0,_
1146,0,风～钓鱼,0,30,12,0,0,42,0,_
1147,0,一只【囍囍】,256,106,97,36,36,0,1,我的签名写在你心里，你愿意吗？你愿意让我走进你的世界吗？_
1148,0,用户9327732135977,3,15,1,1,1,97,0,_
1149,0,呵呵哒,0,596,25,0,0,0,0,_
1150,0,爷骨子里里的霸气,113,121,58,9,9,329,1,一笑而过_
1151,0,豆豆正能量情感语录,129,139,168,26,234,5,1,小人物鞠躬精粹，大人物豁然开朗_
1152,0,兮夏,1,1605,18,0,0,7341,0,_
1153,0,用户9984229123172,0,174,34,0,0,7280,0,_
1154,0,啷个哩个啷,160,263,61,19,21,933,1,哥们二十多年的经验告诉我，永远不要先入为主的去看事情，干就行了！_
1155,0,空白世界,174,97,79,5,7,1136,0,_
1156,0,用户55551310555,0,102,2,0,0,5,0,_
1157,0,小铃铛,0,804,5,0,0,511,0,_
1158,0,用户1670420986531,0,44,2,0,0,0,0,_
1159,0,张艳,1673,2422,2278,9,9,0,1,经营清洁用品水磨石抛光材料设备万和电气武陵山9栋1005-1006_
1160,0,鑫光灿烂,24,20,39,1,1,10,0,_
1161,0,山西燕姑食品,585,3626,1498,24,24,1930,1,有一种服务叫“回头客”有一种信誉叫“朋友介绍”有一种信任叫“我就找你”品放心食品，享健康生活手牵手打好食品质量关，心连心守好食品安全门！_
1162,0,野蛮是酷！,0,1477,63,0,0,2231,1,和所谓的人相处久了、我更喜欢狗！🐶🐶🐶_
1163,0,用户2950973579166,0,356,38,0,0,3369,0,_
1164,0,夜夜夜夜好想你,27,216,34,1,1,770,0,_
1165,0,娜,66,200,43,9,14,382,0,_
1166,0,期待美好🌻🌻🌻,18,951,62,1,3,5561,0,_
1167,0,QQ,0,20,16,0,0,7,0,_
1168,0,吉大大叫花鸡(昆山店),6,14,8,1,1,116,0,_
1169,0,锅盔！,0,112,8,0,0,146,0,_
1170,0,AA+人财,0,18,0,0,0,7,0,_
1171,0,华哥私房菜,240,837,127,8,8,6003,0,_
1172,0,Sweety 小任性,471,143,130,29,29,604,1,…………_
1173,0,灿烂的阳光颖火虫,0,291,12,0,0,614,1,永爱赵丽颖_
1174,0,嘘嘘快跑,9,77,33,3,3,121,0,_
1175,0,小宝,0,8,3,0,0,46,0,_
1176,0,飞车青风,17,545,8,3,3,4121,0,_
1177,0,用户2353146390949,15,16,8,4,4,16,0,_
1178,0,信仰,7,159,5,1,2,234,0,_
1179,0,爱吃柚子de哞哞,152,612,49,0,10,5098,1,中国矿业大学银川学院_
1180,0,用户9349075442173,0,47,8,0,0,174,0,_
1181,0,xxxyouluv,0,1,0,0,0,7,0,_
1182,0,用户7558897774968,0,259,3,0,0,0,0,_
1183,0,线上网友小张,34,188,21,2,2,0,1,❤️愿未来的我们，依旧有很多真诚。        平安喜乐，静度一生。_
1184,0,lemon🍀,1460,415,213,85,93,2981,1,不懂时沉默，会显得比较聪明_
1185,0,. 思绪凌乱丶,7,200,19,1,2,0,0,_
1186,0,墨染凉城,0,135,42,0,0,29,1,所幸南风知我意，吹梦渡我到西洲_
1187,0,YYM-,0,39,7,0,0,90,0,_
1188,0,🍥🍬糖🐾豆🍬🍥,34,172,7,3,39,857,0,_
1189,0,飞翔阳光,0,38,12,0,3,41,0,_
1190,0,国潮,0,155,0,0,0,22,0,_
1191,0,用户3658632977683,20,107,36,2,2,9,1,王山_
1192,0,逸倾城,176,233,120,13,13,311,0,_
1193,0,Y🍅,1,90,13,0,0,0,0,_
1194,0,婷婷与猫猫,329,55,58,59,59,676,0,_
1195,0,南笙月 ,0,580,3,0,0,2306,0,_
1196,0,手机用户61975737398,0,74,1,0,0,1402,0,_
1197,0,丹妮,274,243,71,30,33,926,0,_
1198,0,🌙,13,2468,20,3,3,38241,1,。。。。。_
1199,0,小兔子,15,4998,39,7,8,6825,0,_
1200,0,小斌哥,696,388,219,21,21,725,0,_
1201,0,　　　 　　　　,47,100,154,5,9,18024,1,😁_
1202,0,明天会更好,2,102,19,0,26,325,0,_
1203,0,乐观的冉冉,0,3138,15,0,0,20819,1,你好_
1204,0,满天星,320,60,43,90,95,596,1,人是会变得，但绝不会变回从前。成长或许就是这个世界什么都有，就是没有如果。_
1205,0,乖猫,2510,351,334,131,132,1492,1,删除你的瞬间，再也没有联系你的理由_
1206,0,紫音,0,282,15,0,0,0,0,_
1207,0,敬往事一杯酒,126,511,64,5,5,0,1,余生没有那么长，请忠于自己，活的像最初的自己_
1208,0,杜灏,0,1227,9,0,0,7096,0,_
1209,0,旧事修心,509,31,36,3,3,243,1,抖音记录美好生活，奈斯😚_
1210,0,辰星,0,4676,46,0,0,21285,0,_
1211,0,收藏狂人,0,1199,6,0,0,135,0,_
1212,0,hi( ˃̶̤́ ꒳ ˂̶̤̀ ),0,1144,3,0,0,93,0,_
1213,0,Jenny  珍宝宝,1164,737,147,180,184,12405,1,我的青春我做主_
1214,0,厨师艺术团,570,1996,340,85,85,10478,1,厨师艺术团_
1215,0,用户9419183147437,1,8,1,3,3,1,0,_
1216,0,随风的末影君,0,309,4,0,0,52,0,_
1217,0,慧贤皇贵妃,238,478,34,14,14,0,1,微信号:a1199a99_
1218,0,慕容云海,1,3566,19,4,4,7233,0,_
1219,0, 蓉儿 ,2202,4509,271,107,177,11191,0,_
1220,0,主宰且太傅x,0,510,5,0,0,3161,0,_
1221,0,若柠🦄️,293,2449,41,126,126,25143,1,我不是个牛仔。 塞班，你在哪？也不是个宝贝。foreign singer you were，只要好好学习，Wo you can't read them，就会天天向上。😊😍😘❤💜💛💚💙。爱你哟，么么哒！❤❤❤💜💜💜_
1222,0,龙飞宇,0,3137,17,0,0,7820,0,_
1223,0,Aい╃→mazing 梦幻,166,1624,170,7,7,20524,0,_
1224,0,别忘了最初的自己,0,579,62,0,0,0,0,_
1225,0,仅绎知夏,497,679,199,45,45,8077,1,唯有小锦深入我心❤_
1226,0,🏀马旭升🏀,1501,457,148,50,51,806,1,青春不散场_
1227,0,祁乐甜,0,1462,14,0,0,26657,1,EXO-L_
1228,0,花卷🌀姑娘,2654,160,818,14,15,279,1,感谢关注❤️_
1229,0,用户4248696032081,0,385,0,0,0,3139,0,_
1230,0,音乐家,9,170,3,7,8,3951,0,_
1231,0,用户7605367147029,0,455,1,0,0,1005,0,_
1232,0,用户1919024737256,0,322,7,0,0,2159,0,_
1233,0,腊梅朵朵开,284,717,280,32,32,1849,1,腊梅，爱好走秀，跳舞_
1234,0,\^O^/,4,1139,6,2,2,6633,0,_
1235,0,你家小仙女💞,2593,11,149,188,188,0,1,每天晚九点直播 ～我们一起来聊天～会绘画，会美工，会弹钢琴，会跳舞……喜欢我的请留下足迹🐾 点个关注吧！爱你们呦❤不回私信～粉丝一千直播跳舞💃哦！_
1236,0,123～,0,1038,2,0,0,1499,1,当你决定做一件事的时候，所有人都会为你让路。_
1237,0,格格巫,2,373,8,5,5,4316,0,_
1238,0,黑屏小妹妹,83,1358,25,22,22,37515,0,_
1239,0,恋心儿,0,172,1,0,0,425,0,_
1240,0,user3755625422271,484,770,109,49,50,0,1,三水木同_
1241,0,晚安,0,62,56,0,0,49712,1,4.22💙_
1242,0,cct神仙姐姐,42,6,17,0,0,1354,1,热爱生活_
1243,0,半离歌,1,2123,16,0,0,2989,0,_
1244,0,用户6781421802743,0,684,2,0,0,1001,0,_
1245,0,ボクらの冒,0,257,1,0,0,245,0,_
1246,0,可爱的女孩。,7,911,7,10,10,4134,0,_
1247,0,普罗右转,15,3271,27,30,30,2315,1,后来日记撕了，酒杯也砸了，没有完的故事也算了_
1248,0,小雏菊.雪🌼,42,3677,15,16,16,3815,1,姐姐：幽梦.精神老初哦吼吼吼吼吼吼吼吼吼吼吼吼吼吼吼吼吼吼吼吼吼吼吼吼吼吼吼吼吼吼吼吼吼吼吼吼吼吼吼吼吼吼吼吼吼吼吼吼_
1249,0,✿陪ོོོൢღ衬ོོོൢ,0,432,16,0,0,7762,0,_
1250,0,太阳copy计划,57,347,31,7,9,3081,1,生活本就是一部电影，只看你我如何演绎！_
1251,0,修飞机的小黑,0,173,3,0,0,676,0,_
1252,0,初见,0,124,11,0,0,1225,1,满地都是六便士，他却抬头看见了月亮_
1253,0,胎胎不知道,18,1816,90,1,1,3280,0,_
1254,0,银川依依 💕,0,450,1,0,0,2722,0,_
1255,0,韓十一,46,4998,52,5,5,0,1,💜星座，天蝎❤💖喜欢的爱豆，黄毅，黄旭熙❤💛生日，11月13日，2007年❤💚有没有同年同月同日生滴❤💙记得私信我噢~❤🖤喜欢我，就做我粉丝叭~❤_
1256,0,果然,797,295,73,0,0,0,0,_
1257,0,諳,0,138,41,0,0,814,0,_
1258,0,牧童❤和平精英小弟,115,1628,43,13,13,0,1,牧童他小弟_
1259,0,阿树粉,0,948,112,0,0,15106,1,请大家多多指教_
1260,0,我的世界303,3,320,0,4,4,1308,0,_
1261,0,昇昇,45,1065,99,12,13,6013,0,_
1262,0,叶子,36,39,24,12,12,373,0,_
1263,0,周末,6,1,0,0,0,0,0,_
1264,0,dhsnd,0,12,0,0,0,211,0,_
1265,0,泰康宝贝,1003,1667,503,112,132,558,1,个人简单粗暴_
1266,0,魏梦茹,111,21,178,5,5,9,1,今天工作不努力，明天努力找工作_
1267,0,敢敢喜欢憨憨,6,68,2,2,2,122,1,世界那么大遇见你，真好_
1268,0,铛铛,0,882,26,1,1,565,0,_
1269,0,七八月半,226,48,39,22,23,5110,1,Tu vas rester avec moi？_
1270,0,鹤扰,0,243,4,0,0,1279,0,_
1271,0,用户2668164865066,11,4944,127,0,1,19781,0,_
1272,0,用户879788,4,363,10,0,5,0,0,_
1273,0,入骨相思,485,1012,32,98,100,0,0,_
1274,0,美颜小公主。,353,760,29,102,102,2967,0,_
1275,0,社会七哥,16,1670,11,8,8,4740,0,_
1276,0,🍬🍬迷你世界❤️❤️  涵涵🍡🍡,0,3982,99,0,1,8887,1,成熟的打扮是你幼小时的期盼，幼小的打扮是你年老的怀念。_
1277,0,D,0,54,0,0,0,130,0,_
1278,0,蜘蛛侠,0,102,4,0,0,1300,1,加油，努力！每天拍抖音。_
1279,0,哔哩吧啦布鲁,0,409,78,0,0,20422,0,_
1280,0,远爷,398,4733,64,54,54,7438,1,"你信不信我一巴掌把你拍墙上,抠都抠不下来!_"
1281,0,sunlight,81,1055,46,1,8,0,0,_
1282,0,我的世界（小风）,1,54,2,1,1,106,0,_
1283,0,赵博远,0,408,2,0,0,600,0,_
1284,0,下海第七年,19,723,12,1,1,0,0,_
1285,0,💋,42,657,19,1,2,40652,0,_
1286,0,紫月,65,87,26,2,2,22076,0,_
1287,0,薄荷味的夏天,0,948,9,0,0,3508,0,_
1288,0,干啥玩意,0,76,2,0,1,259,0,_
1289,0,用户3195485528170,62,4660,60,15,15,9602,0,_
1290,0,晚安，幸福,0,92,0,0,0,156,0,_
1291,0,漂泊,906,2289,102,62,63,11743,0,_
1292,0,牛八爷,0,109,13,0,0,146,0,_
1293,0,🧚🏻‍♀️染月眼里有陌染୧⍤⃝🍓,18,2938,75,2,2,0,1,🌸染❄️哈喽艾瑞巴蒂介里染月🍡🌸月❄️大概隔一天发视频不要催呀🍰🌸爱❄️房间密码一般都是713噢✨🌸你❄️嘿嘿，我是中立不要喷我呐🐰🌸们❄️粉丝名:月宝🍉🌸爱❄️底线:陌染🎉勿动.不然diss🌸闺❄️处关系吖，不处闺蜜 不处cp🎈🌸蜜❄️迷你号:7⃣️7⃣️5⃣️7⃣️2⃣️0⃣️9⃣️1⃣️0⃣️✨会更新闺蜜生存噢和跑酷✨🌈农夫山泉有点甜不爱染月有点悬🍡🍬模仿视频要艾特吖～不然全网diss🍫_
1294,0,fly fly fly,0,966,34,0,0,71730,1,不想输_
1295,0,小孩,0,2715,10,0,0,2666,0,_
1296,0,一般酷,214,198,89,6,11,1820,1,"要及时清醒,也要事事如意🌙_"
1297,0,公牛,0,697,58,0,0,2946,0,_
1298,0,大奕.,8,686,9,1,6,11161,1,马行千里不洗泥沙._
1299,0,&,0,65,3,0,0,221,0,_
1300,0,名花有主💖💖,24,869,7,0,0,0,0,_
1301,0,用户2062421967119,0,18,2,0,0,258,0,_
1302,0,用户8979837177468,0,6,0,0,0,0,0,_
1303,0,米莱笛,0,42,0,0,0,392,0,_
1304,0,桃桃’爱吃‘水蜜桃🍑,133,1892,37,0,0,0,0,_
1305,0,二月,0,38,1,0,0,412,0,_
1306,0,小玉🐇1314🤪,124,3193,256,0,0,0,0,_
1307,0,婧婧会很乖❤,214,1539,39,0,0,0,0,_
1308,0,天天扣小掰儿,0,53,2,0,0,8151,0,_
1309,0,盐已律己✨,13,520,8,5,5,2482,1,✨_这里是我的主页✨❤✨_切记我是男的✨❤✨_我的要求不多✨❤✨_只要一个关注✨❤✨_不阔以话✨❤✨_留下双击也可以✨❤✨_好了，就这样✨❤✨_再见！✨❤✨_么么哒！✨❤_
1310,0,见现,3,85,1,2,2,823,0,_
1311,0,麦子,32,1942,54,2,8,15509,0,_
1312,0,施先生,0,28,15,0,0,327,0,_
1313,0,无名小姐,0,446,3,0,0,487,0,_
1314,0,德云社形象代言人,0,223,0,0,0,1331,1,单身贵族_
1315,0,魔鬼的泪あ,289,662,206,6,11,96919,0,_
1316,0,星星@✘,0,941,8,0,0,2249,0,_
1317,0,阳光杨国宪,0,971,15,0,0,1603,0,_
1318,0,sulnny,103,682,54,8,11,100599,1,爱你只会让我更痛苦😖_
1319,0,周霞,59,1161,21,19,19,4175,0,_
1320,0,单曲循环,33,2173,53,2,2,3098,0,_
1321,0,慕寒,2,290,28,1,1,676,0,_
1322,0,雷哥,32,1036,34,15,15,79,1,人不好，嘴不甜，长得寒蝉，还没钱_
1323,0,ৡৢﺴﻬ野心‼️ﺴﻬৡৢ,0,1517,9,0,0,9777,1,ৡৢﺴﻬ野心‼️ﺴﻬৡৢ_
1324,0,小台小台怡怡,11,157,10,4,10,606,1,每天都是认真生活，热爱生活的怡怡子呀～迪士尼在逃公主👸_
1325,0,钛及钛合金材料航空航天,128,3149,1298,9,10,118,1,"TA,TB,TC系列钛及钛合金铸锭、棒材和锻件、丝材、板材、无缝管材和其它形状的异形件，铌钛超导产品，涉及石油化工，航空航天，核电，医疗器械，国有军工企业，质量保障17795278802(微信同号)_"
1326,0,星河幻想.,0,579,4,0,0,908,0,_
1327,0,炎死神,17,2038,15,5,6,12047,1,QQ:3616688268VX:13895673543_
1328,0,鹿儿,4,86,9,1,1,0,0,_
1329,0,☀,0,138,9,0,0,7399,0,_
1330,0,℡      深夜酒肆,0,16,4,0,1,11,0,_
1331,0,浮殤.✨✨,181,1014,76,5,5,13992,0,_
1332,0,虚构,4,661,19,1,1,8494,1,你主动我们就会有故事_
1333,0,浮木,477,237,94,42,46,7738,1,爱过  恨过  悔过  人生才精彩_
1334,0,然然保护周周鸭💜,248,180,30,9,10,3296,0,_
1335,0,YangMMM...,0,63,5,0,0,284,0,_
1336,0,✔,26,1024,16,11,11,1379,1,无聊唱歌的汉三_
1337,0,微笑的天使用户4593738077319,186,196,40,34,34,451,0,_
1338,0,用户5339794510284,0,5,0,0,0,0,0,_
1339,0,余生&敬安凉℡,39,267,35,2,2,2586,1,你的人生不是用来讨好别人也不需要任何人的约束QQ:1353048051_
1340,0,用户650370762672,0,186,3,0,0,534,0,_
1341,0,顾七辞,0,1757,36,0,0,1941,0,_
1342,0,任任任18330080724,46,221,39,7,9,1637,0,_
1343,0,冰糖葫芦儿,197,868,87,0,0,0,0,_
1344,0,某某,0,2386,20,0,0,10094,1,世界那么大，唯有美食不可辜负_
1345,0,星,0,422,9,0,0,4280,0,_
1346,0,墨然,102,993,76,14,14,5232,1,无论生活中，你在别人的眼中有多少版本，那不重要，只要你开心，过好当下，做最好的自己_
1347,0,禹欣彤,0,222,0,0,0,276,0,_
1348,0,用户5986112524530,0,2692,14,0,0,2033,0,_
1349,0,春夏秋冬皆与你,258,466,66,63,63,4856,1,山河岁月，我终将等你_
1350,0,永宁小杨,0,16,2,0,0,9,0,_
1351,0,用户4806658651411,0,59,0,0,0,183,0,_
1352,0,草莓泡芙卷🍓,176,705,22,77,77,977,0,_
1353,0,辉,0,136,13,0,0,18,0,_
1354,0,A-颖_🎀,29,648,35,0,0,19482,1,👌_
1355,0,我的晚安她再也听不到了,18,2845,41,0,0,0,0,_
1356,0,和平精英蓝晶（蓝晶工作室）,2806,3062,580,82,90,14140,1,一起玩游戏私聊我火影忍者也玩QQ：274281422跟着蓝晶混，天天挨毒打🌚谢谢兄弟们关注反对游戏下架蓝晶工作室算是祖安人😂反芽家里的坏芽！_
1357,0,米先森,21,246,12,5,5,16537,0,_
1358,0,我是一只小猪猪,8,331,2,5,5,0,0,_
1359,0,手机用户4636670310,0,64,23,0,0,244,0,_
1360,0,9420,0,186,40,0,0,24568,0,_
1361,0,我爱颖宝,34,1295,19,1,1,12692,0,_
1362,0,呵呵,0,309,11,0,0,5821,0,_
1363,0,铁皮大大,121,212,41,9,17,2398,0,_
1364,0,幸福的小肥羊 ,0,870,116,0,0,1342,0,_
1365,0,用户7167085465,0,57,0,0,0,18,0,_
1366,0,晓瑞,0,67,1,1,1,66,1,短视频分享，干货分享影视剪辑，分享好内容感谢抖音平台！！！_
1367,0,轮回,34,152,97,7,7,209,1,没个性  不签名_
1368,0,冷颜℡,75,94,38,9,9,666,1,路痴不要紧，只记得在原地等我就好_
1369,0,145236,0,134,1,0,0,161,0,_
1370,0,吧唧一口哼,0,187,12,0,0,0,0,_
1371,0,Untouchable,0,128,11,0,0,0,0,_
1372,0,金掌中,390,2409,992,45,45,850,0,_
1373,0,傲慢的男神,0,371,4,0,0,6194,0,_
1374,0,MYF,267,1190,77,80,83,1879,0,_
1375,0,丫丫小心肝儿👅 ｡•,727,119,91,84,99,0,1,懒得说_
1376,0,黑唤舞,0,510,11,0,0,2717,0,_
1377,0,请叫我爸爸，,33,652,69,7,7,38480,1,我曾经跟一个人无数次擦肩而过，衣服都擦破了，也没擦出火花_
1378,0,柠檬(*˘︶˘*),0,106,0,0,0,172,0,_
1379,0,怡怡公主殿下・ࡇ・,53,31,10,8,8,671,1,结婚了 带两娃_
